objects
685.1464339067024 218.57641084894158
200.01421265160477 327.65202546737373
348.0944439413283 969.2175042773331
696.7530560840518 475.7141903759392
143.65678438196977 794.3728483650652
36.383726290268825 803.337740599988
202.42919722022802 795.6055902074136
533.9260978588205 610.0399152332716
265.52902978020353 916.7291600712501
914.160896795512 391.94886302047144
97.2371049889096 283.6475820714797
921.1427555386502 279.7991187653808
141.63064789333052 687.7220019069046
707.8392874037461 77.25051082789035
877.6817073189538 587.9882750111683
750.6208744080641 386.72003382635444
193.06038192269384 622.1599825144441
370.1171258671604 92.18794928854896
255.8804992301883 856.3715834238934
409.9021122057668 165.33886834843494
425.9683269059734 615.6789423326588
680.8361514268224 852.0774060453932
97.55647096328752 547.9144793658244
810.7012315806644 754.295254793851
260.28718769781096 416.61763628474023
769.8896680017551 462.33482142283066
404.5342799897249 435.66141377895974
554.8112770687005 687.5466834520857
156.0900741569626 439.1423322839808
526.9115020708097 876.1345257698486
339.2078339192307 878.7659614790621
798.8622757825011 115.28388841434804
144.6505331430639 101.24935571806614
621.5683056816415 623.3065832681488
358.12013776099803 732.0848028353112
35.01392998538996 313.8392007688544
852.2386202189837 656.7502774374426
947.3156272042054 136.81116867732246
505.59776432520124 371.993322956073
755.8350548056076 913.2956930595182
706.738455864082 337.81344996066446
440.8751115698121 793.2699522843328
368.8188816215587 341.58263186437506
539.9271879842369 220.0831948025496
843.9588316344119 830.1539883504805
211.5049854433146 245.7667880954632
512.6407812578307 153.82635642518238
311.36394753426583 298.9350132868087
940.6577306481421 827.7054657028691
763.4859783000708 613.8766189077339
597.0343369927072 247.11733807913822
825.855743484448 51.16616724341712
493.7582176020038 286.5018953491304
849.5155141364236 370.9933714161007
583.9544869645197 125.4359246572889
874.1205654151922 107.76882032246581
671.6022121756832 710.1110815376236
324.2652737568481 573.3910418494896
305.20731638624176 650.1748764094567
481.0585069722843 444.4509435344243
786.0679389973075 291.1838733082122
292.4095640617909 106.1535949009616
967.7974298679712 368.22427425970074
844.8643203392963 906.6677037633003
31.644437131415355 420.9671189232019
235.41746766957337 96.03657777691123
120.71111542378077 955.5382118340492
245.32426625420544 567.8545911641152
29.726690250344404 160.50632941931906
950.8208194078043 460.4120294512102
795.5455897137653 523.8666936105127
764.8329997277759 62.77029568019065
502.3354415648292 559.9108144432934
856.3486825605555 207.50206023590627
761.4904163452444 207.1267796591946
597.7690518384989 357.92439256330505
77.16956373779874 740.9899719434593
885.816500394801 484.21214474810205
881.272541148728 716.9783733820465
614.2655045572446 915.6230790518977
223.60139408126525 961.4790367112112
91.93062384572829 481.43582744212
967.8236327331377 708.6123355463451
428.7072395630765 244.77074444613086
502.08605229911194 782.6526644414062
188.41876888854833 509.21696286533944
272.9257048695107 39.82080154040627
338.1677138068355 205.793402493015
610.3003375918712 725.7691024789937
373.9550531509242 494.9126911291961
422.93375768738065 535.9110616705256
946.9974422888058 224.2920097593817
183.0100231720676 729.3710887895348
420.4213643808403 723.600834477539
36.636102453473576 691.9563611411213
958.3206401013668 78.89282991470654
621.2088757678787 523.3882526167024
105.0415181151885 210.03968424392838
107.16226288863331 151.2171346568742
90.93711068692762 344.86626678857084
616.3851507716605 455.71512259350834
586.9526589429003 806.1940794598404
527.4383318474548 86.86070541262643
233.99208645455275 167.53269088568783
151.18946681557426 378.989742908946
782.8083212457041 831.2268253359035
78.90143619200097 650.0222935180537
569.8293830359734 410.65717077172803
857.1063219079801 282.94541387661127
205.32729150541005 896.0065250883489
