objects
170.91570886635125 33.61419999612325
298.8641921835444 68.60101700407405
811.323654578201 733.3510871594968
344.4012839198948 934.2214981310868
471.848590086012 267.860129743576
334.46892376709235 195.1589391038794
821.1840052547909 959.3535899865226
178.09055103157976 94.3510179510055
98.69897999855257 960.6895128920611
463.1972266898441 592.1230869029749
578.742472278815 187.23489590898103
345.72784930624243 357.77843129656486
751.7415429599981 811.8279946736957
668.1032950329515 791.3643979360153
797.0921754057464 234.146130520039
634.7319293097712 96.6448048400689
341.1570973882199 569.6807342617867
247.2900271648921 712.4884985697937
45.41375986732024 287.10494363416666
924.3948310488468 228.00537651538417
698.7595830730521 459.90893255085626
418.2002275971718 357.2423874959925
627.0288993754689 645.6162766908822
551.7000108770163 624.8091711157542
732.4801372984432 891.582167336724
435.29953886137577 418.43542492773054
682.4449668569443 48.99783979718657
877.8842233778224 90.72428453923985
636.1962143206397 492.53760117802096
528.0053381913441 429.00724849365963
57.789778993069206 52.287343400151926
884.056061037905 504.72372904859276
163.51898278609644 366.3357095264022
104.04413087495541 765.3649147490485
607.5606919010061 822.4840236777393
71.52842029842816 677.2763365329706
470.9569506679343 480.1883556266948
688.5691556564637 558.8168133189337
731.7913683158656 110.18622623392173
637.1248762187852 314.69365484144805
281.733458349257 486.4200574115252
686.2586551205642 689.710201964872
493.7520056548939 874.9768929779884
631.046220338384 718.4526689411322
866.2830625088934 755.4852324211912
799.714177883905 847.3879610485762
187.5508838922316 783.392769772489
520.3718796245078 302.7685919770644
659.3391713642086 947.6177642279878
867.970473241507 278.00496625537767
114.7933611835754 454.5307642722207
757.2773283022651 403.07953197595157
271.25632009495695 246.22683351887332
576.4994825367723 968.797110780313
121.4569593644361 261.38585324878756
571.3104889656688 526.1540185519598
338.54911859431706 744.9601862126098
117.74414382370446 124.04616632076352
380.62306001862885 475.37911596844043
591.7047506734835 885.9701547497941
602.4559796807508 409.46225389476916
566.594348097318 255.04683620577075
839.9090337614712 426.436262276296
906.7535383497526 436.3445012454458
264.13486674129103 836.3061876807562
166.03366602425461 857.3556240569598
545.022581618844 846.369088630691
313.5689893786892 872.5256301853411
411.6072313209103 163.02725524687196
214.03129880165764 232.21159724764402
485.08212833200713 385.6088203972507
770.2964026153622 311.93984457107916
911.4174212599526 40.175080530303205
929.9062191519073 122.74074669010929
157.27155081596214 547.8193050831023
503.840359608275 163.29162958143561
806.3325520478379 370.77849953439915
183.53309223447292 685.1650691246808
105.67747977720273 826.3382755169956
928.9559999167559 657.0966738483387
910.1945112929053 794.8421159495318
51.3239875830049 503.1757102785013
810.8638063348641 135.7628097459605
270.2552138533721 922.5403178825177
706.8701742370959 319.42551540626744
461.983437751947 76.51175840115293
445.83929320576067 674.8754645046706
456.39451418698064 925.6400757238282
99.36822549783065 892.0878636711893
822.1500445521766 532.2830931118713
845.2275236689253 188.46375939436044
808.6594245345294 59.910984271220485
265.2203252696754 158.75491193941787
69.42122621722686 389.5262293807315
421.433441856209 860.5268876098016
912.2438564971959 897.945148688221
366.14756725907006 650.7748993714179
929.2630629242248 376.9931286257165
677.7611746751318 173.9688586181865
51.498313136782755 173.99322299439126
879.5670008266709 949.7205631305992
961.2761912790974 607.1143372230376
243.22212014855108 374.80261416732486
239.55201332515713 101.11721107582053
853.3114804920455 622.1239947350048
161.28865870831044 173.69054501660082
595.8006951391205 33.56027669934355
752.7946742085172 40.597981348310796
32.870970177638334 905.4743314922515
439.7863047074025 760.2233958695859
