objects
739.0644559660797 721.4741970417713
430.247396384978 322.3083880577925
587.7592844805347 312.38913325073867
853.8998393791651 464.94337901696076
110.83736801015647 364.1797336839556
399.7433125998151 633.8010871566796
814.2949673984757 765.9467903700972
527.9082361215319 167.02312219764949
452.58522898340084 243.91464596579956
869.5184199107722 292.07003777029644
623.0909063565896 456.1932265229528
938.1120407036979 901.3775228038646
184.69323725645086 632.7288706148225
962.0252292247907 242.26780657424658
889.3184090821375 647.6566073591353
681.0571786788884 213.43937534151686
684.2854559547221 43.78586856628841
457.4885632198504 740.7605000862512
326.51272931489933 76.33197991044725
333.05437470336034 298.76382701941486
529.8693826610416 356.82375524815
212.04406296912907 949.6470254379132
878.1225956153066 222.13895838299558
639.823858437933 804.3419073879262
609.4529959873068 46.30972676291697
177.64257277345732 554.7929938025638
783.2922980644996 965.9531838588784
32.64138897728824 673.5451297126198
736.6375895870048 281.94364067366985
164.5195976331666 764.5360511526934
275.6645386521797 437.8199999296621
657.7432580271034 739.9548661574921
270.3425506040038 528.6225409511522
801.4575769286291 59.381691657591645
884.3245121169688 869.785495180242
662.4854481567442 641.7391613924233
36.062992013705944 447.1243869958901
696.8955525229293 520.3555730479957
260.72461077021603 659.4335075395425
413.6913214830204 886.2862166084653
725.1275316096576 948.2025653186213
914.8543185449265 336.1658134089447
936.2364821692422 735.3026407541045
234.44486335841933 728.2499875920881
76.01791927204293 739.2028392756484
612.9174825036572 541.4429885250055
464.87860760850174 605.7141217636585
378.3846988885859 49.98964642352638
779.0683510695815 340.7502775976497
571.1676414249976 711.6958598080722
249.52304512583402 140.92654947979239
105.46919685043682 225.10203965854132
562.1325102170651 107.75388915277674
814.9922262442257 257.49575118122027
493.07799264463625 919.7897327905682
409.0758801081012 707.3334298393223
144.82494198241952 438.5871136743158
743.7508548647297 656.5850777399792
623.9453244434013 866.6854046070844
889.8924274732015 392.8238703329677
67.27450836131128 50.05436370882169
206.81527937664316 328.68354677021443
156.47864965756324 827.4515164754798
71.33619203926081 956.6648104404818
59.69276786389487 168.2309808722883
357.2408425341568 870.6320990064916
579.1691005552087 236.0893752729305
81.40939202315576 807.8783492139452
412.38851958469127 393.55785194091266
576.0948756993004 417.9234631754909
872.6333066047987 792.2408444197059
505.353869895701 72.09969820400498
800.5269547679994 876.8090326691758
796.3409998879297 173.09565993671413
488.37635907092783 670.0810622660102
671.77624080929 114.5097050953822
292.58881615546454 343.03873199399726
352.5851085103153 129.84715816873887
295.99480622137565 942.3291728849915
869.6807300545689 964.2737455651219
260.3165375984503 249.93478693090705
503.5046704920101 432.5696882873962
309.5639422384133 198.1564442935401
818.3497472742927 685.096119913279
588.856676158711 619.6290509624675
744.3166480205683 480.3058417330067
756.6849083406412 565.6617253656807
134.18955434868755 930.7185980798166
390.4904084276008 222.043391808244
956.0893827208506 662.3259500832644
344.36085796201274 787.4814791041892
833.9147297248991 584.2353161874074
633.7356679918468 926.9462414702748
544.034946480274 790.2503862999667
77.39577928005622 571.5898587027555
133.976472645773 118.13700705484214
173.0221187850979 238.77694563695798
215.7685209938383 36.000582132925786
151.36524157077636 315.5927668353458
957.2207101153758 382.2137227213416
136.62335052309786 51.4965086559082
674.1002391744815 305.11370756036797
422.0868011001683 103.58669495070086
247.70452811451634 887.029105170523
356.21556804408743 356.82841329357854
520.0884768975206 498.23930760586495
381.2188080131327 451.3964062341554
565.2775472878601 950.2846093016336
307.3284002145335 576.7445296386439
889.4244860962688 544.9486395948209
