objects
350.22190845637664 266.3780340613616
369.5481161314226 105.39422470587576
184.48381210548737 944.8185585516422
844.7733413191321 829.375115317508
579.863206561375 571.314158355125
500.62048496540143 143.58849116192192
568.0679473976867 780.0725709788927
588.9573507065377 952.2770477940512
279.72474772086036 790.0317491968266
372.5892543321955 744.6011936450994
539.9269312314051 910.974056018472
933.1149641276695 850.2203527169553
165.56538335194753 354.52924260625804
180.1876944778463 850.6502761471332
780.3993402688643 697.9129198483571
765.6857287936397 124.27404713454246
233.52582562938443 539.3612938908018
590.956541631541 53.810167996222106
752.2006150381733 773.0509129041761
928.1210367321152 82.95840196095216
888.3700864317568 765.9888713676366
630.0447665868832 176.87890827495588
210.43870293141885 228.01209419237745
478.7518416828491 293.208887797889
847.6154658277156 632.480154031728
714.6064525291941 531.2430777400583
278.50125276374683 336.98696753914896
786.4903914510119 534.1631624723279
156.84720437721174 688.4466961997352
465.39732778075694 753.4632979161867
75.08467167825452 825.1131026218203
101.88649182901597 358.6828968631389
912.0562250939585 326.76949175768505
139.4151060772926 505.66873633290726
877.5203729136375 114.9826019303423
381.9209900829532 429.09500095194835
425.2309793620318 169.6863570016362
345.1794026202717 969.627640633989
783.9551661695217 358.6812718259749
634.4497025416246 394.44546195762894
450.71812875303095 910.8547393483522
138.46835990738197 236.6859995554631
86.34027603599165 108.94302907132405
188.2152921013676 141.8629272291834
281.96696597087634 266.9709054479599
936.0167508600301 651.4435716506281
710.7076192224528 642.1438468603062
292.1202674434712 470.6139207042011
792.2531874563232 214.71092984196076
687.3533055804984 937.8687284251754
865.5716764290431 710.9078841680113
946.2135205332364 956.819804866227
658.5892392407305 684.3279685810129
963.5235721499635 421.04019701933396
138.0228998258766 632.3263298751411
333.0344421581726 863.0191688311627
681.9362347246579 347.8728456727949
182.75599717276788 751.1378623387326
416.8089908607906 582.6257967333055
255.0006749251908 913.0364165122957
832.0796088789518 432.0935515459683
255.0799172313992 645.9411325916072
72.1448996903791 578.8473653136626
660.4487302366101 481.0646190503348
896.6968696139611 923.454368502409
853.5404682389363 241.89290661973163
256.5705433358483 32.44837941662705
115.1545773992301 882.0760639489632
34.14495569726059 510.79742907714996
469.708244711525 828.6378110441457
783.1088029309391 632.7935930831796
332.2819845824335 374.8735455151163
787.7372732534931 958.8776338482685
495.5372496233259 408.49946365883903
50.12853981292058 702.447118231653
762.337300549511 286.9898227206543
970.1608747344077 259.04754990768384
558.8956973089049 431.7012269968178
433.09879752151465 646.6528669267285
630.4119202500035 853.8121365231283
52.5748519832017 412.68137650766613
318.91487252433797 568.3900404153677
64.25354759327347 758.6490152336828
512.9624393882219 495.95628195448427
764.1306165050129 839.3550261022341
594.2504410918781 256.0894394852937
412.89519386476917 328.2020706715569
526.57728021074 223.5138660512431
566.7914584321735 632.5457455932365
829.4343347789942 903.6623711497004
242.52924971795224 721.6290053203558
44.507679636234805 339.5287391230789
401.7644989442021 846.183036107823
952.0147680681897 140.63921010386153
93.49755538323839 200.56043565210942
404.0456176214734 954.3183490405509
666.2647952051713 92.28785536116993
848.4838642039267 52.030752950667285
769.0887007229754 900.8616689520835
331.0628185941234 686.8386456076868
791.2389417515869 37.288115996143084
269.52141560591156 849.9256448822755
946.4027918448079 755.9678979783316
907.6066662317065 483.52785504992517
668.2405236537236 597.5784666923585
867.7128352442897 575.2530943089508
165.5252383341232 43.39988768902356
475.2298101194876 57.55931437447248
316.59883687665297 202.5603562939309
376.4289354419384 522.5389019492969
