objects
542.4202991622165 273.93722016368906
150.47039790916935 576.7618012861359
852.0007876455885 297.01134402189416
245.0976094695174 409.99157474467495
630.4368278056985 44.62552484166926
149.44464377290376 320.62482125609216
595.3375134952113 323.9209890372608
483.74189599325985 769.0210510605319
40.26568169870898 93.66809278359722
47.58372495091614 710.902544461197
929.0518326357278 544.2761783023274
330.56637882464156 587.1294282467314
852.6452600684721 950.5942353860464
779.1474057164603 329.10304338147
748.3705494320304 459.20443581599704
305.3151055436712 96.64968226896502
784.3548228501274 747.485896982394
349.22393022690056 867.3626901361279
818.1682862185669 881.6129883277143
380.09831203303605 764.6181129693034
118.88227862420146 651.5070666136749
845.2042528489311 488.8074699825888
261.48983023463285 37.014522643238735
325.56724999422363 463.41887107197135
823.8663300300162 566.9783180101679
822.9390531174585 632.0879366257445
284.8199635334453 752.6562477239596
468.02235148924365 107.30858980482228
631.0500867207307 467.9009238689405
856.5472679638799 31.97822859111333
364.0412606589998 301.70909550876934
600.8262286791268 225.66801810434427
692.851790468871 353.08360739848547
152.53397454284539 255.5059815296558
633.4509051149385 628.5869262138127
945.8450100454137 179.46732222939818
969.356549300605 36.07518677733171
674.3837799263856 134.09149263673456
468.1055590228245 394.62978262016213
440.5973253676748 203.04923781791948
752.9595480828732 59.839411060261774
920.5286683262382 114.58437782577451
243.94030363293598 493.5338155971758
96.30061053068664 928.8208458915767
257.8061375186476 351.66181507336995
73.58688379767099 556.842030850451
177.65896241463432 53.27223401503129
169.51074857035636 776.4119180080849
446.2113173486102 697.7941021653754
902.0625995610538 427.40330224513485
732.5856957647743 795.8941511586011
693.207925815752 499.5656967388318
426.1529490405554 445.5090802070392
437.4292257429112 323.0400281104961
793.2414099469318 417.9971797344309
195.87445771251856 633.5244914700103
327.62727586603074 357.70964736970035
778.6786616789271 127.2373065036752
543.7619906474738 946.0451805510767
231.7551587103646 717.6736820748871
724.8334277797817 206.7440056699172
67.94508166576627 147.32205054403403
585.3065091508954 93.03725737545997
538.0835018146245 146.71911485185785
373.25356587937273 104.55689293504673
697.1732286265052 267.7030453971388
738.4732990039766 395.84187457046266
567.4827834817562 746.7477244122088
369.02599978426804 648.6694048943913
565.1219382733705 626.6639160072157
969.141543839335 952.3456840550461
294.5602836794825 536.8504803098652
485.34891244850064 241.12893499169718
518.8185534059303 828.3146521759573
592.801305368171 521.6109174958607
280.60934732282067 877.2393154172928
63.515752147593304 822.901913925077
910.1459847421485 357.53365589964335
149.9523816520156 385.69982860778026
755.9312106776741 946.618750135482
725.8155230931609 612.138737763676
261.8276321283465 646.1534263520967
964.1902452461285 238.48849586792218
764.5007125603906 516.9558267460619
688.2452379074608 738.3734547728284
530.9394005415684 366.98777537866573
577.5665362324005 837.3267193806026
218.75199247776916 913.6132684445728
498.7633763032869 492.7626236901442
527.4646837638611 688.9576213012383
240.69665521727487 144.55398820075973
668.1721822298539 911.9952634094182
852.1203516132999 167.28464982647256
409.8572031904319 955.7295436004504
635.680301184796 403.4617628167606
69.99793913884979 443.60000042766865
74.18018701674437 353.05058676391144
412.5139558442828 597.7627496661811
917.8185855489181 740.2756408403554
414.8516238181841 850.0677636994732
963.3127486509085 592.7315005307557
496.3332559779427 609.2015009386976
458.25981271448717 908.4489219395405
800.2921118585613 236.2643884179173
156.84804493638222 903.6912904045356
252.26967740241673 810.707614650315
601.9246031887352 934.6337519519839
297.32168738372116 275.806410059684
948.5363319751789 483.0701629490977
118.3469889255039 198.1060330048164
