objects
547.128907631902 353.74081446467073
314.36027074620955 166.87148079406563
156.31875366561314 805.8570534342881
743.1320112801046 343.1136987229464
176.10900424813633 613.6741862277734
622.7577270355687 572.934822551917
429.0378989277311 659.122531166667
711.8489565728064 576.7919608374597
520.8765845683973 719.8491604400947
825.4973135022276 900.6404444566106
50.05136017657772 51.96527638928147
638.3815661579731 339.7212650513467
93.27749932683214 622.9715880155255
220.7958229226616 136.9615641417969
860.4200615435961 201.58534885287025
231.63717190816425 210.88321832457373
339.3001934749725 742.2468517505403
97.61167279864678 768.9092030185682
544.8833986957893 798.2598438035501
161.52582171634882 707.4449910370042
574.7325946270361 80.15224677002347
240.20541521557675 616.0946909636316
496.1654655323658 908.0445583434403
361.497709720177 661.3447793426794
406.44453376192354 501.14560858147365
61.1517483396006 142.9068933212541
40.33438717457366 830.026990012175
609.0968392295697 734.1776724242626
189.64861007962529 251.22480301020914
514.9579902123114 168.48560329787554
51.284762443788566 954.3262576732118
523.1343068162458 456.6317366710904
128.01414745356058 202.48632022071752
318.40815311833404 355.597222786731
753.0617308313385 642.3294337428783
546.5173694721065 285.35567374832647
598.4375865419769 955.3598646920374
319.10279266812387 974.454142307988
809.8877213429791 92.01380524167737
791.8172415526427 456.6999021274864
384.24029665573784 26.774145951638758
93.56605704945812 35.15126369044815
319.5998149468586 111.03169925071965
99.7009350799543 525.8748979993733
250.8005839340361 664.0292254041954
926.9313715259897 943.4546711301907
341.1193326382608 466.38180105671404
638.6541444945481 614.0305414458695
640.7931566522766 194.76139149706034
384.8830970747281 363.58868088025406
683.9067660909079 329.0992519279099
120.03100272712823 303.4132296545024
88.70866262384284 411.55240458263296
660.5247101151317 510.7340531996857
897.9517104124343 144.73798119395693
261.3672242410254 318.655464471433
708.461796293261 439.56456932249006
304.9022170896262 236.04724420800443
764.9259489881911 706.2523540282338
961.319412293637 723.057599361239
847.9745989148531 754.3021462759187
320.2473204230467 701.7534196059015
23.85637514488502 301.85512263023196
876.91617011416 927.2516644871982
440.2978476535859 705.9928366165498
691.994558274189 384.80193995435417
168.33376964428209 919.4636451211891
285.95525371548075 815.0888724117843
749.0410213930347 834.6659319784158
421.69733199872576 453.2098694745616
805.3841443018587 243.1230392507873
550.8210649360377 212.86039666777285
630.0174060131164 257.1696814872036
50.80092561646356 229.40068029236517
252.951062496194 255.42547614974316
412.09486501318463 607.9498792682573
199.0817601610679 383.1402090401439
344.6901350428089 196.4070970305949
830.121730761074 600.8559219124951
140.8434310277497 552.8004184496311
447.96953712834045 147.06265598847114
595.2322355224903 24.400673074828077
918.0650121858691 189.05334651300618
589.6198143290233 640.2878049414944
178.62551506746925 163.91888934077562
957.9861787656145 509.68148476885466
643.9678300393862 899.8498563701518
845.2082303250498 63.00324601161947
516.858463927697 110.23232842205753
856.1408066922716 863.424830011075
21.638510887362642 605.3548471713403
36.774853834840094 359.3812425630755
570.4241970713365 551.0422454293113
311.8763202178907 287.84464643774595
580.7495031438729 859.4357846489496
569.6113155271072 752.0794227495056
970.2997915830106 661.3377545810683
28.42315265913536 871.7194863247523
588.5726813166773 139.291415065013
906.7641379396733 689.9135520055365
760.2513851973307 495.04075708929645
851.548298229503 443.40566929999636
388.66439127296786 774.0378859820819
438.2799777580597 925.1692544188913
273.7073679950168 378.72258178308965
748.0075741669998 384.5944268789069
871.3177393208395 360.1081558726941
484.6929876666322 58.111418839784605
195.8725626743563 484.01190710437714
234.13704811761158 60.52837972286737
972.51966838693 193.49121224079795
908.3488504744616 841.788077913992
702.8046642453191 149.73840101132404
969.1046880993417 367.58109959894136
905.116866489565 530.3768749819628
967.8962069922278 310.4673181080709
425.5037652476361 832.7904974608708
747.7833468575258 49.39756024904989
329.3509660419896 784.4974647738679
749.2806891157776 896.9503863281656
507.4606630068554 504.5044183772144
841.3782595868333 665.7692686320753
698.8597988585108 791.888429663565
482.38929389048155 554.9574129511791
660.8296987308165 754.4700390310821
807.4200913978513 721.0706267906048
311.8851632855231 599.5656066973941
429.2202872730411 971.3028900247742
385.24170853543137 877.7157052829665
677.211120387529 951.1812671318547
149.8869530113633 875.3414554830591
384.27630752145996 241.47993452531773
830.2590896183802 491.5939196273791
175.34083948257515 667.8801781284338
181.5001116355457 98.58206998714539
850.8301629300827 124.88407860888687
304.39683280189587 926.942720827093
281.83216487081506 79.18473489330181
772.6605626223791 756.6745993033829
700.3044181550373 100.69582397269934
