objects
140.12204270058172 225.46542263267958
86.83193908751214 127.07524552305603
898.2604580183332 670.9158295302021
854.2191424311076 346.0185974883501
706.5103113466384 553.4279154496628
305.9012584155692 877.651922486216
554.9580599602997 298.5448542381184
68.66768364874898 276.1099346928131
446.0145885470983 884.8907755637216
707.4120161757214 68.40762054836298
173.6520616513478 803.622050691228
64.97884669329108 784.8492908805564
396.6453444319426 221.47071497640331
767.7705343517447 691.9362832276953
49.00909976364265 177.19612969938825
846.8700239412227 36.363687458067794
121.85151991464262 164.39367116320727
573.0213416255814 932.9789195714044
848.5015233764681 583.0133036256257
451.0801809738028 692.6442029022794
274.3511863623214 33.72838094891841
217.08140014747724 876.2349592259311
702.441908967715 685.7591203313478
557.9901991473688 456.9009138910687
687.5505722837407 490.00780840395294
537.6822240124019 651.6436056632493
513.2892888086008 54.43613049774717
551.934461501896 542.5321781160077
835.174697682947 121.90826073643186
24.535670749579406 52.6654819704542
954.6153170687571 98.50326246083371
689.0606758870736 377.47114955099926
681.5223020450029 865.8612789908274
209.77445092961435 926.656011135756
117.49129527778082 516.6937733644467
734.1220490490279 954.9006224437246
705.442411080879 634.5166489056452
264.46339178067535 109.82841379049349
685.7221904699546 281.551330176413
57.97280272680375 875.5779741376743
30.468949074247057 347.1755045313445
453.84149849062356 567.6191510218954
32.73548770306135 435.39425118769543
737.3726530681653 472.6945388655008
653.1886916256549 908.8199646416239
322.6922146011096 698.1449682551261
95.06539824037115 439.86713869420157
797.0815782688053 479.85468548275895
860.7388255870598 802.5330885450808
776.4970649490076 633.8178724721596
660.4207916294691 416.9461021268428
179.44845085103898 663.2928718383387
369.3625825753564 276.05038301576496
283.0268867707878 781.6960559005257
542.9653294154926 871.478213251509
798.771062429926 584.7957288113552
657.3538035458806 318.6004440859788
376.3572961286456 374.85542257219777
924.4082479121521 222.60268163599554
397.6340222448266 923.1902285644135
728.0269635676303 233.1552262133466
842.11693524405 79.68855089654913
904.8690452319041 624.5044604899063
214.07181419920352 742.9662589471249
623.8444227045605 123.91350321924972
447.2031520605999 353.04662189043063
740.2046084705609 409.7726651373238
126.2205811535668 667.2774451399376
403.21108857741405 135.79770405044857
209.588210124053 37.37233061731472
308.78634017349236 336.8474484348219
828.2020744141996 537.8307378700443
503.8322701878511 434.454744824308
916.1767317462384 421.36975343791573
359.835832542314 675.3117260289367
734.5199893420456 108.53888717697765
764.5571339259615 527.812721982849
170.65095601453606 879.6025004304017
437.6475818175099 496.75995803346456
282.1480387909091 535.0083044677211
888.9569383091443 454.98088221634146
664.1113531107144 235.52870797350002
947.7512600617354 527.6668175175517
732.2696264313389 358.9776349109676
238.7305121902649 642.7406383872786
666.1248777296155 970.037356812134
504.5138714180143 719.7657546042111
950.4271984325168 367.7141100385708
464.92072865950973 450.5256082725304
701.0499531651741 922.0301004029621
49.05147701635486 950.9298695679695
353.65736919039557 189.11633968252704
461.0917498151179 148.35089769994212
322.6796083374052 472.83065460501194
218.57830616227562 694.4683540826977
381.5882278719864 535.9734131783284
868.3724306012158 404.76728880819854
526.3010384673917 825.4503392088749
631.8679371063674 373.9172223791273
68.95541060472958 828.2226334734977
328.99809774868186 381.52470651817185
737.7521934868893 817.3402730914509
919.8492141589048 837.8458728459917
458.3235496442704 635.2303740430452
784.9050642351247 382.48670683020094
309.6338738339407 655.3721690127096
613.991738729523 893.2111444899542
598.6395239712224 970.5084848767049
795.351903104721 37.21238680963607
108.72711279872416 961.3516307329038
804.8774942978744 818.3045124465937
617.596326673219 576.0858827718793
922.8102577370322 729.4135232462307
500.13641753880904 305.2223709575063
201.91896604970617 120.45581144862584
931.7651637863096 154.32717232441883
88.1419329099443 361.4852704613051
266.44689773959544 730.9367485224446
724.515927915265 735.2000211900516
630.1009983128856 645.4094485313589
71.08825790830268 604.0493377320998
439.62881965451504 805.2895998084748
248.4213884193324 322.3877570585044
162.42406609655143 292.2518217080017
34.55858260955979 751.8123909671698
974.4757940301027 169.4719844534782
322.2477052065299 41.49839378095571
592.42737051177 357.5979501026185
519.3493737722492 186.37699073410056
156.0241623551019 479.47962166161363
286.73783642823577 945.2989134202962
790.0268352794935 881.5934477567306
592.5522609889385 421.15196979026155
967.4135328227115 700.5829102389229
218.2630123533624 365.68885009919137
744.3060714618398 894.3194368096396
545.8087265288208 348.643153730841
891.9148974426448 77.32760814181617
168.47117514102737 438.2242450290906
573.0929524583072 39.82867111266823
