objects
830.2672659092142 24.998321330198625
511.94653928406495 855.9766143753806
424.00837316216774 612.3279964905006
652.616399905772 307.7477912335112
692.2898101030341 44.1876424547632
465.8960387461939 812.9124678735736
705.95720881668 679.6511594300887
31.033748491468394 742.7040096788146
43.571294846210776 561.8983367922615
253.2708228743471 165.2894453413788
828.5817769024184 84.62395507437515
569.8679903801018 768.8058526430763
828.107764613815 883.9291512456192
948.9982040911158 549.6524073284689
406.8184476093656 693.3249326253281
544.4898926974101 530.0073375185402
317.6288528462647 146.76435106556738
795.1412107613838 564.6984471285565
71.17394149693486 452.17215914435684
603.7208044063185 837.6146971443599
783.4731451251665 941.1043671007094
775.0665294862408 740.244066217373
895.6208493524928 774.8152982463489
918.4521559917248 147.77691482698157
768.2569888439715 889.2227003061125
853.9973973296794 723.6905020617448
645.6962783905312 832.5914855053935
606.4954998029125 659.0936641896694
872.1411250100274 391.5236123543621
158.59440718805786 661.3551452868732
971.092743753115 416.54080429437533
110.7508714239487 658.1180038984036
322.72726125973475 971.0730927136673
466.812895984658 975.2245422547361
365.83664051051085 70.79935540083949
48.43529581507145 55.37067962520493
928.8702211030346 828.7036464410918
50.63024962542789 881.9572166484791
863.0815587165376 463.8150240592578
153.3760777602509 541.7339937277784
939.1831743196362 707.1110080492855
976.2658804034775 823.2395375260868
617.53422141409 510.03949849784794
929.0113949395902 969.3582237309985
329.7381321044808 809.8089276357726
699.5942758403121 582.0174444239744
473.585213029883 279.76444156987026
272.42823505479697 783.588745022151
150.0900180552099 833.2250433637726
640.8675374283308 376.3234079310169
814.8172431019048 496.9172555553898
658.4557872507041 926.9276153667826
965.3048485716776 778.3424800242877
148.19882334074134 947.6766888148112
680.1642016157058 91.17748172531387
157.823235513089 348.77206382894536
454.2396191336936 102.5566971103057
898.2146128848693 679.0443750749399
931.1640853648963 67.71671950717885
766.0164503407111 281.1928621392647
295.6212738157122 348.44048678891505
932.428316356374 322.2937321587365
192.0816982714329 816.7553473002798
908.034592368713 29.082979738654274
468.1457834101136 448.42441753131243
45.78794709348573 516.2039585127073
478.28531849958307 385.33084042448905
623.9906407893684 605.8018892374608
760.5970018441282 124.74103109755545
594.4066060513209 367.7328088156841
519.4932151446095 57.6545205091071
866.4193951562642 579.6921352562392
420.7574615157198 929.4713826315013
657.5959165838443 143.5629326592183
460.1070719346933 528.467909984429
352.5327917798035 251.6050539693545
231.48448116159355 853.4592102897896
953.6644601171952 249.858530954663
795.6190494789902 410.2674902687068
720.6121969535883 629.9070292796883
300.94198570438755 642.0162825735956
471.8590577946772 883.0605481096237
364.3993950761021 519.7407428760382
284.5441874304906 263.5316250078769
715.9147624438807 798.7607587275967
548.3652218779338 179.21775457660092
485.4938453626287 934.9658218477987
537.3299107677711 947.5485058000729
694.2685120904264 482.03375036701084
199.32341528756382 312.8653126550197
123.79040852783152 176.835610520734
105.75657610461555 507.688365696753
552.4294791759512 436.4948640418327
542.9357518236321 125.45082803942691
149.6672234163413 300.0888898709489
439.66645987061935 847.353263450459
964.2765505756634 122.58045329339275
840.035966596993 345.06089920380384
409.98879804915526 234.9857137989097
663.938360249537 214.23538267071476
463.85882623929444 28.920792759320268
972.0522061424601 300.417534436606
699.1413611771928 747.2886733183576
378.48254736387855 167.71454665380276
562.4493205321844 52.3369017666997
505.62512508642226 788.5796378711716
576.7762627433224 883.9455175922437
796.2953634804164 311.2034931001522
728.725598192627 233.59487674721547
621.0676608222296 170.90997893937046
948.4346791688861 921.0987037032513
169.5889754265051 47.908671126345716
31.96947770964089 117.62799988410038
707.7806727766018 864.3240646035886
703.5535948178559 309.8620115972689
283.85161639182945 587.2386760492655
427.8613050804902 432.26446322658944
725.2363709946691 907.8135801065338
448.4526919412083 171.5586914914708
463.7589304487999 325.5471353075678
803.3298352928998 628.7623053483051
923.1625021500548 454.7317218012525
318.42831761014594 897.281122438873
219.96209221677537 462.7521510716097
393.53696803077844 961.7091132279879
521.2099588600657 664.8297603613381
501.9443592510533 542.964674210498
579.2424710570598 965.161765759064
614.0683358909203 48.90580178582683
619.9429330178468 718.6276507973325
771.9338473145494 218.15488996747635
408.35982532086405 74.22618684679205
899.1437801379718 357.4513705925066
759.6321743338366 347.57763780855345
130.200058891716 614.5783404056795
773.3585218943437 824.236598298476
368.8852828650559 628.6837011212848
24.468743369222153 449.445114239702
774.173147237904 663.2552166286623
696.536734665257 947.9986315382398
