objects
876.1738187317517 232.93665157698982
330.103143456812 886.6981521994288
69.18244810329088 604.2306511470181
719.671817489372 217.6069652043539
54.457416427903325 132.9356003347758
88.80629834761136 429.8363896798764
805.3174191830843 912.1499694615188
804.0839123668625 717.9292105255821
234.067887322095 727.3635636083366
116.94646299115193 870.1219662462107
460.96654188938015 191.73014142202337
536.5918785456198 379.966855199068
591.3123440784923 121.54670538727612
880.1766734468983 507.512062791017
124.2584310123241 293.5624646677236
207.08715690336135 129.41927617354207
814.3744101235941 618.2167135019127
125.37568611491014 96.97560468694076
728.2069431780923 176.91206140637792
253.82603865419154 477.88332718359493
287.4551440861921 551.9340305383748
250.76285047051843 161.28531637487137
599.5024364845892 906.4555778270174
601.4207139996327 756.205204982205
773.147961295171 809.0971061402357
814.452947943384 962.0245150568853
854.9448926132227 823.0315906125815
698.2434448031784 598.713815957859
784.6235835763016 94.65055586477457
160.7240990593406 152.28642704629866
446.3950771231278 876.0760316625968
122.80837686622371 659.53644785364
646.2045969769915 975.1931504875953
387.38346911276244 759.1993951656142
488.5177216757443 868.3852575006886
912.3691449227947 721.9635168543917
442.9029911102807 627.2928233126809
687.4079922977342 248.8175433198887
385.2719340109452 317.28293527868624
670.7461112590906 686.9335396000664
310.13954763584906 104.15357617135862
945.675316361879 453.7891817932911
956.5788374127649 242.8131594030233
98.87564342006345 343.68320128916326
326.5663766803548 415.8678700283229
934.850810833128 76.05138679299831
270.95733062197877 936.5786862543745
223.57651291233142 937.1262262301015
360.83783751426023 84.86079685854193
627.8464714458948 33.43053106646308
135.07059886354517 197.77286899125397
188.2765014908159 564.736787685018
663.6334524193047 728.5856920196804
854.6031107749455 752.2128524769113
252.6627651646248 71.50305775977364
957.7712849627081 381.9224391522025
475.73599110682153 23.14467033908714
413.0323306784473 662.850666149663
781.6954826733717 329.7607479582995
603.4165539428935 452.3800635779479
69.89004006755309 471.941489402255
209.3899483546871 344.3733640963164
152.1472822873781 697.0366326752494
221.2417269519726 795.4551357784309
541.5332061696192 598.3141604026364
39.89106397959729 184.47414000245868
139.8227328636376 388.41012096395394
94.31824927217863 751.4611943505748
709.9377096471487 338.19431539376495
742.0315250177352 609.2874118945931
698.6934506478862 471.05557688902934
282.65370494681133 430.3357093108063
889.6638188803572 129.70385054711164
353.04244108574125 519.4721777851383
935.8197711167121 958.2241352027343
491.96822122199507 915.5925503650193
659.9564331924074 845.34186892154
601.4730969777736 197.06282770696947
227.6440893934975 423.7698413196628
391.70122277174823 623.69281454512
35.536788732565384 422.166417894314
873.2179486470201 34.64144764872564
719.8812902053215 26.45559352463944
431.6447709597919 338.2293870535097
378.39697154288854 975.7162505984705
879.1768746758082 584.5548939354572
409.8092600103204 841.8745974027522
193.62544112124914 472.77038522195335
302.18896644876725 255.2487815161133
525.2851928246282 956.3121967423567
378.2569892804192 256.94265585401115
868.2788186543272 192.181244072534
295.14307438830616 715.2889251851182
451.5252969080359 409.24552049736343
494.60501100269806 753.2743641125325
703.1678732180643 779.9453452282218
639.6561087709603 121.40054520400814
733.2005441115181 130.54078664332792
903.7170939034165 642.1556456979021
969.7714301415194 680.5124986328777
762.3122787107646 235.0523087086245
309.29601796979557 776.294328622995
256.78788010639596 862.5856484580888
747.4567343831136 470.8886930135318
388.5006262144148 697.1878569125412
539.70900318522 779.6045461374969
324.8773007552342 197.89505426156413
53.168937039926156 57.033168524047284
502.72080625368153 453.3118686781431
420.9110268915911 446.8804199073799
737.5810323343273 383.06529722669353
800.1488975760005 172.35726978682393
534.3174685649974 225.84795339491646
34.20566463833608 822.6600345967072
592.9373978441112 65.71011726519806
459.889338281685 89.56472699855347
454.15035490762887 714.9226762525585
109.80608561610198 946.0951102307693
587.1313577613417 291.7764056573079
559.133118886434 884.2903837147695
400.5837676304679 151.99326704618022
575.2713838554097 974.5701211977857
803.333054054798 506.94722955385186
236.99908873599045 662.4562745291355
534.859452306478 52.956029582911555
364.8446908086742 835.139466253273
309.1708821536005 959.4827232711647
464.13368432826377 795.5103136503337
76.90871532694933 888.5597557588634
594.9843101423919 512.1744420176875
43.706219404672865 367.22804675022184
570.6829414202434 338.7335281100006
610.7884045543733 598.1888308366979
528.6366893140844 489.7003863514151
966.3238658293122 178.14941672481905
468.92113439609784 501.2662666677325
74.13320967637002 520.1157863078105
31.454534948702054 719.7824728541335
430.9051279639915 954.0860107938026
84.73573213122881 838.0827522064153
