objects
855.9637875971414 373.08005094951835
726.047397518921 751.1917617608234
782.9397878643814 268.42901953640927
977.1663847519676 954.1193468584435
712.6469986217098 504.7357472764792
796.5747457088153 310.9443081531595
787.9801153133459 977.4434742388632
422.1633608874898 503.03986646595325
399.6249880836652 964.0923538633745
941.9846311043807 658.1450299620075
784.4957513157267 352.3583479350762
288.25489804648566 417.8933705044514
473.92648130528335 900.7113878351363
742.1942873440165 684.3930480711446
556.9635597390281 244.45208908487004
488.6728385009873 52.08930986406193
610.6746556907026 341.96579998782005
583.5216366430808 758.7504548336152
661.7427338258067 666.4486263967281
707.9437230674442 117.8728404908304
409.9452305949046 746.4561055586876
317.5682955667837 341.15592985004486
954.6053490141579 275.47843500852764
297.4798315834448 738.119071975617
176.96554424682068 352.30485935007897
272.60140965628614 535.9678723715913
650.0522198258061 827.4506823726872
490.33189222561606 232.97497880213493
274.62059801890075 337.79522621764096
93.51573171602296 738.9698417462274
254.0119866360587 122.21025010627316
426.0458069155656 32.3581920352736
323.4392596480054 168.89770155758615
402.19280097932216 613.1705012578219
757.6021530399399 39.46488172791144
185.82236807479828 593.480332296259
520.8685856097381 611.4262305659386
324.82052312634414 390.0228281190681
897.8416041588347 85.9318738691386
187.654212970505 902.8637726647471
32.33367601711618 69.32522557375255
568.5497309848324 24.12652345754892
201.64300688750143 681.969357572092
781.141922088704 411.939180836493
349.24520234800684 937.5217310513463
784.7514268266427 697.0252875251501
856.398494752033 239.62414183867895
605.1109393470018 647.8114676182577
213.7933335940199 976.3229170925435
134.35961764098852 536.5918756544507
476.06200656166226 443.0838617794492
340.93851654040736 110.94143430704761
56.521221647446936 223.25592865267993
210.38656714661985 230.44211231838233
431.94265314968555 454.4030401621195
711.6902893843369 595.8888985278262
287.76441333965505 920.4061079130918
531.1045304212955 827.6749247117865
549.7106328434053 870.8504078865943
925.0020251042596 228.61986605045306
89.9272559162155 299.4821516503331
977.017290030429 320.80373161518605
496.01272817673777 779.4707373068542
213.82090919141694 851.5948943683906
648.6336423299407 64.57662778307576
613.919395275982 118.78103848750737
537.8910438195463 726.5519550643694
33.43990020876093 458.0617144353525
806.9993843180129 187.81299760377564
647.6159209913184 306.74161257306946
669.0687101949006 786.1435572986325
590.7885974985272 919.8475102024626
447.97596402306306 786.0958895204616
116.36666845687805 660.9371560197094
920.7395410830826 126.2888248369725
30.764445194094677 690.5838846910331
22.200080426788883 610.7542354012439
31.1982627632702 135.96603402331618
500.7282480020153 365.4695017366516
330.7721354778616 541.5721531623374
619.6823522019338 255.99747192562404
583.5159970773436 425.22476151511455
86.32962686145629 860.5161151048742
494.16880110578813 716.4501983856597
278.74160635272733 878.7373740762129
635.6592296191313 950.4655727989849
209.80832448446725 175.56940944386872
929.7681444113566 387.38041708077685
42.662449647925726 791.5872915747437
440.80741622330356 634.7678419947505
773.3570899866943 101.76826295410383
383.600682309588 137.88330096209307
958.569693251616 553.2186797290078
24.38624530935094 324.358216849553
906.9896630071712 165.93617089594736
240.4411667270049 368.88657754579106
666.8241400501705 379.29590144541544
682.8106604890115 978.3369002370488
838.7869065950115 60.191317867520496
229.55369946782724 463.88433443981955
613.6313244466728 391.76144136757677
535.8514726202327 112.037718749723
370.26164824734707 71.92512205799355
398.354885190177 843.6171214506603
839.9900863162638 135.82599853981415
178.30488237359103 821.9254295651787
120.83688441713623 378.51365145436847
406.8214031683464 545.7799402650286
550.6555753477425 69.21256549126812
895.9712134217141 729.6904275412858
794.0007101281468 520.6129464742976
170.8154613145172 141.83070474258682
868.6217386640172 596.0579362879121
608.6087337465272 48.01460585836656
271.8266679813886 771.3526324806998
805.2149370195608 28.956323187795036
969.6543806941631 875.2283789653812
588.7950197941055 212.88323206949855
83.36395920100297 28.616750168455326
683.3999784199441 458.60598196160777
113.19961962192251 223.89165584406288
142.2358804321771 428.5443276645196
699.3363953948066 242.66273188857318
234.66370488930974 933.1959902664801
588.9650563649004 600.5985931318965
354.92154746449427 828.7857332723648
392.6363945894307 666.6496915291088
616.7573273825132 176.45948891555827
578.7321735011692 544.9642387576164
121.16441874592694 490.3002961145979
39.830401624923056 541.8134452268476
753.3163090421967 582.4716391589455
26.571100344224725 272.11055019326443
79.82746431984322 179.85800012323713
521.8100171240942 273.3219729515789
355.37807200476203 224.92473442167832
819.5412629434965 913.0073012299935
395.9184272427133 255.63351665598788
711.9398955488018 853.6609485685626
896.6795850456101 39.256257470345844
