objects
515.4420027145067 153.25880389326562
263.26979536308335 156.9309470313075
293.173636693418 624.303699720103
323.29820031077526 976.6385430544556
253.91710843243672 506.0671452822287
584.2897388920634 664.0565750603434
736.7142750081027 91.09742424465503
450.73507624642025 215.13343497194472
78.46147812485889 609.1118528473296
180.48448515495994 599.9056072719993
637.8467168896085 146.51975779272632
615.5972652167235 421.47759658499115
969.5266944351694 340.0384618804139
774.2455832457313 911.674510980607
190.314662630765 249.338471019168
317.2203333511318 175.99919174780422
775.6377729792679 177.01235355077665
435.2549425067542 568.3673850524139
560.1380022991256 439.39356752749933
104.66197178019866 953.8615491055933
720.3501739327952 713.1083235703125
232.90201831991743 602.9896819327106
372.4207569619623 116.14367130282523
580.5011532416523 537.3241023631535
487.76034284257304 360.17709514513416
811.5637578817909 114.87892229538953
774.5743197350779 862.4450611930649
299.4562405368239 523.2998462298756
928.093825747284 874.280803656908
339.3279692655754 45.55795001575897
726.3386077889314 668.4436255195275
920.3371621561954 194.43363078533426
204.90165692660378 523.4820479194582
435.60100754194366 698.0727177413793
507.8961929173259 506.5525554857286
182.46244372249802 291.738278548472
961.9821370374369 578.9693063247597
171.87706372501006 759.8009845927917
454.8999232627597 640.390528327416
283.92283564730224 778.2439317946757
223.75281108580342 457.44944491875845
310.9709111293446 339.07541086117936
891.801385186093 801.5812367906019
664.3893485593806 591.5623821245238
305.22459781454864 894.3311271132886
644.2484869031539 520.4370757025375
939.8739574636074 245.30047063381704
934.5278868511043 947.9768701284172
280.70925927211033 453.0268997891215
898.1856896207752 144.59007474535457
74.28779119138567 446.03554505071764
582.594893841868 809.9670293654407
176.32349132196487 650.2539700191305
111.22848615680576 202.04699585580414
342.3134160828871 935.238498247654
629.3537221073819 620.8554467304238
445.7429237146444 510.48466481789933
940.5166373910141 629.3060221253976
889.5673075711397 325.6093440160735
753.1010848577835 486.694962936069
82.60212071068709 566.4170465266856
717.5139876652362 795.9159262115395
246.23852674923032 208.8435927943223
153.32874331591714 85.05092701883456
758.9127236010306 27.176255031789015
335.9459583146067 300.3129948027305
611.8513338419132 958.1473984470024
863.9249365640632 589.2334878509419
443.4546311414684 947.3581295662326
205.90786027004697 728.7414094264731
362.21182217874406 776.7931596848025
539.2959885152246 880.8845296243417
554.0685500207243 229.9749184267293
806.514119039762 531.2750667242315
835.24998644995 405.5153186614651
429.9162271991531 778.300341330534
807.3452935318705 43.351419158286205
23.098202734309307 451.5878220009699
740.2209884704381 141.42270476356705
654.3216593058496 756.5970287255238
862.8108052958366 717.8202271493695
957.9884123996862 756.7540293948174
187.9311893319517 846.6832777126897
777.4765606008643 970.0865968574394
194.34076922112584 364.1320511379578
735.1401729865022 394.907305431423
963.3854736607838 457.42768857819016
140.56747012209198 397.78740661448614
382.69743857563486 964.1855756294513
631.6291041011302 201.77190073889358
516.0095618450101 811.6290742870277
247.97017467013657 685.5743465631299
970.1235139818209 105.70081395628236
562.0951398222828 281.82355316591384
904.6307110444327 83.71489879143421
408.5718216218029 835.102633930783
805.041438709551 778.4028513074189
124.55476396226575 659.2469618265978
876.0769934284134 518.6013636034791
37.92135310468933 191.20347377702998
459.09626172723137 85.1335408025342
386.1519177075614 697.1000289407747
383.1011055948587 253.05860955635538
435.61102812699437 293.9283909984929
317.47012911593714 701.1405380387727
46.66643028719677 492.28546165902094
423.839871777347 132.74483099852887
847.8266316624083 85.90249906033822
694.5422002889322 370.7358192420055
821.1499834503261 190.95960471429547
115.30750334137956 103.54789914827012
678.9525799568056 47.801346191638416
546.9488174965448 705.7496570804626
969.7955108822938 502.34571244513654
834.1603838589 831.9542779271985
766.4126000381482 296.22371729495745
784.9381847323863 821.2238467314372
429.7453513671872 872.2979298592339
505.29903436979293 661.2008825313867
385.3561165854158 914.9571768009384
872.911291627441 639.3947425543671
540.4497119804524 938.8615516322208
968.5077546000523 829.5244091774979
882.5883423722047 23.48948128587913
960.2660746198004 168.4915329175455
56.48112333068427 728.0743755676372
151.48001739095577 38.41122689663171
547.4246040028198 55.0469938568107
213.4586442671815 920.1328742187861
485.43946930801786 421.38064861729873
261.851648999375 902.9724268234435
950.0590491827845 29.441255577188997
618.444503439252 863.854926003154
50.2480740114844 928.3853136558815
67.16537326289486 256.6272294567419
783.4141298923631 456.1970640296617
251.0039538203371 847.109839557335
199.79829872663362 182.91361609254375
937.4397372029279 542.5115520887279
829.3474871721746 233.31679174835418
