objects
184.7138715705894 111.57153982397638
872.5451560769545 436.1291537691775
315.0903233546747 842.5130392799481
639.9261185142119 964.4441345873365
324.99813495425974 446.7123273776527
412.0016301150344 161.66866454066644
747.9947191673778 582.4800565146165
896.8784371738951 282.97294140825034
229.60138883135392 161.04580317479198
135.38511621035607 372.5436722064062
797.4277569370408 538.5349320596729
608.6896757213185 132.0358967365133
496.32406836992874 755.4072181321012
959.3457824553655 973.576313720239
799.400759398745 286.8456832134123
965.5555015818696 270.45659922120785
777.7191052969797 27.06246251178982
728.0283736547466 835.8326688951372
366.1499982164594 245.57886635307815
932.555112385556 868.1276134846689
727.097656907396 440.8739110059123
217.7543471527724 743.3877995025628
177.47166877274373 259.11651626590935
588.2178316729077 610.4366059180018
103.75833241816221 753.8773767696441
511.2643706264682 464.97687760946735
883.4399967003396 83.92394970454706
168.07474103222168 198.7443073939321
716.9560396670378 187.09670673392264
108.1198404739804 874.9328717741049
44.73384627619083 680.4069140713941
215.8059654220657 969.5505800560181
693.4292894249025 403.7916301839336
90.75065413466318 340.5924000539618
964.2806497254813 409.491353445749
665.2703352647089 177.4974928344814
845.4126801708479 208.31441845336354
683.4110112257493 283.2054616495453
306.15144013349965 553.4986199986784
384.4275689842723 558.9082222228334
843.4114134543584 777.077100331476
779.2496974576085 865.9081163652983
241.79876349913462 296.7441376143636
849.4866419842785 697.2818021931918
282.2780130972367 395.90930242084545
419.17188885133163 768.1717375437365
969.0616665559202 48.91561769588539
494.18123327665455 193.8767177486568
883.8832814182474 604.959001888037
513.6499990808262 298.06240836958136
685.3141983334091 491.87684791869657
874.020211817341 854.1921071798561
398.40658722947524 62.57745191726838
582.3804166761262 800.6497253777852
939.5915867593569 537.022881547603
269.61264528957906 766.871590501974
849.9719372492102 527.6207547046153
185.02260760404923 31.67477474314594
159.4125320556058 644.7402841104172
851.2326390129301 257.9557078589477
797.9360604412889 347.9040801580019
449.66921546921947 118.5147381511026
624.4252478584449 384.8447345322954
572.8858076090238 890.042301187325
115.23608771134874 672.0233592868307
423.2166231124266 880.5411799158127
351.58189461481584 362.63896196909394
221.8405725129248 514.4434433521586
830.8401087138907 595.9450491669512
455.5773965179834 604.085407873381
208.2887116747763 887.3208326542864
793.4370495646173 929.0524674883895
708.2265177940262 917.0864094352278
147.28498305059375 791.8006283351809
235.96176106757707 25.261260840403057
918.1005249853994 375.6124936306662
766.5764907715304 645.9552288998901
65.05242777905669 90.49636913516119
457.64996643066684 964.5011196490416
104.22452004271132 199.2426409648422
914.7197317891435 757.836604061111
791.9456332565996 698.7683260521358
409.0354678683126 819.8045492459908
412.55031863781636 464.2967802525754
313.6136680989917 947.6064186676676
48.557798510481845 921.5059025263756
307.4174735651511 220.4195427799742
586.6294218414369 184.06033145161183
136.80265549942862 132.70140671343108
353.47626761113906 89.47723638721725
589.8922185547709 496.9853509605334
151.69267865843923 460.7141354079858
506.8432315998244 603.6975108425008
164.5525570381104 848.7599893618809
868.3155575660569 947.5403033155258
91.66688564061626 824.8826820049077
629.7378243421914 46.93208576679221
101.66440614446627 274.2790663384883
339.09570883907173 789.435377410823
497.9931532792252 839.8132095134331
678.8510112768789 547.2205539632615
492.20400805818787 687.0564806786019
290.1676505700134 72.5009346828723
943.5998235833956 138.72954418077296
753.7281171022333 766.9485597954977
630.1951000308317 257.4308652158424
362.73338443008646 895.089906436187
789.3780867590534 168.10519921675038
930.01046854465 676.2466839594413
321.2688277202121 32.16089646741095
680.152606315353 129.39137155187166
570.3931719094404 335.2806235936165
608.5085177545138 699.4454395033639
424.7793850854841 414.8317660689462
149.8173608445304 724.2853887498553
618.623709493421 447.47856275933356
626.4271570922751 545.3564015904744
654.7952317690276 855.8870257533766
99.42870692638502 476.2634256056746
557.9675686014748 972.8711965135622
317.69923721524435 609.3503648986803
934.2898527683784 815.4233421119708
32.16098194150464 520.6255273430077
166.58463376450624 566.1272258138573
519.9743163551609 411.37439766575994
209.59813298876836 423.83023007326466
237.36577572577679 580.6810834557127
647.5893260372944 321.72614399390886
688.7430949941769 626.4288733065453
796.4696421893503 408.3377186333749
52.05281104388622 264.98104400005434
460.78255131989 261.63903553547414
749.1759550629463 501.86681533538933
125.15836633994303 525.0889621661031
637.9459630968628 784.272257557286
80.45989376904748 584.166981591652
266.5155242592898 873.2239562407271
927.3997803622772 321.7248865565306
447.82554928754206 354.5278862845632
274.9904979476085 665.0432067910652
838.0992625751917 894.4897936596759
564.3696656766596 106.58454511007287
326.4765042818246 683.1858135468412
424.1188379982103 650.7684856274851
762.1178540244853 974.165526898829
735.1296035480989 702.0526400796708
699.6395001941679 45.309979013276475
653.2389545851869 592.9181169343387
967.9516736696419 740.2930449324618
398.1989428887533 335.6850414093581
