objects
903.4874526427941 655.3187676086825
444.58380452148674 945.821744543945
740.5309565547882 922.768755216863
274.3946108969202 62.13929875063856
526.2532028796337 298.2795651251353
332.97495078697426 96.10530886674889
322.04378016443036 752.0093985635482
809.4463362293353 250.54087151179962
86.01801360548733 497.54837458307725
579.1411919090883 436.94126794802185
493.8587113612664 131.91134699700567
728.7679438420275 335.5487730999895
799.554532310098 798.1717428269721
593.1965699057492 283.4671047693311
897.1077539534506 786.2198926619833
490.5448704742049 608.7665901560504
349.3561347163703 610.9430465938938
351.50582080855094 973.6660990424662
198.10304442004207 156.64641877029433
234.14240112385608 477.3840923200261
668.9187874076255 137.37199091022683
226.8055638919563 212.6257976711176
757.6346649285065 60.00823134679953
252.87161832091303 161.2145852000894
313.5821668113245 669.8580818999266
239.11746004392324 782.4510748783993
359.00411320636886 470.15290571508854
964.5260862054728 894.9388205777166
684.5708796376205 906.6969752872892
54.81229665240425 95.00887949771206
827.1543329718492 948.0040447120065
718.8617878423707 446.47529234169946
835.3426462085597 307.63022150447813
459.9534835752007 788.2458467783475
668.4920927101275 364.5458396760403
343.835912891162 873.6830443255134
144.30944552736872 165.26707289508974
425.5900826112811 263.4507311772962
182.17961079239677 382.85763901959217
648.0771525120434 511.1604325246014
604.2958464761307 337.0009214531779
576.1586555077256 929.5489739329913
233.7614420741227 30.116519435658542
947.1340764388938 824.0729805191104
640.5442525393963 89.55306986751188
403.3208965095603 689.0916236525848
727.6872034524612 542.3706459430654
897.8242607959106 575.5286774860183
166.25898714287626 948.1331192894125
396.3560964505197 201.32472106645227
843.6402509385106 411.9225069762618
135.46063633117848 552.8478425761781
268.54600983526177 702.2792820166809
873.1198814363705 205.19759708894952
544.4605923847442 775.1492962072654
965.5961192375756 43.56764159664177
93.2884353043756 684.3836005758583
671.3566596561559 460.84325170170337
428.4843839061391 139.3348142287858
201.5528248752215 100.3942641766434
152.98686491059746 79.39366884593969
608.0780463981976 393.1371372840572
963.186975574944 754.9210427563389
447.7483367865647 471.93284222553905
945.8350220500931 228.68574498936437
900.0532904465507 82.89014815048023
269.5523202122306 408.9696168674369
205.60881304648345 883.3994564620889
46.61770867650361 226.48700458104867
606.7472844479712 621.6494103604482
131.51799474248492 26.6643316454216
915.1813842083722 395.46955652314125
531.1146496062626 532.0970916851929
715.4744699810749 384.2869245359712
831.5127473364541 134.2075729057018
939.7025274841653 495.93879656639785
437.0111777650003 865.4884504466069
702.4246420458568 646.3514881090066
361.5544210337103 165.14385556636773
694.210367539415 241.37936302336527
678.1491775165061 857.8947551943936
229.17606440506495 556.8857235984501
27.828549835677695 162.56622293489977
497.7645385010911 198.47206633237758
496.2986529676235 73.66777731177835
526.4350400759195 920.1814599386796
783.7416408915092 360.2916694459094
615.5023151125348 972.3467529441092
414.927504173107 815.3336104230334
88.6561441341694 972.6359972173823
971.0625096793926 588.7160120628276
101.43103300041346 135.39003506022945
655.5986172033785 671.2074879926704
828.4907406631268 613.4909389714659
924.2243205484893 346.64943451352224
308.0761903663214 311.73951673112526
483.03041661486316 696.4187113034519
404.703833689989 48.75217690947977
570.7973670970033 93.56637603599016
102.16188119095007 608.2117894678928
46.10863035523126 35.64750131572033
512.10628021276 826.541807343922
759.7760758103944 730.441465502472
590.6222682474352 686.8112996188313
132.5925366832041 288.1968637951338
524.1592296231 477.74959681288806
48.33660574702627 787.7133647558305
703.9453462021379 762.9586144637958
733.3428472228447 205.48283600844601
93.53000118836474 910.4950051836398
292.4241782691194 578.0962343664014
68.877987480419 349.08794321133513
852.6021164229048 48.35065100372491
410.7527692364006 398.40310886154805
340.4807574708249 925.7623169858484
169.18728443934765 661.2897551001239
735.9754299376027 811.3019276052039
681.7410040216985 40.40968699745109
877.6039027132935 487.2581533592618
275.1006063935317 237.4401658297618
509.27780038136706 346.35853558410776
671.8998391472909 586.5725769839194
957.6912758997024 973.7308479650324
766.5375762143947 416.98382545778986
645.1798287270105 218.57466760263833
471.661619748049 29.57328459700068
830.0297662133567 505.5931877053526
965.8318653776914 694.2306045282344
211.78206990681258 279.6165153423627
358.0396846789604 365.20988688751083
836.508766771015 857.8989315870846
633.805850090203 832.0260562380827
465.79090919716214 309.7747352530552
935.2589602005831 120.47183408144194
840.4067626971272 737.2125013233233
229.21538211095753 624.6988113785163
26.374127938366136 851.9706158253209
174.4988167104873 742.5778661867439
444.20859762480853 81.94925059296746
736.6784281208724 141.56650839192892
49.756583027756335 423.30894394972427
78.22345401804222 838.8741525385682
600.754360568062 768.9701544710118
559.4546796632769 578.6182014491158
631.0826690861248 27.982095585269462
383.47449379237185 298.19735021073143
95.64242240746097 232.49174931931535
250.88290631826888 952.7803760614469
638.05335554096 735.4148007200719
326.8048799643498 801.7002029387845
