objects
318.5224092569245 723.4052461833005
942.1180274401112 747.2709741947835
290.5222483956574 508.15838292911053
260.3396652822334 916.0997699087226
636.0150422157145 37.41236421056109
451.8491537428856 434.3703816325319
84.46780259797879 365.505635043895
680.3834851793766 275.10381461547894
642.2219534202839 102.57345576863838
203.89295698453816 434.3605832084001
261.1537099527858 128.55437188997962
852.0321615987323 514.4793045755775
408.8603768156906 335.2077589598044
40.89282115859197 867.009302609139
544.7202511360822 286.88390982261296
542.2167985096095 134.48517643985954
901.0926154962522 164.5561479386731
268.20921129643926 702.4496113312364
415.88082598967867 566.0401194286427
275.08216165095405 309.4094782435173
473.38680820415726 960.8060089180033
837.6068283337103 711.1189707441923
89.03601509395368 764.7338844286913
52.22660982251024 303.7281154688072
136.16250455995728 572.1510532806891
222.9121443712083 506.84292585352324
809.4345328448532 775.8972292390247
112.17583099632539 856.3362009501848
946.2640667867507 477.41447659830334
301.21371742065605 383.6183925425529
268.47242688952457 865.5418759649724
969.5134414822719 550.8678869333933
161.57851991116328 402.6564873903041
625.0702953689457 914.1795427385782
365.9400398615194 795.4025582915141
293.3967849033192 37.42570306886406
686.3478500928594 876.2632232918799
204.1788337425479 760.444276026594
83.00090763840021 104.57141149102418
599.6980333024978 502.26600251226847
41.28723827980594 721.3988470568015
265.881223904187 772.3135098245427
353.97960217045744 421.4070506034809
708.3760869488701 705.535865686203
605.370847153127 820.8305935902303
121.81931884056273 240.55603080351867
191.79806594022608 878.4448778468736
544.022284052574 649.4401945522906
259.2081336844647 77.35375837826625
365.84787849922037 964.7494054534953
710.4513008276712 633.5874828118035
536.1942397684123 865.8345273431348
722.9340208801369 574.6895827866343
378.1534373043567 602.0632152577878
721.8037212807336 963.6563150480453
946.9167373167613 182.61051487059424
927.2756665804068 29.201529103700473
558.8025944797236 707.5679296154467
688.7511613009541 139.681227850974
796.3116063421728 210.77498883063663
324.13038202847997 886.8888811330206
623.6924128622007 970.8628840798058
793.8435545861686 565.6877008075629
752.57981745968 423.4328777866602
722.5441976848052 339.96343635654193
321.6512325082074 592.9469670866823
471.59090384436763 873.0073616088633
683.3504085456473 450.94425517185744
932.0879652897614 422.853503583579
851.3297859289517 436.25394292463824
391.2513483056517 513.9732721531608
930.1105880363081 683.9099190056955
362.4613489252257 151.95475464001717
489.6772148083227 775.5543487464255
483.9418153554575 177.57477713866996
229.11304616315627 808.6964272334105
718.7567044406596 220.14702645817016
546.9653567370992 25.737185716851904
758.8044304345509 665.1868962603552
47.45771145874968 954.0044843342429
36.387758565847385 162.69031945337397
197.1502676042056 332.9400274701953
476.23397334325784 311.81147217924956
452.7191783438819 252.30588589020107
31.24303337094028 257.91162446077925
123.05418656926811 914.9720598518413
51.93689083915773 415.89103031085716
771.8675574018514 333.2150634416297
660.2885502741109 525.8685108056268
670.136394764606 585.7999681572886
822.8038299921309 352.8878452566113
603.5361631740318 283.620629953557
95.51301086978819 680.0144008545853
378.6122116036472 900.8110809554796
501.34772378535774 533.6208797626437
860.7651619894233 245.44248599237125
762.9755140472738 894.0616891572666
213.00976321575328 284.36559391828297
598.9497199807175 745.935046268837
365.1327698614038 661.964422594616
465.03758165371926 592.8630400794927
747.5273606628266 783.8499650984999
582.6041387838147 104.80193436526662
266.74057399201644 593.1030610939656
863.0013788140479 773.4752162181054
748.015022827002 92.92001961132593
834.6248254007429 156.58906685944982
843.4066437640752 648.1061300648415
667.584957128972 674.3516296022689
585.6336915713305 423.401119774842
426.2238956265782 678.0099868912108
855.4425209317546 582.0739575722182
204.14019485482123 102.88884799545848
768.4184065811273 257.7793819288785
327.48668370047926 296.16672545479406
481.7488755018311 51.58381595407205
117.87930285173809 633.0721826639549
401.00492629696146 67.31667181581501
735.5210050747925 505.20259301001795
152.05394413348478 966.7286426559507
30.091636595082445 672.8951542192257
63.34744390666336 464.5415421667046
892.4178928702916 630.5960404110294
789.9400320699756 31.04153179424761
970.0342353247141 246.91834727716494
884.8892994768686 71.33300893860823
172.43673390115106 797.6687833634784
686.1282285658655 393.27809941087065
423.54988595320657 383.7608251140597
633.666634978315 220.0389364161977
417.59536093104055 783.3686594598829
918.9426949251531 816.7767262543781
588.7136489096642 198.18261378037604
110.32368736503089 511.24789589306613
62.16771680999659 635.7463675246578
821.3962541337474 78.65339539746408
898.3481104167614 546.6517691539227
383.86346437045677 723.9592151119452
214.59973433899907 54.16195374116073
260.2712981350914 412.7661836114166
318.4834604042947 822.0308819830682
597.2276845269434 617.521110308604
474.840331296949 643.9666215936494
315.6246736445511 942.5166675140802
212.78848153415834 655.9718924959634
817.8563335081932 871.9971456229737
295.64462975527385 238.73865670197264
567.3626478790655 943.7108609571669
940.5641079879558 91.57377896448928
433.1518817641411 177.50151998916513
