objects
636.3859482603777 192.0839344044211
431.48459400211743 497.7136262420055
755.4858563585497 368.69119377191197
891.6227143596906 454.4114957927938
174.5616029278216 173.92317784014728
555.7478572595736 697.8752547557158
499.2364732546596 231.29857774071348
128.99118452978118 328.6043857718719
257.6543283087182 309.4423616605504
437.7036892256914 739.5373346334521
885.6476659920339 37.9744876753219
815.3094382678854 892.1142708015597
249.63012442284332 880.2730875435686
502.8074374263059 405.92430176503376
268.65559536222776 97.85092474229297
72.90772705540323 315.81204321176085
631.0980240809528 300.8773702797214
505.616477674103 582.894796571234
254.34299583105167 411.1771066022397
383.74033890039397 737.4376226646307
819.6363633009736 517.3865301864126
924.3845991632837 308.97831826590567
135.82375585474378 653.4611600511499
960.9246329913063 565.2167299345687
844.5439140677162 949.4393347084082
869.8211556616727 198.03462677592773
375.2658680920425 659.4574965183314
27.76419232782833 687.8814262947469
546.3143171377806 126.61683177729194
194.10737321917574 827.4387458833702
565.1633539793165 259.41752283991434
483.30964847441857 493.47709760406696
275.90053778020683 748.2973287400356
394.3628295989816 340.1252453735231
961.62241747172 974.1410880897903
47.26224686915033 609.1511957245135
750.7004524676299 869.3155663147008
811.9356470982165 461.44817748432854
330.21949261917314 733.2618369299396
95.23153273419783 896.971424611094
95.44793808128476 548.5126552432426
126.35386638076797 509.81511743551823
325.8816757784113 282.0691747777219
103.36607933523693 456.45691956961997
54.87865570829946 800.3569198936212
903.0995367733087 717.2840671507269
310.974394334508 415.44638805952917
958.225181722247 842.191165018089
152.174785786246 105.02894873394449
743.49897750422 43.473026507109324
349.24288417046677 923.0084168836505
651.8945129082539 661.0510707134605
889.2607452596842 343.6806465999192
894.4354705061926 956.2615478538465
677.1257609583206 270.7900337821302
61.65367108942607 488.1847151293696
63.38169196911646 109.71224392830896
599.4331147923748 836.5365087464094
426.8653814668104 109.70329792986306
65.29321647414372 966.4332600385623
191.72684672536604 608.8295927396501
891.5825039157834 514.0899756901165
614.585240518203 618.0536512175916
463.0110518211414 913.7356302842787
519.9314248787479 953.045601091313
894.5399969848668 631.3250191468109
767.4783010445116 621.2584964734561
882.2208327373538 908.6578601458473
169.86671983993563 361.4543258805902
749.614865096429 93.58783499656965
75.00552887300324 259.90604451964197
585.1757485978825 537.0742501842592
605.0731788310941 74.90301615104985
566.2538844109399 403.35559988434727
362.898962615795 164.88545277193973
366.9310358025787 488.3675295269632
236.54935363646163 706.6965572960436
25.474806503264602 158.28336614540765
275.54851899761246 175.01006927148939
217.08706373074537 459.4919796151229
94.44721856823345 364.54271405030926
848.8709893889645 274.61597585400074
516.981582617078 762.735086848695
765.1664849375544 417.15771241203873
64.73516761255965 211.17588109245648
887.4675187141693 107.62359225610349
244.49384658598444 259.8762976875488
179.39215040651789 508.7694070545731
516.5791132301837 454.21974646521693
657.2415300819879 390.9145639538669
26.606572215022236 449.3985799946122
710.2698874887835 523.8565905701845
787.1951792213624 556.7354100050857
425.5872686549607 628.2526383699552
752.0887264316757 720.6176001923169
102.12283183852692 153.92767360617216
84.64671758008247 740.1243780958904
431.85038523271754 56.52755279586472
472.14811970475085 278.4028960840436
656.4798790256579 90.3156395852552
703.9038391617114 638.4942902570144
669.6072336813905 859.4927558470633
500.37022390059155 710.6371562052641
215.22093814990538 99.22733653981285
702.5544306601429 184.9846854310945
928.2939234188221 408.8870264841812
357.68994652532797 872.5905431339169
392.6112294753328 799.8941567045566
534.1799332279654 522.3065300695149
285.13643137347174 574.0061305471448
936.1657632301986 144.17278132056248
289.13351730743733 953.718662559733
584.4621912774837 344.124716200019
433.9117804852693 181.39220900553383
225.34206684127506 169.2230716594786
123.05231465471356 206.3503047527702
564.3883534358332 928.3000848147971
478.0975296832693 792.9595822505457
919.853596595241 245.66159486855548
728.1239572341958 796.3999650319863
645.7198899654754 805.3615523885844
808.044644271802 730.2779388303893
364.5047080698595 52.30916121564232
733.919166874525 317.7212344534878
480.701525332897 108.31043715285077
738.9274794980026 461.130651637714
931.7700670248963 664.074654883043
763.7532066848642 918.346779983311
69.61867139878555 655.2109810595882
176.7618810410165 36.642404182445716
659.3579929568839 574.8727185717933
895.5707861037774 821.8649266250954
813.3862380128454 387.12739379493627
376.22444286000496 401.43732929299813
533.4567300657332 313.26751686548863
323.71674756326087 105.82375386633385
270.1598807087761 33.95970802329107
297.4741622861677 363.0444335817167
806.0194253461707 151.3245515023812
438.1570380245052 386.29821210443674
184.3753560958128 901.3013437443384
830.7746837535796 812.0401291814198
953.0067269329152 33.60854802986876
369.5646706619309 240.77371276376041
302.48791588270416 482.70445719275466
558.4041039895368 626.75768308561
643.0575783327312 714.2198882361523
322.1454319345528 209.95606364251344
821.0837407042205 232.0320592021907
99.1453789779037 34.89632302017005
