objects
460.57860827445097 250.10335743528094
968.7882000338855 771.4954702362504
57.601286188145366 841.8032627782203
715.5621939505547 487.52449013362934
327.2498711219694 671.531298407498
940.7122585800665 492.7132631782092
858.9092019622042 82.57524464317075
792.2142920373985 802.9176355814236
904.0585839788301 779.9719059835088
519.6433765574743 131.08649566889645
344.9454016343994 424.9668642902673
868.6799636642431 972.2177916561278
138.71115867702235 812.1338512489178
353.23643455203387 510.1537765048147
843.8941819904909 824.0626054317332
862.0187049283908 576.4202442303601
220.07168684842546 947.3110788249317
713.2708518895747 344.62487109276304
91.36338114569807 935.1173942839782
412.2304651738259 708.2801109179347
626.6400928751947 796.0089734588672
43.352784219406914 545.1451768105702
89.12898621241646 96.19040956347023
720.7962736951067 914.4716962304093
614.200348709881 592.3562053159816
28.380409161720685 47.71329299052731
30.026913181676473 123.7258155488068
779.9512819552266 943.4733253516611
386.65564237773384 361.83170817345524
674.2984165985152 432.5815961764127
267.5628652811822 726.9895456279049
435.08496528393994 925.0615080062215
147.25784996741706 544.4850187463926
222.16952054540474 465.99807647387667
81.8204850836808 403.39319610814204
820.4935504071522 628.3279543517612
952.1133648605946 414.8777583515406
754.4460705841893 545.3511823971888
678.721680203089 146.10645177571797
228.06664937316307 54.275444170337686
642.055474303438 27.057085172799162
106.18698622551547 773.3566776622911
855.7150758064638 459.9476360974509
212.3110467913552 649.3358307941769
522.2808994403988 368.1638932507105
85.43516723839845 491.0652891062121
318.46979455557016 875.7920828506145
834.6422452816552 129.83942189526542
436.98598560087424 328.73133380509995
867.1378694440369 223.02847496991228
505.1961888173528 592.9313395493348
508.38682060980113 184.00632911935244
696.2205202895192 586.8287463512007
49.86208320341915 456.13746281281294
166.76556958310675 618.3921873433942
312.3065923428853 218.09207766604976
342.8019807778514 943.0577016345526
866.3331202601196 357.3182526256875
323.62016763444785 278.0356144690688
203.69962968387475 535.9412868140904
672.0571657103385 535.2294626671103
419.19522151178523 124.78778649632034
454.11507641663815 814.235854770027
724.8275674136281 294.48605881141884
32.48087646790905 386.22086279033323
124.84245514456863 344.885048156412
711.2593312067569 73.15897577655525
142.8912832892234 127.6074044856991
569.2082439252122 747.9539182589813
690.3850362290187 223.63717299846925
626.8430873177223 937.1367149867742
300.56583945647526 132.2724999881803
295.6465127705733 484.6973304697118
537.017365852016 836.3181539098542
64.88653244443476 189.43701628174793
723.7216728092908 966.4059147777297
311.4593088120608 755.8135992836538
51.41926952009888 638.672712644213
179.79467130359467 261.18094583134763
552.3295635489751 962.7038382826709
605.2292675432005 209.2330542424291
113.79472177315753 616.3887957163407
169.15161767826098 893.5228640818979
732.957685538468 792.4617182537936
493.98671088405825 954.6138347689365
764.2844641745569 389.7255577082994
82.58937817794325 34.06321295917372
548.1357556981274 517.1258171682898
106.8987195550074 234.38229512546263
533.2289889335163 916.7346713008573
778.9455289472726 718.1429191932735
620.5595999111998 135.8925587778151
483.84050190977825 419.6755907241282
54.04623249988062 324.4422936464011
757.6625814198974 852.6305525607921
633.3972039173907 262.28547035982
270.14948094877457 264.451579859801
619.8947190946886 527.9196734819515
753.8938240043452 662.2239288651062
422.37512140554884 51.87390288178916
871.9518053640927 299.1693705956146
865.5708995921615 674.9783404895566
203.29797274242875 145.12753395451355
292.1484675521919 921.3547379788437
511.45581983955833 722.2011768942274
776.4992529317971 445.7088425812845
694.5320254319985 843.2340332532287
970.144011627012 884.5314679770385
215.6599446596003 365.7632980855649
824.1837645112064 885.5819391019464
352.4142542314003 185.74017392876758
458.92609141005414 164.6254602012831
240.3068029834247 191.3541861746639
38.744350861537725 780.0595033755361
907.143423871909 644.8730068488003
948.347973083612 340.64851373413074
609.1199472361565 377.844877381021
395.6854637016848 542.3175385753145
353.03921061183496 718.6627233910123
921.1397251924716 950.5520472951698
179.4636896283149 327.2557136088467
213.63865632715272 772.5821939842187
795.1019648593671 187.11359205841376
400.3318826884801 489.287868135531
277.60214866370285 319.50400234065324
580.7707227121066 39.97067803416482
938.4885085411344 562.8159408558525
570.7707316066619 677.5434825624278
434.5553676635694 379.2299449494213
931.1013841422807 209.66868387455298
812.7771430572312 315.62806073401026
566.8281073344247 464.39703874749205
971.6415878608092 159.7362619508832
778.5251312229442 38.80449449789099
406.33736447364294 288.19562872843585
141.48332735727521 26.053677551589576
211.0118897174918 822.824044420361
383.47942764266134 760.5405630775372
910.8417977927323 133.87559410698518
463.4746668758002 466.22081921022044
563.9935222790341 259.9285718380405
28.80894640420266 706.3958818446978
146.07087791352532 421.7619027899031
226.30326570140855 591.109033601453
280.60591956452373 65.82201552413152
321.40356271063087 599.1057799291192
745.9063947252573 157.64696396968776
688.9714824082162 730.9603667370661
412.73926272048993 642.5955329281684
809.0297071930439 238.48115055979068
