objects
336.4546486632898 243.8708257391468
260.38824857288984 455.8700279710499
701.1237958920797 931.0623540449384
31.87331761882277 728.3947941097749
191.4664758393839 645.7973612473921
500.07593107233316 589.1616640446241
961.330935598374 105.31358554077303
646.0996597907022 375.6775667431544
167.6813548067853 498.27532559660955
508.5533987005042 245.57071716842162
646.0696011169264 895.3417568302475
88.36072941717796 649.808042724885
475.5134942525884 747.878013194357
949.0650823472387 690.906470561456
97.19087157444301 482.5890079954507
396.8889458053447 651.3063867983955
597.5065202186206 827.3597338031761
912.2495808440509 233.37178282384363
205.73814600144894 447.3202514274909
847.0123184731334 186.0916438235706
141.54681229712787 425.71453568268043
533.4690404385864 433.3283021241869
839.4645746675329 871.6950842590038
601.9113862040525 275.4718364092247
938.3596028355381 599.7194017073414
824.4813620516753 92.23526885780151
178.27945676929428 817.4559815023466
286.8531928994923 338.31040780778187
635.8041372975415 448.58133063369377
372.72875144041353 44.895019344062646
77.01768016571205 761.2501923359497
278.86927794830297 824.6757631044875
447.5028415280292 886.0271811188038
771.9962005665117 353.5883212933583
477.8051131643731 341.20099055205355
808.5557815226589 743.3131083780357
363.7034575453153 322.0359094164043
658.4696241449506 194.11035984633753
686.1884291979469 618.8058518771328
771.9623814310659 680.2316110996261
117.64707348360616 712.0730186656799
466.5223752393129 141.0688783528934
725.2039603576138 875.9777928077411
147.9633939526515 584.6666211707521
728.8131713229994 725.3129186335896
349.67274191337884 552.2716917968856
36.03094776256765 597.3961445541124
792.8507822533977 32.99897810811836
543.7071933646118 320.0735317671661
830.881930341238 319.318305668252
376.94827260834126 391.66701070506366
404.0596337914109 264.98474592470586
66.03329029563238 75.90337602420908
551.1217954340858 676.6106367879172
121.01933751851158 181.6530424178369
837.7721722496668 387.1792218457085
958.0346128050749 350.13309153534203
29.130258014691325 188.9833516633469
120.93619905148307 108.73019726721361
591.232564258117 521.0142654276531
336.7021346684465 705.3532557805239
162.42924241543656 288.0940966969662
721.8983286670078 805.3437946549201
589.8025340451624 70.0816063865589
947.1614221596756 166.9121097055173
263.8978099484196 663.1117356739051
446.88558797243405 204.84974031033454
79.9023754699846 971.3751169266378
427.6446778479306 53.21620499012908
456.2439422109179 438.5878283730136
547.4968752314111 789.3290561395083
467.6242169794723 682.2215609273655
718.4627084022931 364.8016496028415
886.980030105186 518.7004295088273
241.49723129705444 185.33400778696333
236.56618354351158 125.05967830736981
235.51194623198947 272.7408938336478
504.00554901734165 962.3808188182018
889.1040276842886 358.262906445003
512.7540214406563 83.35545072048785
299.14623230764624 502.58671255659823
856.9840853825999 769.3158673622523
87.96370595072938 558.6985302095471
804.078428015459 597.8855376126878
828.4833384001536 933.0481551128915
