objects
683.2643458769817 687.2252496086278
928.7208643893513 561.9673808272938
734.9014634314284 645.9112204162815
351.43753242412794 470.3136821164392
878.179376418963 582.9917341198824
631.9574086250368 94.22803882750557
427.3235944030627 273.34705418459106
899.481047957525 304.83917142215233
802.1986262259348 645.3657804233447
861.0123939574544 370.01885956291704
382.71246535518253 364.1140610179308
653.8748158115991 550.9518521223944
734.1389591890669 272.40501327271835
227.02400968131786 195.57223785507787
64.97438068830729 581.9979821504812
165.92194603124378 741.7928928472849
108.14866570721748 251.60272195311077
441.66047408325426 207.63830649650626
573.3638511701029 536.5685922532289
839.093364657966 419.77370314845854
31.198128833125715 460.36049961700405
617.9504964950546 145.56590213334513
429.89355226643886 408.8227535494925
232.04785556662404 564.1646149380662
723.3928176374773 740.4173536678837
129.64875338777702 795.0482496273991
137.69437311075416 485.49307307758016
72.59197371925177 393.6871896720276
960.0723562712265 731.9351518061588
876.902073820427 888.1540208497089
831.4979671232223 835.146512399017
234.85668116825832 96.10368866266012
629.768361538044 477.6185177817904
890.7234966218261 961.9187534787702
331.1882256374821 693.2138579338008
198.13172897662037 916.5625759806774
294.5820599131521 741.7973494525949
276.3102136886049 240.58653675645763
419.61052873663937 540.3914459413458
749.865369896824 464.26455794996457
962.5425459872259 321.1944570819438
421.48815602383763 804.6507134109453
316.0483508016829 376.88534017183713
520.5649207056495 154.57496197571086
487.51525508773835 696.5283612247656
119.26307162443578 600.1226460474076
64.11920105955055 731.5439951139615
387.02543045671445 168.01665330486026
119.81899039675932 899.2265921401507
158.95284295569775 655.9959610071851
462.37330684962217 927.0130459390978
329.31837847577907 48.23137259535278
773.6882837244509 215.34180825276076
605.4122271469713 675.314622071568
862.506058886385 164.3531963164057
865.1752571201366 668.6592486480129
399.77356516415387 595.798075160399
868.4417390873282 760.6333150105637
664.2112579402647 337.2204217150534
527.9809225404274 317.4363194647357
463.43518067370513 622.8786562925251
897.1982644434203 62.58898566209892
690.40141297134 598.5374954257766
390.5478206459558 940.3444658389086
465.7297215986181 865.0830194071557
777.219753348833 534.928861765051
546.176071580109 933.2218410871641
863.8672187883336 262.56229798875734
761.0557405046696 153.52300847772239
500.0391838034459 795.9999683473519
786.4891412119382 957.2930162072765
964.2237939373181 77.1534307043652
261.3750911235414 500.93496569215176
704.4531503082253 59.47950731395734
760.7311626851347 880.5340546438794
679.4382353566394 248.76157711455036
615.4381637086715 608.437161493106
321.4689087290113 284.3209158670477
140.26518186223896 410.42814189029434
776.687759903501 409.3472383740562
124.77853450091214 125.76548759495034
558.9880509561099 38.394342603386136
775.39100048557 32.91082179498312
408.6636083803501 459.14292665215703
220.26114074751612 702.9318207046956
