objects
642.8419727326277 768.9618120839415
609.5030386651856 387.5185375812365
795.5852665669022 560.3729025418296
178.54793669244773 105.51732063390199
709.2843828847524 760.1874362626407
866.9390236041105 624.6822139661328
323.32437733728256 326.07506584164594
402.09428311554234 460.476008586485
624.6167359627951 924.2562644133305
333.8020109239983 166.597250315892
171.78510678960274 295.6929511159081
275.70954443096474 365.03779639911113
836.9999130075183 508.98910023766393
97.66489934582887 774.4141769710452
940.1755582208037 304.12326943609565
842.8730693561179 685.2077041697067
136.72758804950843 450.6104423470345
495.31372571183465 34.361523224362365
919.5485660659233 672.5530434472946
583.1296481296088 684.1270353799218
689.4762935131861 899.3256016970743
226.12413763840058 905.0947402381895
650.6415889599378 124.440552932005
737.3678084469437 233.17145806712165
424.2930434224579 65.22422938033262
739.6640909239123 487.79181209531106
851.9625062073846 752.3339612171529
487.81450969846327 199.9593957483506
880.8437175338714 387.0721903773891
119.33354079816962 132.09818131212202
411.4607054084041 574.2718370044324
640.3813477430974 297.1567684833795
901.4186928396913 80.54287812298328
256.39362900294316 436.14162703921244
435.59625612810083 296.016856494251
336.0294961109263 952.3814071744929
452.4491905158854 420.21147316745197
80.04208913789199 959.1031695677519
293.06417447805853 259.6539069865123
827.1899777016719 264.9757567407681
167.10109641641728 811.5663679356185
707.2589967141802 399.02367874813115
51.081326830708335 152.79948255885418
279.9638985945204 81.30792952034136
493.28174634210535 120.9628069049493
404.1349452227909 222.1963773254749
76.43549149162686 658.6373372421721
503.89084684664675 339.57150011742783
337.06945589721886 476.79340691472333
952.2328620086499 41.33619942127688
473.81127961058155 739.9401026514878
520.8364689506235 664.8893115649194
481.3085164561988 841.3117330228405
652.2260477728651 458.9839343944414
511.90565510891633 588.7455745196772
769.9133964416594 630.0006089250892
786.0015147231042 817.5524092457186
586.5938533417467 541.9286429019552
231.7157328684417 177.2450145017812
102.10620008940526 373.22439226604905
585.0656811045649 158.08278678280723
203.90458167791323 241.55344234355286
773.1648064526962 912.0470533081104
680.6873002505421 960.4399490303938
592.5856849256328 68.10533653955662
701.5455489678205 536.2789837014789
206.1427755059154 574.4708108286452
60.593567879559856 219.598713905614
110.08351959358964 267.15743626994276
373.44991615737575 692.9335626472669
183.2321060368959 748.1531940839029
808.4612020822279 143.3284986767757
272.86658304405904 555.5699480724776
594.8612955827572 446.93868939632426
127.38195322946461 36.871045436451
673.4551613814804 643.8931046604038
289.73877140859423 659.4344199792429
739.6421338860602 861.8004526160811
949.0401472455574 604.220673266214
241.69435520173312 718.1353974958962
57.03608732471763 573.1954790556463
969.0557148326014 547.7545785392173
831.0229012977741 883.6522187789291
39.815039917291514 45.24893270815054
480.9212299509033 912.1150714628254
185.5173097692955 399.6747288006855
375.5741703630785 363.68971399258197
779.3710668972367 379.3393243990523
31.24344059187491 915.0319976408806
120.2935336727113 895.6530063812266
202.26528988604318 509.05802014974614
749.636450358393 322.2303789869372
822.5153180480194 958.01546928831
582.2417704338618 876.9887188567078
266.85820340405786 959.618081563598
51.23929328900359 335.281934831196
91.78573072373263 488.1392365615938
399.48416765479993 943.0368523960543
297.06198415809723 817.171570313803
153.47388003813538 186.83252823673155
589.0477310446455 794.2892152623566
888.0814041247372 963.3467425921413
956.5501865265182 461.4968924661787
134.80790312308892 553.0594044328178
954.0972410320621 848.8235868465474
