objects
707.3621587283556 733.4908098963662
110.97733024867736 563.5220503269537
416.76917657929926 235.45525406055563
88.31589278473055 122.01197013493416
944.8249942532791 603.8726262940885
487.0059206680353 59.48103324946974
231.22759655661162 46.713030717333474
866.1131998950854 310.4433509707995
777.0993317925543 757.5402280903633
823.8865660192918 426.97189879190296
944.9441779513872 371.7475497518073
530.7751748552683 900.1856102501567
303.21960999384356 230.65707971321197
230.79137651507904 894.0161696013276
128.77080295559756 432.1676127449743
656.1929643543309 222.34116555323186
791.8685525227855 837.953459828079
725.2305724382461 239.3257491779791
405.6805532532525 817.6150463975226
397.67332895687525 149.433194399372
271.00979951965905 736.7960181870325
790.893559773145 64.16211080533805
45.36364948291541 246.49750502450286
801.0961581473401 371.23165267449264
863.3491094768264 189.6255063364851
204.45728763826887 571.6412013576993
253.32920720020752 325.5795458647018
261.1521868973849 168.30563948280803
956.5397309981727 808.8865932242951
289.3979288068681 395.60565898947846
873.232600031076 946.0793352791225
894.831102555265 793.5774596839867
700.6024171863967 929.0363325333192
389.92910204081375 890.0538809056633
824.5802703175626 119.92919543154699
32.05522219099308 484.15052948076
95.61303882138637 492.6505485711366
338.93721896752214 314.0215684285985
770.6930023190785 654.2280791840748
104.119892910575 824.3254335659602
132.0954058561768 370.5001831385615
503.37324900982617 575.4299486283452
135.49814994937384 646.7130108056296
473.8462417243988 465.79936072179134
565.161694047629 631.241821849718
572.7406185301556 477.617678298882
38.300011936194764 818.3646895174421
477.69368743955846 944.9026506811332
601.2179206883491 935.5323341441093
601.0607098375064 159.1311033859004
716.9563414866172 821.3500264322877
62.539226212167115 935.5121982216076
109.94408799579972 291.5918588622033
639.7440320145624 379.85791617361406
439.6063006175305 598.603320765168
768.2286258668775 153.12989549216115
957.973393633068 300.11690816642584
592.208656965361 688.7665672408873
303.3036706365836 583.5082904745926
936.4760751838523 732.1821221079332
670.369648243525 287.3266523094975
497.9176887442343 356.4772200904269
150.21377029439049 114.31300349770035
322.84827822853356 675.8887270427242
382.66819657018095 437.72971152682044
892.1526046392771 76.61605588978442
399.3048255614429 959.9603092590521
306.02678401127866 946.789112561541
166.54848128459236 242.1904327438279
48.75549890454077 633.2011091287959
173.17085177241347 33.86310326250746
567.8463320831293 415.47928857288434
484.52110751545575 243.0053019460663
37.73794407338664 406.05848427817756
32.19361775616686 711.5639242802082
676.7881571714044 556.4104949754118
670.1135507251438 630.7193460155877
519.4320059795614 788.5491504578973
725.3037099666335 325.36863200244704
964.3177544846087 186.00367058193515
316.42623296300906 137.083135984322
543.2010513828441 86.2900484561873
818.0653523725398 695.6427924814254
263.44489830621563 98.48555738353559
200.88828768272728 732.7639811173066
596.2130123764003 773.6407349889653
214.15443914721905 635.5545832145622
817.6336952041487 926.2208288053903
929.8075178241694 926.3293315495622
35.60107778664877 304.8858883483966
116.54808541929086 892.7070937325461
358.61599407843187 88.99364641266601
654.4382409197678 850.6189190934856
436.44952826669214 669.6429610968863
169.11049431024963 846.9644546960054
958.6908016799686 441.5724297593036
862.2400326599574 577.9722472529994
662.8451860287444 59.48661366148758
411.5460101739822 734.719782969176
606.9280774198415 312.7281081746567
425.263991257653 300.9201103357481
135.1462453154214 707.5614823113513
184.35311799492942 497.18876156648923
719.6654163324753 398.5422845316828
945.9480191796433 504.7081934858519
