objects
289.0820149519678 576.9296122601801
873.3927628289547 54.63986958172585
150.35831926455091 522.201198761554
735.0202151183074 99.16307971201363
574.1027816825148 492.467702367626
772.7715730399265 940.8279837302371
119.2282864839793 933.0867720709011
839.3025874881022 195.10354950511422
153.63510273283302 291.06233683916724
742.8389344824808 161.70013510409865
404.58958301797196 414.712180662099
552.0931835997732 58.70213027194796
680.7311885147924 245.34608204509033
298.2881230535528 98.64221405260105
69.2345943143026 308.7047832818465
525.153859364201 866.3457947343144
34.364077207104195 37.80627619723437
829.8861048767651 636.5654627876197
915.5597098776692 685.6983245155884
928.2028009463835 403.1304826627723
947.4508539211522 466.67574635955737
44.267774890136344 841.7565093438809
509.25618298783655 300.2814660695567
692.6175334288578 447.6445232555851
490.8892437212898 676.3830337654383
368.35198109835846 166.92830463926134
211.58466580300413 93.97434101755015
607.4243740852454 804.9513614401046
58.765307634927 112.17774399122467
342.16358582447856 723.6471654621929
167.758395631238 727.4851798216278
522.8131978442476 206.06563308612775
772.8230597786146 490.8354410330198
34.1195232961342 361.55598666301285
244.16672700708742 37.244778454087864
614.1719793804779 169.91707457688966
404.71180582892924 291.2639684614385
882.6227863100564 126.66403667013549
399.30649334675434 69.34093291793366
241.37738039017725 397.9976444989602
929.4499206355445 79.9737488764018
610.8149286552084 371.1663609634592
554.1654005437285 757.0628400393064
865.0515518694854 864.4387030699917
738.9574306790348 863.8862276217895
359.8772063209071 569.2663631621454
609.3822390052853 877.5405384749022
459.67466303649235 154.9975542028025
807.2584546427769 68.3444647249064
435.3641355847051 470.80516903815385
237.004599955333 472.49246246319973
355.29024677268603 799.1886343066744
180.36450217820868 946.046291367526
880.0873503149606 757.7569718937267
262.731876585248 661.5749310033898
56.12193319794704 636.8274379529271
859.7340639817792 302.20989929929556
513.9547554406657 516.7452752384917
720.2976159662729 594.420086759051
306.2656136018406 907.2181496236557
549.9472391006373 957.3692407528729
933.6981585969705 945.8576842552161
346.7665304610594 968.0350032076319
599.6867627309903 310.1244331972265
121.92183048586904 613.577498568542
680.1587599833699 157.28036059614087
382.49089245068 681.2666899194718
39.56601457385873 946.2758499446134
768.5483747199222 673.3437012253598
550.1939700645657 141.11393564161506
169.84539313574166 828.6358229961293
964.0025112999076 146.70109098556873
445.1582184913339 752.2818325543712
469.86674991922325 379.95426733962887
635.2195161374726 473.43380415211544
101.34339978616427 233.1838490908138
718.1432619959036 297.45324554691103
270.98172516160537 822.1989034510484
780.4727272481848 576.2608304274062
946.88270413735 278.79850248211807
890.0410995235385 493.01368660810147
170.23769785070488 142.8166856318769
910.5824390065197 214.3725806899599
436.16733826622857 567.4437497865986
216.09180957621098 263.94043251722553
179.75830168821037 421.7345362031
355.16834231386184 240.63988609205646
790.0441128691199 331.0561879521185
49.011718620708535 422.7828242027901
675.0508233000554 738.1568818836157
829.4154497916426 714.686898764937
467.40497092285716 933.4473192009443
253.17073732088681 159.49525089131768
571.5552433451268 421.359388934244
721.7931989356236 778.5434502367355
775.7930637808277 816.3140426653353
748.9186556235106 428.24958557823345
74.62259409833905 476.9171293107592
708.3728849702114 365.95186684242185
679.8355789939668 677.2985271806464
879.7627236649129 367.03061309250296
97.26410796737807 43.76729040143452
194.88051447119304 660.4615748751502
576.6304194512769 628.7418882225701
309.8065772632297 277.68632880110994
