objects
315.6757044554845 577.2968946289839
200.43867398861101 429.29275511501015
920.6119487393374 164.9527309823676
626.6415673939929 789.879981585311
488.5335678918468 523.4584312856144
96.83278907454985 761.031902118391
173.49105174904835 280.2323718507024
186.60214946991331 928.1978525484495
209.30708348693247 57.26125601750935
35.89806389584643 181.2480779985496
773.5706337879209 279.57231646871764
523.9677722785356 932.5782540908584
919.0913403821252 285.6014894855031
267.64922546922566 907.0437729469403
420.29205058969 103.93578198465306
80.83593134417373 458.3084598099808
949.3728466714763 96.64167005682705
198.1473289834274 165.8722160808702
325.3436613424699 55.369890859914264
817.8880364995804 101.91435613281354
557.2913688564865 754.8181550571722
611.3465242923172 890.1226560297105
486.64547371782055 599.5389819895232
732.224174648481 215.64161846685977
129.76342489682602 840.3762972756322
854.7967165669269 532.64492343562
372.3760847007704 746.7473483704639
774.5720885184945 630.7094889833082
648.4433919673094 105.43580475871227
308.667990335765 299.24519939096234
468.08003316793645 464.94595555778244
856.2409116746903 601.9816599835344
615.5056489023647 603.4079321778415
625.8827686329738 231.8710094764743
721.4084150559684 420.69004737118803
910.2037288917879 835.0330410547022
545.2133048170875 561.415978174679
187.21627604797203 788.9372228294161
145.982943747763 530.6155969320372
732.2418906894803 740.8854792396461
317.99675755838507 653.7383233915051
153.50897460448044 204.1711270700308
679.8145827274876 270.46557529993754
748.6825394821855 490.2657048517983
162.45567680288843 643.1137411496568
51.544359027700914 609.9616576772202
644.402961882509 528.0305639963135
589.9441691017319 303.89984527873514
964.277004708925 705.0129835556286
432.2281919158463 364.4644758191607
780.2880367467963 894.1895464006192
563.5565781757281 37.95372675646885
270.80220723385094 364.5716005000474
487.9418522496839 772.463997020987
941.8973941508078 946.5660775712587
879.9418343982817 228.12288011730735
384.93211035879204 222.55452851571062
717.3169603017682 675.7781020228873
463.71005992099015 257.6718412675938
905.6355899026621 437.9658311730875
635.8927033863062 706.8130816136296
844.9112480649983 961.9626976129211
534.3891017447472 332.51947253136944
146.327250133723 65.16968672352536
271.64535944316196 781.9235791222069
748.5794951408111 817.0738308634926
231.5384175422622 603.4292664145742
960.0674090842144 408.59379977018267
220.82929125710731 685.0196836126911
397.68760875354263 311.2397084042844
98.99766503990264 273.3521298975397
594.7931350790661 958.9251463303578
661.6240600913375 458.62779810192933
549.087148638334 646.391838034397
824.3427022938429 666.5713800799408
950.7354491426769 624.8630077736784
34.44911431316785 522.2753130334846
40.52650556257375 345.6149729919458
816.6833405177653 424.5846539901628
435.40049117048704 914.6416899203948
463.77910587413294 716.4260165476155
128.91085039824165 900.9889080544427
569.4010439577297 247.3832762995451
70.37053383243548 967.7525156762156
721.6494584582682 574.5687454131544
325.4428431717905 190.99548256216323
39.14560460415399 282.37850762318214
713.3564977899267 943.47609411656
446.5062770700718 200.51682539403532
36.88525799468531 784.4900502473396
687.9378182608041 159.640525269232
450.7530016362643 49.9788267847102
568.5519640955708 396.80003769120265
574.4088278016297 169.35104282815257
376.929459735742 669.6765570835424
116.13668838715816 705.6533683541869
895.8904735948806 716.8261114368424
783.0015729710785 569.5297033714912
772.4004040202578 153.96172820591124
419.65213437686464 563.5251922312679
258.5648730409091 441.94811848281677
889.708682920399 340.54285515493245
478.98969210878147 126.91872895727391
947.2401202463326 550.5937153434904
585.5040982769 109.87601315078803
