objects
835.8803553650608 365.7456317156629
418.60249190165183 432.63918716326094
487.9558158189303 852.4800954723606
643.2344369639806 928.4427432544093
339.96250643897264 635.7982611447528
617.9648598729735 519.9234994456455
922.2102511014923 214.97522971175852
386.3511624520454 315.6339139772351
688.679642046185 430.88265762947003
903.980148276401 283.1854150124154
455.97533145716056 91.81902440902388
642.8329178359351 742.535457689203
177.1655735027011 902.0840109711105
904.4355558665537 515.7568930874017
346.42057560362656 894.3347844053212
712.5560646069259 58.77457038268137
789.3987457256748 793.2933865010071
300.664763651053 706.1608532153285
515.6364256188477 453.60585395703464
318.0344928708373 382.19259447055873
737.166708803115 550.1668401598016
167.77768515326406 190.7866232094287
278.24871392876037 567.9700767151355
797.6170873896351 540.1349601771499
540.2185401561234 549.0349216715906
732.648409920294 866.8406375158194
611.8768661136794 92.21159226542795
893.656636695248 712.1012057762456
286.7235076408064 816.1740669975006
73.46598509920963 233.29311455891752
250.44046451189107 912.6721681774064
179.4323335598098 812.8129062832678
587.1572042772317 839.9267778724314
932.5788598030755 156.26216846539904
138.0373848594121 62.73404922400902
693.8177604492101 330.2416912614854
803.4288406489278 478.1664119750313
865.7701873685389 200.31586183439455
236.3511208994417 627.1180566159845
510.3335425976742 384.4278337936856
927.3717521762518 583.6256918055773
286.4279464293732 316.1297553109593
696.3568830801496 643.8651281991588
961.363658741248 895.4211356666682
913.3020968516722 804.3695427499828
178.8242262424281 729.5782062139091
68.87814327467203 545.4728533939301
849.7483867420807 672.1541760315391
765.5298192019593 207.09232062188477
347.85744511633425 186.5834341165235
44.4393742387262 490.35606983362754
51.590885562106365 291.8275074955296
725.7972048468813 253.36955343268428
373.6225829066191 515.5810282288664
870.4665238017192 612.4699711943466
595.0466223823237 156.9918871261198
262.6270919857569 95.62123800942587
455.4064674394684 700.4765103283535
100.6002683472457 892.3183791681637
87.65176509779351 768.5080790707424
763.3867254385348 711.976951558401
367.63718304431677 704.0281168083319
153.29480984978636 266.533065396073
354.2809047573624 261.98628442104024
479.47234160245625 300.6883522188248
622.4231486542907 583.17165925203
576.116302689174 930.3392925669946
540.2648132489635 37.460830201926655
585.7137072226643 687.3864912804507
181.2973350676735 420.6687750638778
333.3664450019837 121.56887373128882
410.0192928233305 203.84663076544533
249.93699220925578 225.66055302423183
821.1894607428095 83.87459033618958
197.6283258245485 85.32475618909041
66.03037140889076 373.1826968282767
560.1646222669855 757.7392501921166
484.4316727351059 968.4847589732005
426.227139840597 824.1955141108675
130.38244630035018 377.2228333089488
33.740962738407205 600.1160233788515
616.8169619871193 31.5114551675739
496.5436227145433 240.75297359684996
436.8910497771708 570.1058030725658
588.8967244743683 407.9732603585359
546.0998816383349 312.3797395493407
665.1473634857435 847.3985734222057
458.5149226952953 502.9107782569727
222.64475199248815 307.5835808542717
929.7587400838528 654.784259458859
764.0279839320734 401.72833114162
884.9635422486233 111.19286746662038
55.178537655365545 821.2069767218965
845.0498835503148 872.0404779934804
969.0445341949808 732.1360363326569
494.5322510359361 143.36460101735597
349.0398643978539 439.01273267296034
642.545527751975 202.2919792481136
212.97218226968474 471.68473030111454
47.85493036231451 111.20538861846973
514.3544590956507 646.9632585351266
170.73742927906758 522.5989301565702
906.084610664341 424.51668065305597
557.5016917842552 248.91746015352754
102.58116575574806 661.2809455628405
