objects
648.5754213368633 702.0278767716936
320.77571394482845 91.51973297853581
335.8111674399646 884.6150862616861
756.1785861067955 508.1513307505616
186.83820168411282 954.2437761354748
333.77430648818836 164.4397642749034
584.0611231057239 748.6145146585762
841.0960517219579 678.8221872409734
677.266419205605 369.8249746313756
696.6330315968113 496.3281757423981
304.38450718776966 582.2094734702733
271.42728024578764 175.51833384379466
230.04910473940672 365.2259965233014
566.7487901758517 95.3444449796344
942.6249819127212 718.5696928813823
279.4889436143344 680.4785322426108
641.0573474679294 125.0475594174176
968.48730463189 204.20828209455178
772.0817429355092 704.5145448249717
231.29088718452985 589.0516803527217
920.7508467872663 44.73258914695128
449.76889449595825 496.8726597022111
398.1852531616309 387.6305694606186
230.39202200156265 892.9161543958216
755.7911270863999 771.525634405515
955.9712032977058 849.8927948642283
414.99157324121063 758.6659273478635
184.05863790163883 192.30812695092263
440.2694061862089 930.561122764397
835.4681454560332 919.3083032578876
81.99176403874074 273.5500108307026
104.28510687510357 829.5181129869551
639.3441054327893 240.28143064637317
90.06619105767264 593.4578621256401
112.04528494612288 189.91971295398432
528.481810832698 655.4078587874969
630.6760304355256 462.3877177768691
938.8200156516153 561.4427478618566
533.9774208650157 309.07566715964794
474.7509742217541 342.0240534560654
909.7226617745144 889.0221724067828
197.13224304004518 724.7769040854138
324.20621459558225 225.79365800958377
63.33061513569053 443.3492245378214
33.720120511264554 562.1182418552664
481.88377448962274 443.9954954744011
848.7650689337553 179.48379240464473
799.5960900035876 47.443294451024954
260.0396399641169 788.4633809226225
133.6999557003204 711.4975140218017
464.18378855590333 680.3837592120182
546.3147562943096 396.43749438896907
803.5569423786155 448.016355686121
549.5266145456361 39.274241446589194
510.8578182435237 851.8973222315724
249.80522516984828 231.81677582590783
740.4339725846374 302.2548011350004
373.532482974389 455.94578950967485
843.4015894907966 370.44460737174114
131.57732874738613 507.3647487872463
910.7863536780499 376.5146856220552
592.1707405941631 888.5228233635959
440.8030920820415 109.06299548293782
355.6175007858596 734.5593009263822
435.4790173388199 219.13314580506673
768.0688813422211 119.75413753754626
574.1897847562288 811.7107460899383
114.16925637535394 365.1477536097284
295.793171259244 449.2254899081676
342.8802553986559 328.951481968796
55.91213985394288 878.8843231148405
762.8598945092041 856.8986256236543
918.3501994065373 242.19030076339973
830.4803085174926 535.6329864177565
106.53797326017741 924.086848527629
187.95499594250356 66.88307898227521
730.7547931188835 610.915533826672
810.1833456481356 298.65126037171405
58.22148959267086 966.83046667357
658.5116565312779 40.12225773233159
357.53805665018206 957.5490604677233
120.95779505663086 98.49044888635774
772.2580793745643 246.58016653159302
850.1642349755238 750.1372498703912
502.9824703572643 97.72974363437939
222.6972847090735 132.9814571234664
263.5590748528078 519.8875984013358
707.378091893635 437.0405680289327
43.54085470175176 225.5523535142182
549.5460196120607 504.7002693917779
194.9575754076145 278.3672240834527
631.7768398281355 547.2153564805401
890.4222980137532 303.41816147561826
706.6818671828299 101.79916518034216
329.62420778402753 801.3893419500292
335.994564970506 388.8090807827083
183.91024709084647 805.6255424766391
450.3373560240213 557.7503208028535
867.516037130091 455.554677930374
376.5255820773089 616.1650808573029
897.3943405116191 644.511949785224
72.52467336376236 59.026930105449246
522.5419655396156 240.6492702260212
908.6145262710738 956.5816553780177
658.1301580502228 307.19976355351326
