720.007 63.8118
879.697 380.306
488.158 679.194
63.8797 444.891
65.0218 251.336
758.597 450.525
203.829 440.655
520.328 542.807
255.834 568.812
883.89 935.001
857.161 65.0085
879.856 520.306
61.878 846.485
193.113 301.069
628.157 679.393
440.03 430.883
171.775 163.449
497.645 64.8315
743.799 769.197
183.515 934.939
557.027 798.971
514.475 933.027
675.943 286.832
342.072 683.478
546.707 200.322
432.737 284.933
656.948 546.783
204.086 696.393
270.413 64.0979
372.738 158.442
880.193 795.595
281.946 829.916
318.852 360.759
553.792 355.241
65.6429 65.3874
787.325 186.569
374.487 934.991
64.0842 697.078
743.89 935
417.022 801.76
