760.954 714.713
652.317 825.583
387.305 454.688
275.684 850.795
390.364 314.722
129.158 445.906
374.4 64.8588
290.605 640.225
744.835 376.661
844.142 277.985
654.422 483.559
444.462 185.596
879.697 414.244
584.516 186.483
181.56 251.355
879.663 66.4291
654.273 70.6288
785.263 536.891
425.301 935.197
304.463 186.142
402.556 797.057
260.483 366.991
880.29 780.873
525.109 429.889
615.526 323.002
111.803 131.497
429.087 661.343
65.0169 799.251
65.0054 568.927
65.0058 332.534
256.374 504.364
234.354 65.0339
879.684 642.353
65.0831 939.274
770.304 158.425
534.433 750.059
658.825 618.904
514.404 64.9984
191.379 738.977
565.303 934.588
