518.505 440.36
732.668 804.016
452.8 153.703
617.377 538.668
344.631 64.8226
204.735 64.5399
359.162 659.548
880.761 217.68
452.987 816.482
156.822 935
158.185 472.141
73.3542 822.926
479.421 578.041
880.447 65.1359
581.395 673.965
782.099 935.001
592.981 813.484
717.24 646.542
274.203 186.091
664.097 407.818
880.513 446.737
787.293 341.315
240.349 585.497
64.7328 64.917
314.977 796.485
877.788 830.871
704.064 64.9996
526.433 935.672
357.631 508.998
632.954 184.808
178.084 287.855
70.837 596.814
296.823 935.302
560.525 64.9978
566.737 308.232
65.0611 204.974
395.165 374.123
65.0093 367.644
875.304 587.071
756.781 512.235
