651.696 226.572
65.0083 479.72
740.717 738.972
619.063 614.659
322.578 935.76
450.325 435.883
409.996 631.799
522.195 715.542
879.945 812.59
65.016 710.782
202.818 468.029
519.489 183.491
446.669 63.9026
881.497 296.377
532.457 322.895
758.309 600.08
785.874 428.91
123.651 352.562
581.42 479.601
395.192 295.372
787.514 192.599
139.984 593.547
306.234 63.8678
218.858 839.313
263.27 342.223
451.564 836.569
870.179 65.1872
879.963 532.578
689.745 937.571
334.188 514.079
295.569 709.765
589.887 65.0111
290.054 202.934
665.656 366.011
729.888 65.007
879.576 672.578
150.831 217.796
76.6316 65.0101
549.756 934.198
622.205 813.513
