objects
426.68115582400065 764.9986343681104
203.2130929969303 804.4512222107188
528.2672688107041 921.2529431162668
382.7711761611937 481.5211235376729
443.7118359625044 877.9273108639782
185.28762865394023 332.6132821416413
398.81230295527547 668.2419782322042
611.2901554431949 418.22042065312354
130.33618858354924 41.80462803374632
692.6387311111872 919.3729213573832
377.2743137503624 808.7988099991271
623.078769303015 851.3534539903466
875.1874412820526 100.49131296933695
123.21647302291981 467.09263348941937
461.1446364797555 704.189458708172
763.0359959659719 715.1807394420434
45.693596803702206 241.65403994861163
836.0450703591202 397.7746753200023
638.5840583535618 702.998719564269
870.6733918306352 248.76907143524187
949.7946262378039 766.614791948394
288.62904174952905 349.20182343547225
845.4439330968895 618.874019863963
773.8786889703182 137.59455183280457
574.5852501303839 599.483434209283
740.2456830881666 598.0378752222366
112.4569555457596 224.97513661310109
399.13889024095863 201.4177926907812
276.4896816721026 870.818892260399
35.7696586562069 697.3363352582022
679.5792059418897 320.4406159227914
233.02789176634832 661.172976627011
38.740377873117744 486.7538594743123
523.9815392067522 747.6827588323457
526.6059705200736 544.9628992488715
508.52650598986963 384.4394641856206
546.6435700233316 229.59035849738717
62.998822909384536 543.8103760385314
53.27223898088787 878.712359828037
564.1799374829799 104.31854984310885
440.266729972304 451.7950695233009
389.78554659783936 950.3940937244816
546.5938566098628 827.0175369894491
489.4075984344677 312.19474510149814
772.0282248619334 652.1412477463698
607.123763014533 38.200649410237084
805.012315228418 505.57276135975184
915.3261946457799 622.9527629416694
605.4269335461236 187.26192634436677
134.38732948016136 594.9814499123324
819.5093057467047 944.4025783862253
194.85031026562706 962.0018175342686
801.2756656515776 247.5512614444131
347.0029816908652 337.5063297188435
847.9872279681622 180.85682755522743
721.9797494677526 41.9952300247067
297.9982022390164 501.3565496646437
342.8295020303417 634.0535845377992
554.0767869952152 291.20917040163846
932.9440963338786 293.89461058099806
240.89705182926372 288.8763991065253
954.8798657383632 876.2149503811432
629.0527248825783 555.5935933788726
278.0540604483985 164.60955994214598
540.9388207455125 666.8726342944075
554.8532274102478 449.40768848020093
746.6812369860438 956.2478828982465
651.4708852791665 774.1073006578605
452.8505927529883 961.3541209047538
202.96034589581862 599.3130581202278
643.7179566458699 119.9078420106336
687.5523253453584 521.0554937316541
483.4783284070611 253.43937824860183
219.39077410678956 746.314797103018
824.1361198703792 808.9895258362078
909.8443449499978 437.21264214760305
148.213208948063 875.264024084081
202.64164313742174 125.3823291930459
320.80563304996866 35.59314782071169
944.8933427262815 508.38646534908014
52.89404094910647 962.8443008015043
50.450040570705184 803.4707075845438
382.0931427152122 45.816134678005156
205.2374961717074 457.84353939453104
201.64665740642323 527.8433576350986
463.0487676192137 621.5933522726814
757.7810406527518 289.27703985489205
367.4552404034528 739.9795986190228
895.5024728185393 893.9418935332181
781.3401866320817 851.3839043137732
718.8623693781333 851.2493747157895
486.54398226348684 166.7740297513371
414.5128369578195 372.6244706356464
966.3307492194642 662.473991003772
928.6469251909352 209.3584847318712
344.992755998624 253.07050829524124
962.1141503355863 51.30244267068026
595.2319252997572 962.9781315942791
53.48740256023807 45.031341922501625
756.5749343648008 393.69722288812
163.69481777474368 413.2377267610859
98.76306288302601 345.78118671136536
596.9019561492884 748.1684832794421
464.1069238995695 507.7258872883475
241.2913350320377 409.4537272381338
