objects
875.6566090219687 364.54894046639805
181.88501391682388 692.8655826818458
967.5740038459718 366.1322002363689
785.2227641056963 127.07535670580575
492.23406838273684 675.2074803081508
668.3211693805358 893.9206140506433
918.0986014547939 633.6346065276704
300.76525296420624 945.5880092587189
41.059062106790286 757.5834879457435
323.0072666898963 715.5043129266553
119.43315764830172 452.30794253024885
877.2173426485389 178.83718963599836
332.9963612320511 859.5557613012312
724.5414588368885 32.90167884471822
640.7646501388006 712.6750816236174
241.4830556741842 584.0784095024846
846.7974680464843 282.49665163208874
519.8189858628105 289.6812578831445
901.9187997355874 785.9379392043893
466.2794828325985 558.1885402044078
376.61798324815925 395.69274752919046
737.2272997099822 231.42117102493324
431.3676178133021 119.30548119974841
529.376295088117 769.8867673682512
649.3907347440299 457.21265800196215
313.36518840028344 282.333856483456
837.5041007145581 793.2684438387547
592.6008554688524 194.33885650130242
583.832250543521 479.4145738712415
261.7788522509798 478.77063797814674
221.67873143196215 909.9690805020333
696.2516371070118 151.99432561267508
214.26047905773754 830.9337353119896
534.0099930066131 156.74686910087897
108.14652605104695 744.1297796936067
485.67917673577944 958.1722413385415
606.8389553070848 397.49779015361196
400.5373281314981 771.6718066789853
953.4732122294719 924.635966656925
173.1560110205591 77.74341798415544
138.20637660932107 340.0765392080364
418.2714080294651 182.13335074896358
211.9775680119863 513.8722509458896
425.7900763113339 709.67574726223
54.260586390660166 938.4994689571494
127.90913269067192 226.3604020789651
393.38645154671946 546.8109130724098
710.2388453034634 594.8778230567033
760.8255943559072 936.1430838928451
147.55668561696777 577.7386545119386
404.5922765714438 835.7830340227551
417.28808197332376 54.56409233409531
706.6018368791639 297.0350476484261
873.4615854959169 93.83802261112437
608.1868588529982 560.7762111379686
62.78595629854942 842.8856229918807
610.5689488790674 330.99851138645147
410.4264852101417 924.9889873580225
42.076542585445324 325.5194269398627
660.2532732270647 811.7192508850121
847.7342398792825 936.7019737528735
568.7658042920746 668.7590034195728
54.67104041916365 666.5756933823077
723.1332982222035 850.6125854373352
509.7448831548787 841.8723736654133
789.3058506204491 297.17671471671963
943.4754622111246 194.75658699863885
713.66376329497 400.2127186964291
833.148812204149 219.82145640915465
841.6964211960847 862.9336400503635
175.13599147585876 272.077613260119
196.7677635069806 366.75066844140815
302.6197150908867 522.8570890883703
296.4867808612363 34.96287937310383
660.1435920923013 653.1567571603446
603.5312451146731 256.02625995892083
958.7700665794466 80.60292172785624
124.22898035079629 149.46236354447703
509.3644877752815 221.37966750398465
593.4720548514981 91.87842596237414
368.8642816245044 651.8552555090647
918.9999265274067 259.5424479813048
927.5534809734254 439.9050666796206
318.07776210844514 786.0390671952044
135.00258148573005 826.4132908956843
525.0614347970218 56.09953887416455
546.3027952133156 966.2148666489701
783.3734014324951 709.8586046960718
427.1483226018345 281.67838740681566
718.4823040044389 519.403850269381
795.6403389361609 30.239099721886696
432.4363087604375 487.759274485502
96.81365462741297 614.2371186936878
808.5261468410415 504.6468198421516
272.7478300266141 208.33374561563951
530.0280277124929 555.9397993269844
963.1758195679215 306.9293196299368
277.3758967725815 345.5813982453757
563.20170927278 888.6690412505371
354.3035687537923 207.23994509101857
795.8616699882019 599.7850035723078
492.7518569718362 455.3533170769185
247.8104096536578 399.4945402013313
458.43922181566097 877.198770824146
507.43818860040284 390.0777477447372
