objects
370.7541375351409 132.12537886190628
442.1923643068953 684.1690469747037
664.2285495511538 722.5897444912923
328.1482788677599 892.75193898564
334.02866411077775 764.5242169376432
962.0934530604205 517.7337146690502
138.89925364226954 908.1619904929294
838.0534359631149 259.2689439005071
285.4125636627411 938.1354698501849
336.20526975094975 401.0863305854529
574.0564718211148 618.8233442512392
518.4768151268183 639.9111378547943
806.9073463628914 513.8733575557433
862.6718062568751 934.0946292473592
445.7477886656306 461.9678756777338
129.11107507424177 287.7606106186963
247.3149520255639 483.05861152703915
594.1547285866345 108.90080116268305
132.31463921663254 209.82913931697607
206.55570263066323 737.494556047055
376.7948341532676 563.9274775449112
413.69518110472586 909.6324375374868
773.8644257141875 829.9481927165349
749.0494791082489 602.6958687291317
900.306186001127 216.7831268036993
674.3654018738305 607.4936197838821
614.5488910613008 689.7330155475225
101.75712264505674 475.41566033438073
873.2322884868122 449.7518544854589
557.8524611629101 812.042850770364
80.7970373080698 386.96139725652995
281.849796672053 590.1902394941524
138.10959952881564 428.9556532507457
118.40422961335094 123.4886495410648
968.4673218726567 753.6305609786932
780.0816437023459 362.4073698748307
559.273316889606 178.678688475464
465.8740544590027 948.1723341605439
306.14493819005844 699.1911886815982
217.18745648276183 810.6944580171917
89.94863185497842 723.3406561434979
372.5095108986005 488.0288786826569
66.00356484849497 215.93732049635193
468.0084169142358 363.0909099932352
268.06369472621697 95.66350106078863
692.877205314493 387.8709417280553
758.6888795926902 257.93746642330416
167.3422189354755 571.240067978141
858.0422019427892 766.6606359251158
461.3813667957486 546.2099657791065
950.640713484943 837.7529508866706
246.50616749516044 299.0180112852034
51.7246323484858 62.555929721051115
857.2598871749818 617.278861315793
450.3977465285066 756.4628922782572
815.3485371440421 196.55410366956463
113.84515169564347 803.9052462253119
350.82283171623544 204.99448383449428
968.4919471645643 372.8881373116424
727.4270984602633 668.8202520013283
953.756650792684 653.1617860318011
617.0678662329501 799.3440220101294
963.4820537800471 97.0254605511964
403.541911613783 304.17033180907094
720.884760455339 958.089088085409
431.09461460667194 126.14377858884876
673.4965228956831 852.627018725892
191.09371141856994 166.17865006746857
588.8272572915606 323.72140095999606
540.6470339000618 734.0486518085286
65.01847179100199 631.951948757713
601.8626726715185 492.68723625499416
388.1866918257483 803.1354286460803
250.11863941272878 671.8548732397312
409.32184964942195 231.81412237802263
793.1292307789791 49.256333488948016
713.4765853955112 460.73316455765683
315.514167065959 39.60615865277692
33.82989930423037 448.24550043939564
523.1961782525225 34.49609916669442
30.68581625885691 824.6110742246693
747.619983015128 194.6692749823994
474.2896944913644 252.60833098741284
818.725242045278 875.9517316673019
568.6796450168584 435.1761725654849
452.52279547774873 829.7100529694821
851.3800478285533 124.18568178342667
817.0650246326945 411.6814841502635
685.5093117743726 300.5080532468056
54.5846960755555 969.7680331749009
595.3198440229888 899.2620570910387
852.4385510569201 825.8844839745134
629.2715858692205 38.839684329499946
211.16315344426295 380.70387517367294
35.474331508289225 524.9018114567804
165.80857678642676 65.68991845735846
655.9483161796427 153.51466911814865
300.7106476311425 349.61988154287616
193.50903420248972 952.227449672016
39.48090900003496 896.2176754040242
440.1838004431719 43.71905471697918
279.63801922892355 420.6938596140956
903.2666124514328 76.73448199256255
629.0186204071022 238.01920530341292
225.84462040579797 548.8199358913084
