objects
784.6274599115709 597.4812455707082
692.1776436493658 730.0431744477312
527.310698091546 693.2661211634273
475.4970608597544 815.0575387918431
925.0847009021569 87.18806775826955
107.55966381015412 403.10975526976296
575.2082127936894 953.3738173681363
253.44676357907358 616.012077382928
205.29329476021587 916.5608572432693
342.07689854846393 262.9456310331298
760.905213131882 678.6231674946257
712.2559836305363 640.9142935304118
596.7973209399311 775.5870366836901
467.76989276896654 71.09540512267242
612.550739031875 650.8583587655206
887.6442704052822 421.07748949778113
672.5923321287851 843.2617360440149
660.5901306696004 964.9489837062536
636.9915544577221 296.07700791760095
119.29219985183053 517.735859377976
944.8687605530804 223.45922580344933
883.676662591908 225.0703101086248
350.72512099703533 493.8521293946852
204.41228703847 258.7168220612256
55.417611383050186 122.90271490328746
792.3157451029193 777.4814475310076
280.92448977889904 755.4239876478662
314.9247447376781 412.58899186463054
649.9488664439664 62.50464260413576
605.2703854151722 412.0309423965941
206.87428347917242 394.32383719024534
271.8869297808727 483.7100784723816
138.04989532407936 62.06495789283046
447.41742450524674 870.4522327315033
398.28598449427875 170.32442322936436
518.5198685816484 766.755740656987
475.7873847601005 462.9201989672712
201.26231901551103 71.74300955191646
412.7990648404803 676.4789820932847
957.1345657710357 776.1894274571507
281.6022363348773 183.55614976246576
66.24798267216349 245.42973840748317
364.2427124943865 62.821581262057116
214.0300083479511 517.3755139530167
844.0230451285622 110.70304181423
366.08601191844775 720.6174688273903
380.8047955982166 878.1789696151633
856.7790734307322 51.78214531034613
161.942046090363 748.9239815507998
949.6333181187488 338.8162618446471
892.2542336661176 150.0360209615978
415.8062637207197 262.9987487874751
121.57334858701216 937.7268027182691
658.3627698170728 160.00390308167314
757.8444396777704 961.4531177927021
336.34596318326885 337.97855704692506
432.0601463792314 936.2759519644904
114.04047545873343 690.9929633587999
42.12984403166408 610.9125930472641
536.4688889805836 395.12775056763707
903.1949387882381 516.7159870470559
414.69122542031596 368.27223276149
747.3782285584183 852.1142037199767
108.61580633196164 155.51504926152114
333.30604859045036 602.2725069151659
871.3696922543961 939.8908191563614
121.57492063627694 868.9946965940599
38.66008227085906 521.1473931936836
825.4753492741673 268.1183832438541
550.010245233234 477.88757719755387
726.3719516224227 164.6537744136526
880.8369708860405 646.8624930415509
363.9816099228246 792.0151524955922
631.4766806633667 539.0101541237656
648.8979800379576 364.7309224610199
318.0440153986634 134.02723039943137
723.8769935080306 318.3521562891329
258.6117982707904 962.7895792176122
491.2046701093469 343.3090814936854
207.113265972984 825.070442036743
782.7101290717405 333.18690081128494
788.1918676285725 198.61324044688942
353.8739466290111 944.6105815360761
549.1642377043004 616.73606070207
637.8542735471376 470.9171106775983
936.3275792549349 718.7789695729209
43.612751287695524 722.1095969250918
290.1909623116798 680.9302408781942
750.0221991672591 438.60401056994266
481.01571679767517 164.28012464751166
533.289308823442 248.88978438816213
559.3460963801996 72.32843891378485
54.790204811621535 362.50941964276757
964.7780047054973 415.4047546218935
711.5263786619558 84.68514998690534
785.252726631969 135.37309518289575
549.5381859286035 826.8515839582325
231.9740615815717 133.9482767130908
513.7584034428684 874.3610332643881
30.99273954104213 296.7788952645669
157.69063538342886 440.58843648257835
709.4234058290311 529.5322933711773
305.17003568904244 833.8515083218858
494.384637587754 582.9597613131791
834.9946356065342 390.86842579469476
