objects
898.0128778578701 141.9279313856337
814.6434042370482 766.4706185151431
911.7230701123829 519.1917391416521
446.36392234977626 517.3307439881461
788.6613413468914 881.5262317112406
305.19063436418145 495.55716369108234
332.30867478191834 407.07254614468286
106.97944985009133 623.2910963461932
347.664988398933 70.14498162354087
434.27906402991215 251.37446319754068
896.2616968162898 816.4841801619672
495.3170981806041 634.932947949646
665.0701529332953 919.3318554603892
797.9755218449405 693.8916553191685
514.1085096898279 933.4516004128448
279.85799990371294 227.9625155580511
227.6388354083379 82.31383417443341
212.54009919078624 244.76921284062448
282.1814982130955 567.209773134787
526.6461586292259 50.75019758074157
804.817336379021 490.9260678260447
33.15929757514165 528.7801121052216
924.8310439941501 78.07176203745703
430.7236970730505 390.2932087741046
444.85303970686965 762.7505398430452
106.78401775471923 685.8914314953939
312.43668109089276 703.0548717481715
893.8941872288058 389.6882522190494
529.0885128636877 486.15032340259637
863.774643927662 653.6052500004537
716.5879349355546 214.34589737537794
203.85914508890104 581.1422570661513
255.9955832533531 772.4810196950452
139.79641427706042 110.0577468377486
308.69384533025783 302.0078852734994
122.8159149123477 770.2596262055791
412.0966084286224 147.30354250693813
222.58341740184022 677.4659654538009
941.1864227099868 587.0281432625703
516.7407627278717 737.9848165761348
329.62987366898705 831.2469284939234
765.3523887048977 307.66578852285676
617.4721602946563 491.27059875394303
263.97931047083824 866.3800629878505
454.7407024955583 60.37185208142804
578.0136259149997 598.5384104067042
175.96505264567966 951.1642326750718
647.9984698027228 36.90951504375361
844.6942795002623 205.37348109921288
115.20410953246136 260.03341213561765
724.0194413646793 486.37236863869276
66.21993192149915 44.97003644100996
191.98941068994077 355.70069413449687
573.3600641410812 226.76927820666975
455.02181940307423 957.1945019231036
38.40355279389581 109.18779395732068
804.3194960713412 70.27102990207115
759.7154981237395 791.209968482736
906.6858512105545 319.01391624751585
961.1053504039774 805.643106607897
910.5524554516395 692.0087898104205
882.3900056263332 910.6014609341227
946.8936753082469 926.3005598474878
32.81137331361894 170.9328388718092
745.070851125186 594.6510217591037
71.88007461409158 403.0168211652756
713.9294979693843 51.67394171990426
371.1864998137332 540.0050609297027
649.1694841876683 801.955546966946
684.9149820896993 682.8060546144915
547.9635473337345 141.53914228432077
582.6495808841304 694.7369633815911
401.84444018465 910.3632669070082
651.6000314331197 436.06087477621304
432.24279492341833 841.8791613767639
458.6722182202372 452.7196615465174
541.7165194248969 279.9313042561597
645.5936208293037 202.84848449214746
659.4080843098357 584.8216960347669
794.9102129826479 135.2249856109367
182.0972845592683 763.4227564562874
375.92127197487065 308.8223536441328
378.038728618722 777.7214068790413
279.33276904197584 957.5657638477223
626.9618359115823 380.3252418577099
643.8843779120131 312.5233857157673
581.4027105479612 965.9746029192979
310.15214167253765 161.20992689442642
798.5833598987559 942.5226532643022
693.078850696923 749.2470595225711
62.83948500343272 913.979206839804
242.28904158793839 168.51312886870366
443.26277386528824 686.4170800602078
128.45583988422155 839.4811801229083
159.52467846042055 206.4693443553532
820.5063450796828 433.7446920774733
490.56674790055376 338.1776405495286
855.8434018666243 266.5430328936525
915.9754562880762 245.39060942631895
607.0720923354118 87.52643511584748
547.9931250842186 819.8986419289731
367.6742464714441 235.0848147290032
413.3315357249767 617.1829535130267
55.11118515955175 254.7583558767509
719.9998701124146 358.682344154205
