objects
246.32810091685323 540.0091802913552
77.0263735278419 412.75772648822993
528.7603253491435 473.2320555806235
872.2972206893784 45.714847657100066
910.653913945026 474.5154967184176
53.86729923463262 654.5542955098688
456.69141261584923 268.12268702881624
798.7827312808068 570.0647868398423
767.3997181290787 448.56046123599475
315.7017961847374 463.9036256156067
628.057177596419 204.35556484674635
740.8131229513905 879.4876136067472
883.3472369250177 670.9493299999025
775.2356213216701 199.2380381979998
265.4249644034398 295.32425092583907
34.76233204829168 324.61738002462465
369.3745883369668 765.1863428671015
282.95315710366935 632.0117946936307
632.7821024216778 837.5476826001373
953.9002721005976 313.61534398400875
871.5937787004665 947.6433117287885
685.8053254781769 926.0184161273464
697.0091563361099 685.2427835830921
661.6330472324066 469.499832643053
439.24798026057806 967.3491756457731
82.60485932793617 826.191394484745
63.77105674776441 148.63665842942999
621.8085372477238 318.407316257211
69.79630659573479 908.0290829373412
63.36154005832027 37.270765961114435
362.06568008629705 126.08293103121315
931.3975116073249 546.1306091872323
358.1950277586162 869.614056030815
144.89958311620717 340.11911347877697
736.6649361418315 301.4980484646594
869.0701916461695 532.3324692088457
928.5377750662391 115.91340015883594
80.05062563247574 486.5815029887911
451.45353048931094 821.3778852362847
556.4839672706684 643.0460977602279
184.36005080416396 831.6909930801007
961.68054104468 662.6043699348307
784.4464132065201 669.6395991214152
823.0008555664374 853.4732099104252
663.6740189027274 275.1798087682522
809.0303901416596 934.1086306413291
697.7316912576268 377.66223468201065
699.6334005514123 557.7491785959678
508.21280886467207 949.6846847927914
897.3594727609403 888.6616034838826
782.5555316969635 100.31129786817357
509.30467762573693 715.8768029118162
496.77074392663246 162.29559377360542
339.57324632954004 271.9993770004171
382.73769381122065 400.8216939937493
539.7207258855772 319.5309509124847
166.18054991149683 198.5457076581906
559.0471895776875 774.0077500157819
638.9629471389012 71.06296134132828
919.5550298714686 754.7253206333252
411.1634170797423 48.81402241835623
272.5139909865968 128.20959192914975
273.25101947452845 843.0838757907377
234.75080815080224 182.91513992626938
410.90401219805824 572.3881833367556
950.7470095943431 170.5623104540505
726.8116286694886 59.534570157731466
301.5878882625635 755.7190579027442
219.9481273615907 899.7797054174183
916.964668996372 393.70398593049225
648.2084437259659 646.747530198967
563.5112367802466 557.9685283566236
264.27384564745125 946.2055695558067
394.14790889463177 322.9385641187787
438.9838812051365 142.4821169316551
175.06284641785422 488.4690008999456
157.93470071548967 569.6867238304508
713.7507393827003 778.6955279560592
452.9704027908213 747.752310466804
874.5211638406308 147.13403415065235
251.19979935352592 370.76664062478875
338.2430689308639 932.6045895693061
833.3450453801888 741.6003347099031
117.61911339773911 677.1271112522041
621.6410362329553 745.5833912529284
427.1349403775475 888.4232585344146
963.3326288910482 946.8646952262694
968.13214699189 850.0959117622981
451.0730673787983 448.07470107256444
597.9351356432626 395.97104105637976
408.5116028101104 225.28480297879761
864.864977416816 301.0759521987053
906.3858720021698 819.943270063744
445.90146344491393 362.1286106817814
255.25788028883687 40.542893887887445
619.0009828425179 954.0599460265561
475.7293249620219 661.6899744524136
322.472315074288 58.59315032923779
888.8711738893709 224.42258459003577
103.64062552425398 619.4490926246237
332.70009447390515 586.3311541569982
512.2918841871294 54.1651484395837
702.1991470563192 137.5031271042056
253.67034724223635 475.93216518890256
214.082302604154 107.34604846386631
