objects
211.80799743698486 443.9859186610237
467.5170290724126 475.06478754313963
850.8700273712428 296.25015549746695
763.6493656118173 502.2146847760578
602.8738943221013 238.3985031013183
683.4617435898598 396.59331058486356
95.60858360270882 296.10346518437075
601.1054381581156 688.8619628535915
438.6040272005764 723.04301412059
575.0126365535574 817.5900747281187
310.09623255189643 455.38356124690154
218.09561608910315 559.1484775960184
97.68600045672086 426.48335843697095
448.6672897645845 880.3673466037933
815.0136298075824 82.60554428111902
856.7200825631433 472.5315931602632
335.8897642747482 91.15182493752795
209.66989300789766 190.55349007756357
867.7615777236106 639.013251844978
683.3104995707969 168.310841367689
89.75525388834893 782.960444661133
283.73638116184526 290.5223995351506
481.6165588592615 142.85920953378445
245.39396410710526 924.4855685154695
785.7461321334332 941.3347481580925
