objects
422.23314494535333 288.07320033515435
50.22246768972959 534.0097767471274
86.90011379168743 432.86047370850343
448.04645615425613 78.14863427288385
319.44577499527963 372.8505171820942
881.7473352717666 943.5537954488077
234.15974317873236 912.0487184505118
722.0037008148767 973.0138166807776
891.6929096245817 499.4491316941475
138.66736881882997 942.2162414253874
621.2730907266466 284.2967028820402
798.147648580265 671.6994103965937
855.433658742882 603.8444756513945
271.9014607246589 693.4210404134756
517.6878010155925 796.4814819364335
170.62097565112745 790.2775366823605
852.6129657340442 867.5435474380685
565.7307034259057 333.4771697251937
32.95541424790284 634.3396043533357
854.982331194542 767.1683375944507
941.1762901018649 793.3779679328817
495.01580420516626 720.576133109122
663.4163126461957 228.5711786263656
531.0879356382217 243.80302813484604
776.5089092751264 176.0251853809151
616.2665362584681 871.1930617808817
591.1575659035093 467.2432343720019
610.4343140410174 938.7212477829869
246.26571030181012 380.15579224007877
368.71024158045117 410.68746474276145
822.2166168999606 291.2264389928424
363.65644705823706 952.1982421185364
480.5353627604679 900.0696431350863
823.5319970503498 230.71896077208874
340.41328475952224 884.1854003101292
242.85195453954915 209.81909402576753
39.318362590205 186.51074217203742
961.3967117726826 902.4715266327935
743.947873454603 633.0621013660583
177.79046069451215 845.9334541779218
365.5009629949237 719.0610007386323
77.50752877883825 853.1634583175108
595.9210399222247 411.11242225737766
112.93461506388145 350.26111162147305
379.3413028157994 139.6606787121069
