objects
626.2163712828424 402.8483471947098
448.6347157812221 148.00797471056225
259.6048702470832 219.10322528015806
293.2806466481082 692.8087007215119
161.352903444461 331.7013535753876
695.8004572289105 172.81484193279712
530.5223437315035 590.0786537049247
908.0367653167247 295.94702537315226
268.8722327024433 860.0269359775704
599.4386934180051 229.04121338106162
472.22109442024345 72.13440131981297
356.761719544685 939.3995424662944
964.4945037989542 862.4434247681902
952.6259489778541 609.879110825501
715.9036715962841 67.08460106076267
62.955474593999924 618.5154311165026
110.65552343621923 93.2526258119587
218.85818170018314 261.933765071859
214.44337711800648 884.7964334715426
675.1269512834374 502.22430883350467
834.4309144395817 588.9231467990594
555.4994053257813 97.37227856156844
970.8239428294034 116.42231231326656
498.21580355885675 878.9694126459069
321.1017046828666 534.7977853478245
856.3208252530154 414.1346662951835
891.143065442973 702.4758129972404
52.052891704223974 913.5120544090989
464.70723008734933 422.313264770688
158.8370586494918 796.8751813444709
586.0414588460173 866.7140994409795
812.2868630965752 866.9256207890503
673.9414267365272 583.8266411840093
809.4831036502279 753.7856010605717
486.04121773304473 506.13741422652686
41.80359820709225 788.0060173232218
423.29266079289147 600.2978434292098
831.2992661973375 470.23442716176925
417.2536992856782 326.3234857278809
511.80177713275015 738.1373990341682
37.198797187149054 540.458327316004
702.4325446968619 374.3825953157616
272.08711780270335 581.2623070503436
202.68560557034172 436.0026037481363
190.44459747627445 377.81748265362165
