objects
927.4082877019074 700.3445057816374
40.02627596774828 63.57218492714729
355.1433939329938 458.86555950100615
165.62163314773258 476.5679652704892
956.0656334033655 539.5919640297333
101.76621339906987 376.13941960126374
116.32049702960734 593.1991028545632
668.8445884008686 853.8832133990384
742.6506291884444 912.8260520699428
290.71505594707634 235.97772640770674
30.704899688754498 366.2568385143011
935.2381368693935 639.9850934922187
505.73102610116075 400.83276744501984
749.6665420023538 475.01692696377927
109.54885211135229 166.65649905308854
742.5663757295316 766.0349264705244
388.62663183607333 297.31159285969676
457.53738975817276 934.2460989760235
42.53214217405434 653.9373263105194
793.4871957640574 802.4450308766305
651.1534210301531 429.4042708114689
373.94210731447413 814.3445515730531
425.5571972009145 611.6753872892879
512.8690181609661 204.94789128628977
347.0157733027124 703.6765288277554
300.65277860054465 83.67219510101354
832.7031403727142 917.4013562396955
897.6786676021111 51.05475369775038
339.68367765690783 924.8474827392696
518.1919999387512 784.2806954801961
903.4888545713967 400.9240114969626
594.7517212274587 318.4150572083491
612.8344289487708 502.0835506980303
76.00158243306804 448.57577376393056
954.4462171212191 430.1276220847365
484.8421591553752 454.85885156978975
872.2812030473464 658.3229151758782
465.54539168809663 848.942491509585
281.4718528828092 791.7268022687967
86.19511654461188 747.5804564212162
176.2994937720151 786.7486372106785
153.20229961696023 84.49711445233838
801.8384600893446 56.172928159599444
333.63472842428627 555.0193517477749
207.76557797977512 58.90398526989803
