objects
433.42289740743183 605.0203354873744
575.0013178545046 151.96706614566722
406.181928643701 781.5021889910505
518.1374215904677 168.66654014866234
358.346815002465 168.39639899248198
800.5212129142932 490.07620251516806
299.24518259615877 763.1276138756199
779.7649161072237 838.7883024306846
490.0636504805921 217.87902853626306
962.233682889046 264.09168211811493
763.6061465315768 961.7379574758073
340.98324887139006 380.75250615793345
674.309641125562 245.4669836471475
184.86387620472505 803.7174586756726
855.2406480039223 809.1060861661301
786.8070436753636 597.5582160273958
343.34556173865053 45.59624314122519
335.32988656980535 963.4398303366584
767.2059422290412 343.16108154881545
353.28805999250204 611.047906856124
488.4835014064792 354.80575630041466
425.5054394002528 451.242620993174
497.4344211037817 682.8881009486131
117.90297529503253 504.8034897622346
448.6022951459929 28.512685811207703
108.7220257106334 814.3082022936588
444.274813168115 670.0499193680897
666.7625624124641 495.3934237850773
73.59422393746267 631.5033927770838
795.3863245339908 160.77507878616044
959.4196534517391 33.321366908645295
769.8116723629071 226.49899804101943
634.0247225404778 808.6602695202315
52.932107424486794 922.3391169800706
40.70008552034159 295.6228340155414
432.95574503198276 351.9527930380622
623.9599557153182 336.1347515940474
878.6005185953923 208.56149024841162
751.734918052338 782.3809549931971
937.9936004223295 204.7124468629453
831.6425968238226 918.0733696331822
537.7992373510249 943.8267689898263
241.16081913540737 170.57679401000016
571.9301809138497 81.12699435169644
264.262465160992 542.573416514449
