objects
96.09975167969402 754.2437220207883
503.6346834981821 928.9013873331024
670.9259507328649 127.01577493705443
271.67851952486836 270.34651366297703
209.71893442070842 639.5583396489316
235.10119757316545 815.8093615013842
897.9529388893715 107.75943145703675
462.49854111896263 357.5423835141164
837.8296221236561 309.98312080012556
154.6587302261159 389.1924006601138
476.07361150537747 763.6066564501077
621.7624493418674 435.5938165394423
353.04428790562736 542.894350160583
371.510037885456 166.43291561374912
670.5884292422203 636.4401689297945
