objects
324.9026488500141 783.170782953939
523.032150019213 853.2647569007876
812.304336861342 507.68909580355717
480.4100163725493 295.82589808513046
392.6104244541191 101.73303237729017
245.9625914329671 888.2470895119218
77.72700623291153 710.0184327236802
579.3736595674224 80.13879181358539
247.79038703316218 133.92328853531185
642.5195789882141 294.6510327444486
199.9081883277231 503.98283578110625
101.84899900038911 585.6780204903882
784.0603902440823 798.8097977459777
277.544171390111 289.72723895775954
651.6445219133395 714.9338652179852
