objects
529.9141108244579 212.68226353278138
468.4762556138396 833.0221943032932
699.1816727642625 689.3865193426193
205.07485624164462 647.8255427411301
369.6245219130478 64.71086477110765
146.86734721942383 458.52768418917907
787.383575857143 504.1828233926889
240.48280436763937 893.3705799701978
277.568721655567 738.7978134356922
718.3813744191394 798.1450025054542
803.8187778279087 196.34255428441332
628.5805258101101 349.8486403084834
902.2603874282008 501.3567252960101
415.96544988137 220.34834787512116
363.1756518595103 911.5783738548175
74.43698296110095 856.2556260448353
499.9933461527828 95.95248912641725
516.4891344887801 352.14013482707986
613.6197405665245 96.87669064033159
928.1981268769702 896.3050029897296
611.3398920214387 254.30224127494736
711.6162619639587 232.17968464783263
181.5938314003294 81.95290123126053
881.3100072507063 296.624818692567
925.5764150639927 208.61252726655707
216.258318243002 210.74386581990598
505.82063079022737 536.3010482583635
298.13462234872344 303.78837094483595
562.2937436606563 850.8342905698311
339.84986017890657 425.2022293832746
840.0292222793854 747.2452682610179
920.0212325625905 603.2665939263219
741.9332369128637 72.10302049989204
275.53453098985597 572.1099026949009
573.1672020375206 614.46121169934
123.13340629906608 692.8831612508505
47.46896783271493 335.7233751039
804.243663236532 660.3715283627336
938.3256942527179 736.2496076061692
482.670332419719 933.2552224318498
670.6314532518522 432.05413546080797
735.9388787191616 894.5119791678306
831.2793117841884 402.2967030017177
377.77887950225016 618.3500440104838
175.65037016082994 372.1447077248713
144.70973443962254 278.1309101160955
190.63989548692942 759.3535646954716
557.0892198727181 737.2688249987671
389.83549925707354 341.97505230307684
93.10202456078432 599.2973647511649
369.4990778062736 766.7479067453963
51.13773595473838 210.65750889480253
65.86840241848348 949.0518496672939
938.0649852979172 112.71202404961278
836.82560887555 879.6225869534667
280.1403620350763 104.82343625516941
443.29817726693994 454.1850432505255
92.85524092173152 100.63244896949924
362.52006455653594 517.1148439728215
454.60996300621815 676.0411499031479
