objects
266.8770093807858 627.7504348660685
397.9121771214542 785.8288233259476
776.5076038328386 669.0568745081426
649.4170114484339 378.89513732383824
602.3258379842003 736.674606785402
754.0328402689889 855.9974904961596
855.8003812937128 318.55124186793705
381.86481899982056 658.032888103991
298.1526480045965 390.78282991427307
667.2493013107261 121.32514817142959
396.50986282503203 190.24983861483358
107.4136171723951 244.685862931675
443.49351647633375 466.9071348679712
340.49437193230654 259.2265575395361
710.3971615951494 321.38614390803474
511.95515993816383 803.803300710637
122.21143559581691 149.84399248718708
443.7516231309758 592.3270882806733
611.6765153010094 266.71048340078687
759.6687260012242 229.60506224972661
88.9295241881546 364.60810026249925
117.70777678113353 500.331683460076
210.62209016411987 857.9471091025179
844.7424962378504 773.4950681051107
828.4213535188322 222.8014003087593
611.3797225629083 815.1355548275412
524.2677752123617 123.75794495807244
459.5933311261759 743.676941926309
178.14181090489535 483.9156227602943
65.44969926565554 542.2129774441694
793.5920018707967 432.6633580277631
840.6679444595725 380.5383315629108
34.6655874492985 487.5364815868058
914.1234820298877 671.0372895887897
138.46194334979322 299.80417338496784
870.306649592301 873.1917065849212
450.1402736366661 838.0839650459682
472.27101979417534 216.03227118614788
901.1025979755517 447.91841698545966
286.1768913529939 43.07506390998748
504.3952051986505 565.6882420104499
949.1709162286276 55.17399944859497
104.32761674919357 69.18001451694431
161.79090532772346 561.3026730408769
572.3989859832901 386.5729887110799
590.2779334455023 65.2201858907016
790.8536617205963 558.3281369181453
277.7016317589004 783.5090720826877
888.0041502568217 540.6542303046032
945.3223416748383 893.7689825493136
39.538252434774925 929.3397323174235
899.5436946990365 128.26580871265008
360.30450085769553 946.9042863165906
333.41147829503075 164.05375783925865
279.83080697187563 250.29608298045738
611.5920273211025 536.4422021775258
601.005729725672 918.7446358501184
684.9996028971151 428.00522680438115
930.6273940739322 960.2184736966003
82.37775689560188 742.7413894204261
695.0116112861615 521.7095815260251
515.9740797263557 426.5423534466607
198.6776033711477 248.52630435808152
866.2856634658517 615.6701436630334
959.3639942497266 169.53663499534358
716.9507483902247 692.4556203958072
676.3475821101587 600.7474437656775
47.75784179059811 625.7914203740648
340.45223058190203 869.1110584436972
138.93153029879107 919.7934222638144
741.7764612367092 142.9249234663883
698.0840845719345 789.7504472303559
650.0818099304727 957.8736224060359
365.9050844699153 544.7134928579027
656.7989394953472 869.6197294316581
950.0769610181438 276.2223933322055
448.8884982362669 76.60884191740502
231.7974876813536 369.9814470331953
391.7347548830967 112.46247551519195
721.3308826861197 915.3981270581942
154.77400218445257 359.62875805912415
232.1063021190763 528.5751781946974
133.14514851878477 829.3906151782551
841.4677172473656 36.747124862003474
524.3539838952829 725.3768926047428
260.89039008433025 130.2652898210946
926.3481449266943 783.7423807947785
532.0555542142563 274.28628901996757
181.23159307807032 655.1490526845189
484.7461905439237 944.1177777656246
841.0937968804274 163.29802441788556
142.0942521131371 750.5891034479404
217.94843711367565 64.74276156172607
67.8954003571481 859.5584371511464
685.5555858526342 182.63589890854794
301.22283494223126 721.41740219349
849.1959494081568 947.6445606554244
580.8086895622629 165.2705838996706
409.68920065955984 325.1181944860084
92.37865090448571 445.0633955801474
