objects
163.9236473583539 283.0483686020081
851.0137813920114 467.75640168442203
124.9142655436807 221.68339491240005
904.1571812459354 546.9843406747772
369.30760796004444 787.1403954599111
739.322318962559 106.94791299464964
941.2754181289054 696.2122717333931
847.9208762561169 601.913845857987
743.7096490706504 388.0032897788896
248.25178241974646 200.30921715733078
917.2640320614244 64.86811064128639
85.51630363522047 73.5860516331841
109.710472391287 809.1926454434039
174.62221632132432 600.5057786881645
181.13684218115085 957.818515067608
244.85477381047454 551.1231349319146
755.8132696328622 923.0890218026046
106.52639535716429 349.88355448591557
34.642242368809065 137.08994159037903
161.79592592451087 76.09810225922554
671.5454939481459 281.8986371037232
591.6387221274462 790.3427636385383
518.2386703076345 506.0438065517563
765.5419351819747 195.40727334129008
295.95835346403084 621.2949144531692
282.0099266697304 498.2520230943174
603.3110829932516 455.6902613057414
222.80636777847886 655.8314111166508
512.1116454020387 327.9955931010465
470.9228408537733 928.6691878168582
387.37689844717346 460.6193424437786
41.11859724054209 230.03521317460832
968.9937691928554 404.8275858370235
747.8670814719463 697.9504892886016
266.059147134703 55.02527688370255
376.1858749924619 261.95192091379084
387.6893905030181 169.28696775121958
426.4790438392828 38.68064341894416
510.8179577529833 858.1878759468374
352.60567167139726 931.59806433432
498.8574711159525 172.3591352273933
668.0398479081855 915.2273433296044
685.769378043662 847.9985751707701
962.9768195566294 621.1899386667618
579.7908535570303 731.3751486294038
390.7476907492124 635.9070323905527
352.5150450658967 861.0152054878279
300.458405055259 128.10784356067947
232.95106763509236 813.2901252415213
796.7372488613241 534.3317176376795
362.21128316722053 381.3643539044447
52.74488011305461 638.5712554695892
862.439045049412 189.27565862415477
837.331352467797 279.02239000109125
577.2801523501889 273.6883962862372
810.0728780727499 813.3453290037482
865.8586820658686 882.9924721382964
768.4955571772158 327.392983589761
188.8475442964236 854.350588841678
418.4233761404813 828.1463773018326
445.9382328099351 698.7998010991712
140.41339321488482 539.1601726573671
662.4061662503702 581.0651544652459
603.7172082312275 352.8319027796476
966.1916644646343 239.6377638878078
210.3160175915727 449.56068513954153
690.908874302606 647.3325784975539
488.72659104657805 430.2437647496128
665.0102628324053 519.7906133050958
70.84770981128278 413.6019520944529
47.222514711300256 846.0776336233589
899.2285905888016 242.67693341947995
312.0832836448401 195.2374855966026
695.7707417521344 763.462767450776
419.7087401262869 336.2916580480261
151.28855645736775 673.6620262747203
505.16926356430145 598.3164343877502
640.0465158143327 149.9271168222571
280.62583265397177 683.6944346806929
236.08161750976228 386.94133049698917
260.0635228186983 264.8663475912294
417.881202479998 574.508019656022
674.9119950109347 359.97433957668926
780.2193476903668 618.4413118368767
302.9147690413046 428.88992153775433
566.8773092773508 544.0187306081059
476.07108242637315 778.8887789142045
121.95950909498245 874.1467333342744
59.11452478811168 291.61351070171975
747.9612808072894 803.6863438657384
560.6537418538317 104.14195338471703
934.2403629951198 806.8408878886178
915.5728620697521 132.43190176909138
605.1776130180768 866.6857683110468
469.0406694741906 280.63467328507386
336.50938457255523 529.671887150019
960.2296599649084 510.39672094047216
165.9215418392027 786.0275016013258
565.2859075500131 174.2601940877449
343.75793222736866 725.1433561333065
