objects
377.0260169551839 459.6876021082817
297.5852459500271 630.2998191402788
615.0582323165286 140.64447739461087
710.452985219597 711.8064059665326
305.791546780091 773.413949479335
331.76005466004233 833.6183588996298
942.1610117055002 923.9741764421159
660.1163556583032 528.4041980208041
79.5863660108553 476.90552889227166
147.33027370543473 63.29949344000983
435.8423807085682 182.539337170971
819.9620194264342 695.5060590861456
493.221823746805 780.0591782205081
917.5140185392128 254.88533366969446
592.9643779776779 599.2569005907924
518.2807003471106 315.6343072592711
737.1122417468646 846.3513254428772
441.05570785958884 415.29817148821735
913.3925559868932 166.26392689399498
776.3546380058905 189.36908662123648
796.873403378088 557.1529158749906
713.1894585903175 135.77512290666
194.11315445574888 300.31309054822174
623.22734808287 851.359184414166
836.9467244125516 431.8951532431871
163.53947569240074 889.594368966081
958.3087144135139 644.2553853092372
777.8519409830218 64.92901664595433
952.0734627127678 416.94536513167407
606.1915105875403 213.04041890434007
672.43971149347 619.3053668487805
339.60755794788196 910.7387128748286
741.8946275815607 526.2940462568307
873.7126259467573 531.4129076405786
516.1769329815143 582.8942111197671
144.23401350786483 406.8787650391309
496.9175567452795 111.9269863503043
499.67352589694326 673.8730364967704
402.34758053537246 823.6923557247713
33.88934340246392 835.7262616518632
271.3772555575233 169.2141729001193
946.8639342876377 724.4205732148843
151.773558666486 962.3534891391621
330.12439129368977 532.9641379120827
551.7098222808394 71.49014567482033
94.70923811148867 152.44905967963768
880.4345171055077 690.0997304162686
667.0730162083617 792.1344124122929
711.7683969062731 253.3946365206404
82.31579035492288 927.2093933171623
260.0134575691217 366.80697971019686
173.70504322508168 607.3680790275272
160.31897720953194 535.5701968450393
471.45383215114805 860.0483460500384
370.159342327714 652.8884127726565
583.2516681299637 661.3879929631054
69.37369116139718 550.8384062831726
457.6851457382382 354.98392791513754
944.0028625276017 57.697425725818405
607.7633310873322 909.2786709068495
67.68339067048475 651.3901469187401
555.6976539397349 166.8426673372955
428.55165172700475 666.678370258135
616.0407571460834 70.95457656485523
712.8477816433665 324.18606458281147
588.0886984333857 397.60604403838994
822.0419046178359 798.0342168140567
238.7325261542054 71.67375327476984
664.8288763421144 31.284477197630753
889.8709391652334 804.5466063745124
499.4465227015059 188.30508417237905
238.98991534555944 860.6089165364041
421.59396606681224 79.960213113436
456.3825241865112 941.0046945178168
226.91575218370204 547.4169675208842
644.3340822073168 332.19342988988495
860.3826370762526 870.5007298459755
809.1577302105078 490.02868018375597
508.6622000687711 479.23938675985363
87.07911601288953 362.6285761563085
362.30537671460974 207.35466363202306
203.46178033634482 456.6333279594407
821.0430551584549 949.8240797729641
599.9141623110725 726.9942336724542
343.3963336661141 363.36682359291507
171.9820500280955 131.63797300249462
257.5806548794592 284.3121979809512
140.5547498504843 762.8301911116682
124.22839770344044 828.395839281133
823.8566526755161 118.1026121105728
254.89118877440112 943.7728924625528
475.22978450315156 537.4691216425496
691.2982527658132 940.386342677508
894.4661977253247 469.51131135661046
122.33678758852903 260.4207451995595
963.093712649367 784.790404119939
410.6795110899919 739.9078611327839
376.24969518959006 571.3438578953215
559.5514801937705 846.5570158338547
826.9939356754081 304.9567513974192
