objects
561.8886297397675 755.8591294695386
250.6056144109197 828.6444129091509
198.59954769379902 599.5659362979452
113.27366762115784 136.83593839786724
473.9915405473914 638.0842850208367
886.2573575206761 575.3482954212277
644.1585319009845 564.2177190548708
201.30921334972135 936.8682387397378
240.9175843718702 75.64051430143604
362.76154877380793 261.6680746610225
138.88674214812227 442.1417918798683
671.5917894574413 121.07965548281857
554.4469028898617 664.5015699673942
729.4207136927754 547.0781326118528
931.669883876513 320.6083313725865
136.4545441612863 752.8040314185394
894.7383352081863 374.18578707479026
608.1625658717081 35.908739437816735
523.8893591586082 809.8219843658933
495.3968020270926 908.1496804994982
367.94676249791775 59.07387253962298
127.2263084414165 863.2327668365328
476.1584588374341 710.3449418654366
635.3619051726724 641.5392608871689
47.620093295421746 222.80133535794025
78.60474002682284 918.4433003159212
898.5800389630874 797.1760350700449
355.3452896760433 917.206231920805
372.9950620005752 715.4068940927833
749.6353575539472 33.90842076380163
552.8842825323114 165.99120381114182
283.9409440064391 589.9374716224447
191.13538855795412 842.6648483465792
788.4659631963989 504.3821281770164
779.7243763313074 239.37125106348793
580.8421375954672 400.69580824571807
797.1619667950043 846.5233006863242
151.10137240679245 54.6316968714261
390.07417625296904 568.824940794494
686.8289877378311 258.7644224789541
873.9670259066651 273.06449548192813
187.49138762243572 285.1451600035475
704.9762999087966 628.2730139086257
442.03581863247393 856.3356597681536
459.4216110400497 502.7918204025694
651.0016853579009 762.6590710519494
777.9548915985014 956.3033397815256
385.9003728107962 819.2330148494965
464.71495002088113 319.8311450391228
719.7374177705251 349.4118349580268
265.64000357346526 728.8491673581971
525.9525569426693 86.92399095850922
574.6043050809761 590.6702842972779
474.10024752330867 225.26152430057334
63.20974660086014 780.6906310627676
488.40579553593426 407.5723111864844
264.46602116359526 908.7494487071918
875.8145277043842 726.8913154285025
192.75981450344702 351.97489516031834
313.1335740733049 424.67305581025107
847.9292097463552 891.447220099052
873.3212190613511 497.37108524221054
744.3551766763514 461.59293978605916
447.3367589949691 40.540557288760446
713.969611945946 758.7831488903635
963.3101880363814 794.0250128941133
293.29595538352527 514.5130995950644
283.36877394962283 187.78359780511923
585.6649333663958 899.0664827906332
961.9361478209117 214.28810273440183
339.1903925830361 629.3953147717076
869.8431272158704 162.76542365101272
37.129354310688825 514.3449620892477
306.7306013266496 358.79010026815826
241.83305986861993 406.944920023325
482.4328616378101 559.906303713248
783.0712450645262 331.86385652609926
242.15175334484306 237.10842165343126
682.964782522058 907.2292085233482
639.2235189863864 844.9034445001125
810.1057868238203 670.032619020588
435.69882141990723 149.5969394978179
766.5890756722135 724.8854815408233
940.5103632278193 864.351733174219
32.49320799638033 633.5403163390584
321.40976723723617 841.8727984921569
821.7250999190492 384.26005166600646
459.3929136922395 793.325325114357
924.3330707068264 443.7003652323612
310.94088198780815 962.7445994962759
199.5090281299538 471.4758320662767
31.467428478284138 718.480865333747
326.43415866010406 768.4539601222307
964.2806988788547 528.9323789566168
835.762624519322 103.54004099002304
700.2546297645102 408.00545166273673
610.6372973631028 116.03338280110188
949.724158540072 727.8453025617459
32.109599920535686 341.7677368196625
95.0914753905862 378.75945322088705
