objects
444.8201427711119 350.42001949641707
583.7063941854753 750.9862681737039
141.30332721507446 388.20186810791245
512.0321995708223 624.3321051065462
64.56646104239286 943.6649216972712
662.8791894362714 195.04609573847722
585.0335300670542 872.1625144420053
678.5915731028107 941.9406238247226
763.7660606643177 90.38034347250715
675.5623762583143 87.70959537939581
122.15290197479968 259.8138912567753
611.9214305887355 650.9580585150544
950.3616586132973 79.9796073416709
733.3432287882225 430.52040422902866
483.9901390271945 687.9692138950272
336.75907829388404 699.8078840959225
724.7783914561724 526.5867768888077
913.116674337562 475.66917724953095
526.44020952579 561.9740883104122
274.50410627162404 778.5268127912219
194.6918192164058 634.1448982861955
407.90004413150797 730.5757585942195
327.1227142851098 132.95974188981813
498.5179538567479 94.5189449463045
336.55630032451575 597.3043921963609
145.02374632537033 452.1514688894989
887.1179779209664 102.57275662185108
228.77389618450783 402.98742770980687
597.1485386709631 307.85913042939796
808.2158034727505 943.3145131997348
152.94713457557984 200.83207550182996
763.9332499512924 163.93218671484726
361.2890515317288 277.7121511179851
491.4701205855831 869.2675035077768
265.9685381617343 903.9012346066502
457.21442587275186 172.63422968191108
653.5321247087352 886.6653111944
817.0188965251282 424.5043506881252
198.39741575701944 838.3250357444124
528.7721229920992 346.47319861227896
672.1485907543937 660.0454805307061
726.2619931564523 364.0907569896927
341.45804714102866 514.8961638393203
144.18765830312083 962.4556184866491
912.4221430782877 814.4585176760103
704.961046330891 781.5574596578316
883.8208279324967 167.48096445794363
545.3199178637398 503.76893939782366
442.2120705742088 50.16257104497721
52.65580103422514 849.9414625784169
604.4898532035568 572.3006464055052
294.2694639376109 836.7862529769735
824.0520358716982 332.62166093746976
669.6220319700811 590.4851791495346
396.4761799319656 393.7243667200497
396.7531726411884 840.073327011988
52.694668886519054 66.20203573869213
505.6641024565999 408.9811757687061
188.91844864185813 150.47464136330498
567.7495129689602 74.513558818218
522.9590380411594 923.852636651476
133.5677668029671 815.6117470183335
279.45265872598094 261.6694025152761
809.4085916945874 850.0045354066621
299.2326540833657 645.4898632997528
193.47177718639747 905.3118436592098
288.3392872849521 40.69199282384437
601.7699342241837 945.4963672649578
413.69267922705063 665.0703488411978
771.6718225721569 250.15175947836596
481.0142926906155 483.7974663287486
614.8456375875624 500.5733004785523
522.400806614607 189.6588147813264
40.88849389860718 532.9909181446577
224.56956451224676 95.0471915675576
926.8616873590491 305.18236007740825
133.30931425034817 722.9219076965567
445.8929755625361 571.2015743367907
637.339478135709 418.95826173575534
945.1206038968409 913.1289554657542
373.0051509482383 959.4304177250071
925.6400992724185 596.160323616635
955.9475303140928 731.7391850463241
481.25340374115706 967.0265186371961
180.91410419608212 274.6856872508094
494.5529898975561 788.2194660535101
396.3480706158014 165.13149958759706
797.5257523281641 32.525283269537766
271.96995775929486 578.4540529749282
311.75720996042224 348.1648470070899
964.3093495529846 417.50828144265165
745.1712625780068 595.7493549654879
735.0524500705762 836.1505341546746
325.0744611627655 920.0866146423508
893.8486609085728 400.3436608391092
67.48159713328792 712.5792088469722
135.24029295929662 562.6451972742734
55.519105675000716 649.8342266729733
548.0847294926824 272.2100147287075
200.1242211639153 532.9183450739134
