objects
845.6322099381604 205.71487016165145
705.2238795805563 658.5953430417806
156.98771012955459 446.0875743999123
210.83485413613263 360.46068045599617
780.6121324967955 338.63667512523745
291.11948803414555 33.61054716530357
436.5566034216716 611.9494549320171
310.3152924282773 641.1014930230646
216.65816419705723 62.23245200183234
422.1946162272068 682.4175980787037
201.70267140211672 964.3078825631991
300.6828356000507 839.6212279541394
371.1498146120467 796.6345220087753
293.78669773173345 555.6778051596924
56.20020193668363 941.1998263347815
795.3894331478076 268.37148892374154
826.6616813047523 768.830044954538
949.2849566289293 579.0632691708976
603.6200442291247 949.6037487068342
773.4641662392517 904.4528153548047
82.0982407700165 232.63219415614154
731.7816728277688 834.5604393877052
294.4236605971458 963.9987859865042
936.792640637445 379.7208595686343
573.417515660178 228.10513488803252
125.00737974647595 785.426246303802
942.8484371146186 72.81968814125392
339.154917763868 420.43821899883113
450.8105356862151 878.0891363225895
933.0294063827881 767.5670807807189
84.44568199090293 86.25354274487023
672.3770483012734 302.5493370732409
604.4690165014821 465.4328298927997
686.7618215645218 588.4110960688193
956.7851193696481 516.7786346028292
449.6916266716136 495.1930632520007
217.42676599724697 198.34337963467738
57.46219625689339 528.8159160923212
906.6558755734039 705.1616920716881
947.9576769870954 187.13407027470473
798.71806584923 543.4169071921339
378.25869134274734 570.7100504970616
478.2358538057893 433.2963296967365
860.9082742927126 399.47634077347186
186.25178557837916 297.67004116797517
231.44795666383288 590.6651729071447
667.9618430133341 211.2215744236788
151.30602748038945 669.9530561674289
502.6165815916439 570.6426822831247
55.29944868530828 655.5030962307729
546.4603650327485 749.2946146689948
230.6777450727324 131.48717660157052
259.6568977907885 780.2367859479715
659.050486401826 126.87801828200048
854.5293040396875 836.297368517593
639.2687928734139 826.1646775485978
737.9788576201254 956.4545370116425
616.0849291107022 550.4027219833517
819.1903974743444 139.2362332438614
64.57240431950375 371.4234047978934
559.6417646381707 326.2219135350909
131.81734713895426 887.5543241118472
123.89794791847027 281.4632845530651
938.5578099670898 954.186392694888
655.8543115299326 61.505213936149886
627.3688228824788 723.1848442481808
538.0468164787037 834.9242427986298
288.53632958818986 713.4393492574793
866.2914053106547 634.3106726404346
449.3284696308113 301.83969428303936
515.7659620747919 49.34423794356313
525.2949880974776 932.7916265956708
446.76888929629945 945.5304976283484
490.75853238071045 780.4017115549029
950.9113833597721 885.0950181277008
966.0283192642931 270.21633003460636
335.9178664452078 206.2807644539725
732.9058982381185 204.2708876587493
718.8099424150305 84.80897112379948
655.1982074768617 372.82897960689854
159.1273271711637 154.30512798244328
298.4609726117337 360.76207437753413
340.7653187833781 905.1814971328029
371.9801789322258 118.31060259773503
652.1181335159804 912.2556919496766
745.7952669144458 450.39444350378875
141.05030827222058 511.79667389831866
856.445665573481 32.0746916560895
46.26413978649419 457.67701394151504
259.2013818795975 408.92380008848653
774.8685274270541 721.912416640089
391.7344844104758 281.82668035828266
960.7483992995184 651.0299844598577
332.9554172910954 499.94937285669613
905.6030497305716 447.18781388399543
476.0080562935266 222.11573777198205
857.0469096743702 514.2435452597657
192.59821307592824 771.3675943156468
308.06762452067494 278.4416271529311
436.1016354523129 742.4531210363991
