objects
62.31682260728671 669.5149843809353
793.2501183111307 294.0992937565446
284.1998484332678 931.9822323580916
887.1837217933243 596.2327864484498
334.7855960404358 202.07042449270577
881.90132718679 817.6450490869112
533.6248891700554 283.0636345057749
123.83924753028461 161.92159763607714
744.5008928100306 321.2157951066703
536.4631955884317 353.63160451440484
699.9057245233109 194.5137707519662
416.48574111586856 722.0549666653043
807.8207887255023 658.5362362093541
287.39868104780624 50.01888403352577
863.1460495140179 482.58850946890226
440.58700798370285 398.31106952012726
891.8893408554253 130.68612157897704
381.15798668749926 912.4169969933452
754.915605278812 736.2180151850978
852.9918276419992 626.2983151160673
316.6852587796424 116.64581389622369
320.9873648529516 699.4712649651208
674.5467233653192 117.99442465712411
519.2613518976988 596.5748262267483
51.16544333833528 395.0986706152324
348.6956141285319 387.6456532642028
206.04791125801137 612.064419416317
506.0046011821173 726.2929456887115
440.8404005715207 290.9276234829531
72.94826807903037 511.77675063414415
541.8787007554191 135.006086049604
55.848346804473096 935.7337521675324
383.233845197578 242.36066486116357
873.3413489640272 241.47382826583075
776.6032439028779 377.266836621835
169.00017941771162 745.887744278665
773.7680735152479 840.8482673485726
229.35851165004036 671.908515579722
358.11326489154123 82.05165106913383
776.5930622279606 52.36696551281584
958.8145330774489 801.0476062977273
155.8738944720016 689.6001561860061
284.3135714955844 327.73375324095025
460.0642293737276 63.2115826118423
167.37314163167045 242.06781841027538
648.3530971590837 810.4503835903324
221.19786286660099 844.5762366573936
731.2359403719711 936.5636477644445
114.51413738978266 320.5602264754182
851.0627816304594 929.0458473747187
699.8217227530544 721.4807261267356
463.2643249793562 885.996508067968
795.8938104666711 231.82409432891149
560.0401100817297 800.4792580937275
938.5063731746698 328.8396326816376
808.7469495152449 123.9389837690282
581.783774976548 737.8951781125003
970.6832902758607 850.9479130176909
830.0155385854557 343.73890218964414
189.56149476973826 789.8090758497794
901.9374779461816 935.7015842736529
437.8978635034209 353.41716612430645
906.6128540830282 189.70296950276426
235.55682418833504 42.14145057368195
340.3260702729836 287.7494104558607
404.995997677091 156.29195260737305
752.8314702771687 204.0142920084421
583.6944696700019 929.1592261358671
479.35895234918223 790.1421542843016
379.0522198009595 818.5769646476856
586.392298107079 423.4380233071318
115.16377137789935 541.0015291684572
390.0688752068895 539.0320796827302
414.8338367493914 54.077515460050705
692.9988217676079 611.5058264630093
120.46769068262168 469.0792818615646
201.92625489521086 204.31331570516718
970.3139552900232 224.12445025686523
535.8347642123139 760.2816775907041
765.5943114971959 133.4935018421359
40.48563489211195 284.4709482942372
222.18510187399065 951.6337783913543
267.8330693926284 974.4288239681822
108.12837727391074 896.8516507785438
203.0793298760122 374.52897035098323
659.0483434408278 638.586748124048
784.6088484212609 705.6350758470655
877.6249849744563 704.8551791235358
459.1746133501476 169.70560634131064
270.87409082288525 498.5864823278535
955.5521964240857 598.6458650790039
50.062699202527455 875.4639291830769
579.6562055078036 97.4208115868011
360.23531478067906 327.16058031790595
641.4257997872435 580.6878587984288
942.2943409540432 80.20869275837357
318.8382599362972 873.6652308513156
691.8494162678337 975.3531871254467
531.7249057325599 849.8269266625645
672.8975127690329 343.80603025244096
480.48343381055014 384.8402147117946
888.8818292529919 425.64659457511686
332.4317257605146 451.3418116275333
662.2321039460887 63.350462943562334
540.0050199484518 411.6140985541478
972.9662395937977 475.39253772137226
690.4007176896305 548.6837347916149
270.0074870478829 210.00627363121887
202.94211513759998 98.59295362499326
263.48980610125875 628.9537261212623
37.66824598136744 758.5556427938661
633.5114359210238 135.88472526355642
909.7941198916037 463.2095546661332
356.719918916013 610.1401546552307
248.9206804790833 166.57958590195096
194.9790321547805 917.2266771348488
173.11564051208586 297.0734039053668
794.7490184250931 795.1017342031811
92.61942319687216 607.8943818842805
398.4893566815297 598.9360113867259
605.8498002676434 772.761089306098
596.7666576963348 578.2226957896848
640.5355201088636 707.029104670827
758.7587683147354 480.6557480024026
149.76195954688077 641.488559479187
359.58119806717815 740.8018644119484
945.6781055783571 402.92315412787497
466.9043861218512 512.4757945116678
554.7389998107973 199.69432067745385
538.9229167453219 464.5108373774677
57.24198440394045 107.48220951483901
466.54429544513306 742.7232114407902
86.9450857345932 233.23733512937673
72.93256751197886 26.952165767628877
333.1329710116689 527.4180022849279
912.0455785579173 878.3283645197598
806.1601181174584 508.60376393392363
615.7163839368791 522.6085026811589
656.3122477418239 942.066178980672
737.4251573485869 888.4748711648953
