objects
714.4997795313291 798.4588853060857
441.31031262166806 705.2107783629612
618.7603614716814 434.1763200631026
356.2343740723948 660.4783050143792
773.9568291113276 907.535258726639
743.284595837233 528.9986671841483
263.85569076263585 631.3004354223641
111.42101214200416 211.2653334805397
287.1823955856371 814.1211640820658
110.82893071540359 466.6922913343979
864.4573759234946 435.18846034461893
418.3426521619388 453.72393625311275
303.6614509263509 737.3006205502563
543.3505917820515 408.7222324305829
98.2770990218175 702.7804529156438
369.6165291578347 54.551320107493666
926.265069720825 460.9456856431475
79.2321162241059 373.706096887834
658.3827083378617 324.9460045541858
585.9617018654026 113.2722779596245
254.79894345549096 886.7703727664243
286.9200526556547 315.5311631459199
762.8616254636298 359.2920399458836
788.0630968990407 760.4281807051299
48.016384162126634 468.3360460828278
430.7313623597919 330.24600965826323
167.26371355111166 68.36368030773495
511.2102222830145 245.6447536696244
486.6017760414365 160.02468495377397
213.95148964040789 552.0737277455578
516.9512168959048 503.9170460271061
659.6184525753176 38.61317307325962
66.76019792774555 205.7475841174601
538.6935424444929 31.13522235661167
243.75789957682167 785.6099681835891
525.1560394233916 568.2727112088377
883.2683952066332 46.614706705062794
553.7293529334443 729.0265546233887
715.8784097807627 934.034598358182
29.125002942417957 899.0498072384311
479.5987320657148 928.5096565947146
810.977187978823 701.8100394519215
842.5109071390666 480.86914654915853
492.1315707530696 424.85004887470063
165.66704561807265 664.9018754200058
257.5040322402984 65.42201331308742
587.2118176456862 954.0767914573171
543.094536301327 895.7465527363731
234.9806061440977 458.87497112921864
492.33432187093496 843.3765172037877
919.3384981852181 964.6601990458825
599.2897081696788 326.04761342863964
604.9299269963386 589.0814435561747
248.80309895181946 513.6473649548052
732.9524686879996 695.2294753000459
723.6732728420027 613.513185105153
669.9411893319227 272.74043148505393
806.2502447612634 345.4064986090892
696.5179725995894 422.77814503151893
764.0113904904207 44.05647292970605
403.57724092425696 132.2007417273314
435.2837153040472 255.28565003397625
869.8922019630826 634.0277885981181
211.99348167631555 222.54070599779286
168.5705843892784 266.0699218624522
938.7113424207354 299.61449474125646
686.1912766692774 147.06812694001266
378.3856861712926 838.0658663896872
196.81172747913305 873.1739572401694
898.1502979220019 525.1806824474337
364.23722507495756 205.0873981703638
110.36754443343963 818.1479414200013
753.5502997812134 733.4193276904401
948.7520597218357 130.05362520936606
181.0770772825075 706.8135502583493
31.27170461677583 679.1853609718919
132.15482921273085 417.0606754675277
718.1406358007 26.714286148039015
646.9015337813296 886.2216194735349
473.5759120918202 882.880503929789
274.48256680464164 475.2207857281953
887.8938781924601 796.2937331495929
846.4567776926764 213.4412488643433
811.1626785061235 47.96734040619937
146.43994725346806 923.3443990390433
121.40136118095894 976.1176019215427
97.32912104339944 529.7782156459281
920.1966979185613 711.2233790167048
33.93629987862834 63.04038392157648
806.8906879054093 633.2894359504187
552.2032790822116 255.59939169628774
641.5392111059978 802.6857255303483
21.664572548866744 266.56732792846617
75.12628921812558 584.2949405835147
126.94797679105368 368.9775600810036
447.4345396993406 591.0959683974864
60.72632291292585 107.09679258159119
686.3413859775858 653.2535734026407
281.6790055113759 268.1787788920053
870.6999384410724 920.9656748088934
962.4064170094094 740.4893618795223
520.9301173380616 772.1346037335716
64.68633018720017 645.6067002041308
567.2692899400521 474.5259830159847
946.3045410714594 614.4389312506754
86.9457487154155 775.679879573402
210.40104163359175 326.74462866254584
26.83446629016487 548.784935500426
390.5160143421812 93.0347600591452
817.1177683460382 184.51671994533862
543.6406064406652 629.851195360366
976.926727212748 406.0765653291671
477.82575851437474 219.01489273849566
30.538542566469914 166.19747245282355
699.2891249994293 576.9110577174512
92.94995955666792 152.94693070345937
877.7284303802182 879.2696509131529
463.0120602984724 467.9094994213779
674.5429902893953 525.7076111407442
858.5424014237282 563.0370209073774
951.0948447746563 562.7566506706892
190.31195007044008 109.36270923133105
483.17390498886215 378.06714672100003
280.9110240447101 21.47159408959414
214.25898860102916 655.9110264157589
551.2773720919146 199.66965620331226
498.36052005932686 101.99511296415004
898.3962865514154 252.55259697049107
963.8449704942794 185.08322271603365
845.3678600276952 89.52471676282406
353.13317952180876 301.09798008758844
954.9372846846463 835.0445935962931
739.6691375142908 82.34741139547653
537.6202967320107 87.89290318078673
353.5815033898912 498.3303390550154
87.8245782950105 935.0500316208393
311.9535951743818 618.7761714367218
195.86700449456208 782.9171095910864
434.05569167177055 51.16852240483409
646.3187984749339 567.0304233882138
