objects
967.05804177815 539.7792527858298
325.16003677472673 805.082065268448
859.2757098416705 902.6489669164888
393.2199221368222 278.96082869123904
726.5174740190998 633.2052493302739
184.05270644266218 785.906861621232
376.5008165181581 740.8914766848059
386.26365331808034 824.8234120416104
941.3461904307424 922.8755254237514
968.0063228528094 643.2450576893646
821.9314779964081 388.29794320511127
572.9813194352361 895.8491501278861
664.5501801272083 850.5736180094373
312.3774783527067 241.39241228754864
710.1645574818289 214.04796110654806
170.31420178701305 253.55234647967433
50.58220891738141 338.56211246559906
291.2939830378998 850.9709903394937
522.4486026535827 755.6816905042372
459.97471195528647 623.555027426839
744.1039717944059 963.075612764566
271.1611564772668 106.47586185834254
160.07058283725405 295.99485745996645
880.3717571999002 815.5721216452563
552.3275282093414 450.02662883309296
953.4931418455996 355.23709971316333
135.30158277457852 23.044710862444038
580.9648403962747 128.08035831917582
662.9959223339159 97.89296360017858
652.7253653202347 552.8432041697678
209.28733940909717 966.9264420662029
924.2879941322221 828.0220608706854
60.49154002520625 952.8067502126306
28.817996836853915 428.4026314503977
744.6693409135078 677.7486137422877
809.1543895500812 137.2001914244018
115.96951676089097 532.9690298032234
305.1259695079383 922.0328754735976
94.05625316540062 422.9210139031667
910.2974853149794 394.33151067073413
492.13780654157915 26.279731677675656
116.06958472767806 671.7286856654405
795.1244042218437 754.5851874496097
23.120554494728665 161.32002117898168
428.4274935590359 179.45746882409176
577.793660555062 944.4677167792456
646.3536029524469 659.2782575766977
449.4029999634833 446.28034921261275
601.7658798012385 346.7753119717966
785.7298392836109 194.3201701207557
113.71293405741535 721.9411023719908
567.237544663967 838.6211281907006
500.0297793352463 68.81390115606507
644.4628426175193 778.063483306181
249.9534352311953 380.95653981649616
894.0471796970057 859.4229091598
185.59708564630068 67.37440208505545
343.0799640734202 625.7536599700773
668.5843375763895 894.447909367104
282.8211485070001 727.1775741589418
55.97691219847236 57.74100157153448
92.05312489675448 623.2742455239002
473.52526512282634 572.1477531879857
91.28856194496966 279.6863565116906
304.831094538469 172.55341088650158
326.6000034250187 394.92216531656453
359.34252063283776 879.8744984429164
319.98567241323417 295.1747031846237
971.342714285184 794.5050746123646
788.9804573149331 897.1362573808011
604.6610394578622 754.2048044429736
903.4113445167533 970.2209126094507
746.2847105593097 488.6610343334746
446.0488910127128 251.56706134935592
223.0425535789368 260.72673493483467
287.78122893179625 56.860514898762204
701.3406674421547 763.5764042683322
622.135139872647 297.3050367410486
603.3248893775979 177.51459133010854
441.9281953121638 504.65737889898156
940.9994818728599 591.1777837867237
732.5222662508382 895.8777200107488
475.82699877326553 902.1717531580513
292.6209429324556 478.49464071542684
642.1728970888086 701.0889446145087
661.8671537379937 478.9986443495584
479.65777639201696 118.10541521782955
532.9443012056377 142.1364936676224
946.9463802553157 177.47636758452276
258.2033420412488 555.6672004221599
56.54808691620444 707.7499363789975
558.3645012783967 283.44943438766376
296.7522598113428 611.4661192788079
184.50055063056922 885.7069521461208
383.19494317331186 427.28605940313383
227.31514840241076 792.9423910935604
484.75602304133065 282.7550742340906
269.1267667032665 685.3674956456765
837.059294592382 39.86949028938611
729.6850314013471 89.90880111437221
894.6138229442647 312.2031797722118
467.3171009785669 722.5981164725391
421.0218895299926 764.6427746656445
206.584098982638 717.5180891040274
623.9288388705165 949.9709945296125
739.4905888843329 410.5160881704731
213.53055868884678 611.0597311553361
682.3129357336172 170.7977150300503
348.93255762593503 53.701497035142594
848.1800938180495 189.4371404042326
225.26048453797185 180.66187353328505
91.00685925940911 860.441214655662
207.79130068297974 553.3756691510083
516.3456941690063 954.1280857303315
813.2833069403237 972.7178172250372
594.7891252011988 613.2268212082652
908.8756142491173 488.5409218640635
834.9334928569447 497.27972296908786
863.0952280922019 140.76937438448877
314.44193170821296 570.0889664229842
776.1005675383419 536.545507816412
156.90436509166884 145.293092327508
165.80809621127258 411.26673132714467
655.9239727554816 398.52523409218657
828.1180966505187 706.2802967148552
506.4067012147328 237.8227108049877
913.7579775246116 258.18071665109227
252.47731986080254 494.8298454439558
136.5266404811188 905.3779249837238
465.46984350818656 350.8761011961382
233.6559872941108 869.32294968408
486.52257095483304 495.30657082026624
429.7166686899018 973.173361009314
910.812740081772 778.414949748748
897.6426533833646 57.676196455044575
856.8425327387558 272.7941336073055
48.769086782524994 621.8139969542673
485.40933500249236 173.13485276654586
200.65455042956677 387.83413860393085
751.7302911148581 306.1553614078133
