objects
892.4967190656309 332.7508253508056
470.87636761061793 227.762492284394
908.4339296829015 73.67561562450473
95.03959493050588 127.28985787822762
903.695373507215 27.90950518970361
975.928050908739 23.16196762884934
813.6697914016751 385.970070679249
758.291082056202 601.1972979605673
714.4152322027246 56.74974098316741
655.1276823930701 482.6848023964743
99.90858817216629 919.5085812114128
184.4236478127009 361.28364162989277
246.39013817817258 287.22596179683774
79.36930713402066 288.86332696975455
247.216468653848 334.5862366670127
249.71446433635276 703.495626776011
626.8561132072203 355.198829487654
764.4379930613569 959.6883814540641
669.5878882694811 65.91869700510392
481.71573840972684 55.03720201036117
666.1390971730062 616.6273150401564
58.93768214452615 755.5778894655451
88.99941954356822 329.54828752030437
256.09312051878686 826.6189346160999
590.4102569431233 569.3154801702484
106.5082644058303 963.881862320589
726.5816297423056 843.3923508180474
707.1340105834432 961.588784257653
735.6313424064409 428.51410725524147
365.4371887216963 678.3625536261167
317.3990642678616 124.05053561925583
127.22729613843329 706.6071653117036
50.596275903597984 220.22971472932676
780.3019788141257 236.4851170896877
920.1809290730571 816.4794868612458
282.63426024734764 564.3830324627222
860.5688965882217 519.5931475540737
405.3790809123497 918.8866033798665
357.83247110769577 851.9261308524472
590.8178983084283 642.7836868878663
231.6605247447092 647.666027831553
449.7679184153516 362.6214874719156
272.0335178214264 451.15895630843397
868.2597454154267 139.86514706884913
756.5612891763565 271.90525691022464
618.3026366781593 91.65251278778614
445.74703237354333 465.8913990452391
121.93000487871035 783.7414764474506
907.9280210639824 399.87868969594604
798.4146811634228 855.9803487287775
531.8650404668952 738.1768057051169
476.7754620918237 756.8685652393184
531.1232291294738 660.0327465268036
850.3612020302877 441.3497428040231
275.8477207881851 665.5101681238523
759.4502852322405 25.836938572344543
199.03971333005802 554.4516979144986
324.90809476481434 537.1391542340882
483.39331803360255 673.3434870409228
344.6991420905161 736.2360139247493
144.13963366484768 907.6920929948454
282.7228387686697 226.46876024471703
452.6168465602633 273.63213903103326
145.44559515047413 495.1049150563949
570.0147524670691 452.5145991849099
816.6665283985068 327.1261940223767
583.8139248006166 328.1763889775238
576.5376453467035 784.5410321534843
868.4529937720184 958.3122935604094
601.3993668497596 177.62650235391723
88.12716052439191 690.4432291771996
739.7935763469382 515.5162939799073
771.7262256232506 358.58306837018984
954.3770901274414 746.6401318337159
709.1763817130766 204.1380485465891
800.770513077878 899.7498949424405
537.5688323698673 209.57759280937705
486.8932386161172 159.25282540956513
627.010692434531 231.45663290251628
492.7674335720987 975.2524275739576
686.355264956407 302.903663843633
949.2389698363075 342.7521002857201
374.30243013617786 486.67447574896755
190.71253146636323 724.1515867397319
448.36567606970596 956.5056293000835
299.21929198578806 897.6690867066428
308.03066081045154 412.3006936509973
38.855038983975135 34.971467261698436
697.5297265869536 541.173472973962
675.2991689391356 354.70948167923257
802.472473853326 280.323219760568
141.76076003374993 661.696771662341
443.97778572723206 798.2491142524228
455.67733331789117 21.47444731964179
160.95386804214408 36.91423802865976
785.8413042204351 755.3485857423732
75.28246471889408 472.0571704103183
912.5039558972741 945.4800679919706
941.5403286332504 494.3440533443091
648.7104585906584 122.92771768599069
282.6605742089416 64.66302464086803
836.7932060367968 665.2855289877078
842.9140895047201 180.9456664233885
479.22787576422627 553.5580575588796
946.6245551061703 874.156008762684
532.1653638691982 534.7725218667237
183.8867053282328 650.4488986632723
844.5405224567187 863.2609273768638
524.0777874065459 127.67660401977898
329.2410644073645 488.04401161902683
175.56175042899585 766.2119631981768
650.4709938512342 844.6786806662625
719.4924426086428 784.3297221669858
296.44395752233805 621.4272646307218
84.90644852181175 72.44867824792011
427.6545535515697 154.70985945604292
581.056262729013 511.7814451536477
883.9644273585931 694.4672522379124
857.210675869238 362.90930731239223
639.4770635823658 757.7682003207135
493.8134615479101 397.12723050033964
174.63581127042394 827.9808555057674
384.68758577165346 535.8449290691096
600.8252228919101 932.6722529616578
268.71438077368543 511.7909453185077
606.8383117530254 272.4254881335524
777.5775196685197 657.6411955420334
307.7175563848395 967.0981581900389
239.93439300613142 45.3034644427955
246.45969491006193 759.7616809335052
899.1817046965086 764.0738026549462
376.11882679498785 223.93066815250356
614.4922648687526 819.4003581470221
403.4145185363182 627.6241308225291
869.4345383006556 794.6216187839694
404.6299025074653 814.1398678652283
345.2466210053651 24.519115769186925
240.45943575786586 213.34193514175948
243.50564240336928 378.5815207708733
488.7125452542428 443.38975890270814
