objects
224.38071990843054 587.9787301151653
240.41195125415263 720.0598122511988
106.15827098913852 320.54522373365756
928.730789401748 648.7382865549445
209.29232050255922 818.8061941445656
888.7045988264231 432.27222444262947
473.1446474780483 64.36422625974038
841.3870734760814 687.5751121925232
61.10974442908247 598.1071103142599
458.6736690642161 583.1382619022429
727.1169101077555 91.54289172100155
650.7789845855361 762.2264534765826
595.2677196045813 438.04090833833015
635.621394164468 606.1979150702198
156.03720234859077 644.2538982744906
370.5170872612323 827.9938107008204
128.83998543323452 904.8603751117155
525.6749973639666 836.5295701965978
224.95443391569165 439.58365655210247
447.7640851373014 886.9462780805488
