objects
317.5460866242818 726.9992578932723
445.45127040891515 131.83718458815318
148.94360242691795 717.9881565996106
526.3472547921108 880.0244584669158
721.2869460500212 493.96386606591113
408.061172509876 500.3379780619408
535.3469617295276 506.8227072242517
933.518045293557 676.0430182205895
223.51038301056838 584.4811862265171
729.5078176336656 263.12471551240935
118.83831085892635 72.14331263285422
143.88989164158318 150.97198935659074
696.4513681675289 578.8643802841415
428.3982153077458 289.9428465634446
874.2577747263543 903.981763269384
509.8194300796707 349.4142829461074
898.3957947818188 807.6796270554478
511.128407895036 743.5004954286568
628.9691080193899 415.618189395856
742.6663681819781 809.2248623585203
