objects
220.258629839888 688.3592198339861
951.1207758225279 87.2001352712369
150.52241679403676 883.0949419345259
703.7544349332361 847.9341402890608
598.6515061637693 594.3245574518307
718.1121034211847 385.86557229360983
49.17132547183675 88.11630513247518
454.3115557835904 638.513298368747
47.211149382469515 350.46598042317817
822.5290025455075 629.8753631939401
108.89553356948778 486.0012338075914
857.4553687539249 457.6943812630418
500.90331286788086 866.8546884109779
954.1196299320268 208.8637415847151
921.4427535329941 868.7906232972153
221.49265316431976 283.88651414923453
327.6167944263033 696.4782246653117
637.4897503946987 894.119517451049
547.5233777894837 288.9305964550095
715.9198695650844 67.61625358857498
