objects
596.8080753922467 558.0487894917384
696.0023551143058 146.97997773239865
906.0526599512723 87.90347261483156
887.8656520395176 609.3814502031553
859.3977192840578 919.247525184968
660.662232877347 491.9039446969464
190.30200444452046 749.4974638644078
219.5822548871733 228.24325659192934
61.17681039929441 328.9799740076875
180.10133730224396 666.1004484416416
390.3357324950178 799.5858820100996
779.48806854657 127.85677683895335
596.5864796062232 125.58584245610425
510.47061002835363 862.1209424219062
105.34167432235 767.0188798843528
704.0485626360287 798.5422831559792
718.0796342899371 598.8785539096657
863.6197530444565 732.7422368769476
470.02068394594403 627.4859031655816
701.055311725991 303.5376997962882
