objects
134.13163919542828 57.456796943981196
458.7217930150135 765.7391779446613
690.879716657336 942.6933457027309
303.1098384943974 333.0197439108481
636.9438340586071 401.92341999429914
362.9716999847477 100.23335372890818
744.2408379483471 873.426706771379
743.8415470777941 548.7951205620959
503.4097644522422 627.4715465401135
58.791848775568404 355.23352518921814
561.8348158838891 329.23490095186787
534.6783072105837 790.8333414345486
946.1643222260718 928.3096099876522
125.1867209858575 398.14970386702595
685.530940954656 721.4342054111808
569.3578471659165 134.5896016211257
807.0903917266991 785.8584801191906
244.58924833007825 148.84021654874786
939.0227386646267 385.11877781408515
891.9251748852226 859.635999015554
