objects
704.6667010299003 878.6718141668945
818.0151344138748 95.48448098806182
261.16690488934313 782.5212934664514
861.2443161722001 229.38137569529073
111.8365817248382 430.0148040159438
891.4071135732684 530.7593942448998
432.7303558493127 813.9478717572803
415.78525383856066 256.08897944969516
102.79917008816503 778.5991318620722
218.7405292888736 852.7809385724039
71.73618449116114 635.5085107700341
229.97478713752176 67.53806096750483
556.3965411707189 362.2347151227595
827.2639193510405 705.1123895265534
426.8486427382862 533.2787137711418
344.6335540017644 129.6256533179947
591.0260870994423 462.5619329679336
222.56414030560285 190.52006306744897
483.66346788598065 59.576767853159595
734.268441564832 455.47604777148604
