objects
833.3524803268662 868.4385506460482
608.2236252414223 320.53431061561906
679.6436059842589 375.20555096555427
419.87685222624486 503.747102790244
753.2991672106593 196.51284035436885
366.40390493021596 327.3455600765143
259.42926309790585 233.0507545625778
132.465783497365 438.04156604948423
341.3267436441429 788.6439728554992
366.7033928069233 83.1253461678145
436.62046996030097 156.2827002440355
462.3295113041307 359.2371372292728
670.0518380874096 254.5457321874806
481.7950935125166 588.736149301958
181.5200626607597 865.1629611918006
487.55648772970716 935.4762310783188
954.1185543339174 909.8831178258087
183.56895600370282 946.4426265800291
960.0281442058556 294.26040106636725
59.965182150702816 849.374234553487
