objects
487.0129693555534 742.7998652644529
349.13695199450456 214.0727491657674
173.8582140863446 274.00548833481946
246.97976724724583 799.875282902083
754.6591239128114 324.65925059184497
618.2569414108117 807.5069974999401
258.7376904491559 413.36793551037067
280.6817793882325 616.9099287751525
395.3364760156282 617.3310294521516
774.8248078392575 657.1243639018777
458.00519893561244 348.1388182944389
943.6798202160192 268.3139515650096
102.55723524592243 134.07941480233427
422.2568800536638 877.3811491718816
615.8221911422387 566.0913008573673
437.10915963468585 153.4251596716954
484.34648675351696 648.0666804722739
500.76714886943745 826.6098725176164
580.5356551143258 202.64744912256842
915.6413352248024 408.3912433101437
