objects
649.3521107730045 272.03271263214947
212.08254027418286 957.3289739795531
654.3333725097443 489.2787408916443
224.4072996959367 801.2637481156778
323.10613859182166 78.3090192975631
569.7909840162349 926.6718247114565
591.7588640603202 625.2851950307207
748.2574875348577 229.29663168363695
661.7961717174204 49.23916354530917
562.4148860368995 661.4754405634318
455.340757237854 313.9075654371013
574.2489304042363 528.6131493549314
459.1288046441525 82.09232898489793
23.842473545047376 314.62357791036885
242.08229641306897 876.9168290055073
844.6129565334757 305.43199595920754
70.09099160579693 658.8741247375733
153.22244954266293 57.23844844061742
717.3450811945045 324.9943597987874
935.3092123560004 951.290710439396
121.01080905950231 776.6705376561079
846.2909165554059 471.76219597957487
288.11798427222055 735.4666790062937
290.00394973091494 485.1443336161811
875.2523219939754 125.03338050750656
207.56472721741284 235.04701343267942
473.430091665687 714.1621639000681
950.5775356347945 783.1103450478986
798.2343928814812 719.2094512667566
730.3482482119848 970.762277252707
561.4461294932864 54.88736197544206
629.9278150828558 634.2007117896834
453.6177713007518 355.68207251630366
967.3091861478345 385.47907520215716
115.53694676064387 717.4848748840136
534.293976833701 550.8083047836562
387.9777758902115 421.09464962238565
785.8215113020121 460.8002140581816
408.27082718042755 894.8300438742248
555.8919002787046 858.7711408701441
312.28198755164675 223.6102986908089
64.80454590536918 530.2042314461748
741.6456318625626 647.3112330186733
78.3853864727921 971.2480004077793
193.83125233717874 447.7969382127669
311.32938679353714 447.30079818645277
181.90834842687013 578.6556889303321
916.7532184678931 196.78171545990435
410.3684437679446 315.2529653509847
898.591790592241 656.9413745811117
618.1362635182837 686.9712770147227
324.10890360098495 135.55600158794712
274.21981164510265 908.6842260479415
219.7471339775346 494.3371309144806
978.3956551639371 813.4781573852914
343.36896830005895 491.7851098328029
138.01335952824786 363.85772947122473
689.5300734736506 290.90118923325787
282.71583096422285 137.04349416513816
910.230498357438 891.8178723159381
403.42526757874236 653.3497270082975
794.4152906903342 68.58457282407093
936.4654210284315 359.04519448560217
482.7404773457233 53.22843944742752
651.609113367612 388.3853700022498
949.1766776582674 295.8000550087534
670.4726003441651 547.1492742962208
527.2893926894465 722.5591492424599
750.683487294355 521.901478423405
44.53484529914026 189.6311091914596
295.93235269027446 789.6296067243677
871.4213590047174 691.8807684876846
212.09897772352645 74.47656408901105
327.899010751972 855.6437304643646
838.3643001908473 778.4974638517696
318.87541671618544 40.24236278203217
525.2447860647951 335.9215867246815
26.900758656052265 103.86572139388097
536.6433857925005 633.7482097935609
374.011088369864 559.8950289212021
775.9965238986721 565.037932315352
948.9317061671466 44.28671884960116
288.64749931795825 652.7867660163081
154.0939713712091 304.8632858357703
272.8771644318088 25.237273585652346
254.3063707143477 587.9287783343996
709.2955228701559 99.99395383654668
121.10774799624822 492.0469894693417
821.4714432733175 165.76970371404926
921.8956739021629 235.64113190246852
689.1729369464842 589.1622049063619
26.88716118300847 155.59514452460903
98.59628083737807 241.25097320468768
866.6517781840655 851.7574506468061
752.4576148572016 918.3263444559611
511.3343344619103 235.54299588803502
103.84297810309948 851.9510427804476
407.85206253498666 230.05816457936106
334.44743747701625 299.02222444627216
682.8223774155963 637.1378422948134
281.2723776727301 845.487573802335
846.3647759678358 925.4969179859422
201.0159223595685 657.7467898827992
84.58556515547582 603.7750315495554
400.7079699963814 94.84935449833337
625.0264920523532 968.5282620596076
805.3769529328803 916.9141493971829
601.2519377016373 417.36871511063384
732.8231581283412 162.57698866917056
838.7062180277628 44.03633181525328
30.748272855799108 800.8619513446504
120.84207621305093 181.2452991435411
594.4879793034825 367.5267352094342
629.2940954567435 742.105849444992
410.7323694250093 590.3602048058825
760.886622866566 296.57013168726684
857.8950393147919 607.278334458489
501.10574662516257 938.3319347999752
566.4308561529677 703.8618067135408
907.9468957492686 841.2434807722491
169.86020644735905 494.32385320172824
99.24149231459215 347.384596144492
169.2404829479167 253.97322048311108
831.304894421982 383.5937867807519
459.58747175358405 147.33316060574106
448.6164539464799 628.0394625590793
663.7036538311798 446.1005484153166
564.8378364946835 127.46561549069663
449.21701820497753 947.7888954349197
690.8236990012906 351.50292533278423
687.5518237247388 798.2975634438966
760.0411161180559 337.7871259227246
40.94097943530121 39.39058002654676
209.47169739622737 27.086161127330627
777.5562264234454 128.60402802641534
58.73576108025688 77.44808056239975
412.86057193019406 494.8831040257027
784.7578201263685 650.1606741566657
363.09253478362837 74.66006661844106
460.1068911675922 675.8343981082478
320.52129789076696 901.7564342587895
41.837115009615914 620.287165518174
500.4781019136678 305.0321316464286
116.41889733502776 912.5117243414619
487.0213794241187 877.813867001629
954.5437426096598 887.0440348296597
819.7680517401047 343.842193573271
928.5350234934564 473.788105274952
241.3177716037489 539.6278251137908
567.4896381835306 460.7006531634077
53.82063483891697 830.7506067736966
28.932244421852864 975.5719066299432
540.2844877790588 968.8107063089365
688.2339916978123 912.2441431624669
279.82859259152355 277.7940060427408
440.4526339982742 425.34942800412193
615.5317864113849 236.93070816844804
133.03588063104777 976.9562784624449
866.2333312203046 558.1433851956839
361.8041748639913 267.8146465459103
138.2252158733434 413.7312024550455
968.7580880536128 716.0441767942127
202.11591234109025 750.1075097463452
454.26992503782634 248.03798790155273
174.20594915801252 699.5263260249392
108.93074087763677 668.9418282843583
131.988622628386 545.9705895853164
397.6305431440763 372.1239924953028
585.9959955713572 205.79082725907585
253.2703138581669 446.9153620569315
600.9155064933666 797.9743327846647
640.7041601704922 192.6951457402955
742.5995006659227 374.82976930755444
442.41174240399505 843.3029610932155
202.1129960515156 278.95283490720243
