objects
771.9531640869512 970.2264208576161
209.80756031265716 111.37477822419089
911.3083671360101 613.4425526371169
644.7178051580237 606.4309869473798
439.513430578672 230.18991551920047
957.6206686447723 763.8699803023421
419.5613883144958 566.3053548173351
391.1132206324924 959.4267478224842
706.9309468668498 668.3684275334531
933.4232439354693 343.21425762758207
78.17250483070077 186.70885156002134
884.9329998778126 690.3624059245342
950.0521891538541 523.6264518561692
109.14208354072049 327.47697283162177
491.08777239132274 859.6481229912928
168.8248845011259 752.1152156280582
195.61261313444777 200.1428885879714
670.786777890758 51.39887062928848
511.3967026105449 522.0422702645094
71.69307073875146 40.227562336394755
131.34109185143942 613.8962505538773
417.7358693247487 705.3705406583091
216.98349143868833 861.9394642929267
341.2761033431875 728.8682082989859
531.2180369186779 204.46569921463762
515.6363735255686 61.54932197755093
396.4047678855313 283.18883648127735
800.0558667270792 883.9563671571963
461.9213476315133 501.08438313516666
136.01194545906782 160.68977578890915
221.0313067189232 750.7426078322239
130.77798673730845 889.5563887469114
726.2729020259295 188.264334841658
299.8014954114446 923.9922669561778
602.5579952505132 410.6804733242887
557.7991461916166 50.60405904140335
471.1805212416473 337.16918878526
779.2219808127728 824.1857192346505
919.844686300895 564.7201059339851
269.1492012094933 101.85953628840767
184.24196528781357 375.68077841433376
887.1302730015933 341.79358254760047
731.070866248523 785.4584671203031
200.33474189680146 40.07272886951857
301.50566630891143 878.5580885953509
149.97619128974185 664.0187272938193
117.3082354489401 970.611679861748
94.5351872615983 854.4914766691724
553.6541400577472 561.4883899873673
615.0509801661896 481.78830724379844
335.9586577645875 508.3121070804294
978.993748629223 427.02099598323707
823.5942563144026 665.2542057520614
818.6577349454494 705.5986937586301
756.6027286799571 134.98309330578047
648.2484549796766 117.75256638415156
561.8636638687518 377.76927599460015
543.9279436051356 156.3638106003123
125.30051822430045 439.9664588887374
963.4031006207824 146.22786513238137
420.16653247802685 756.4557617166697
736.4505275558544 232.26394199247864
89.95461522817435 690.004487393791
375.19385862821974 410.59553197033534
518.090476546743 691.5160641842518
330.09333918264525 178.6128626433342
623.9404638688079 935.6698427454993
795.6356095205439 390.3590050946883
579.5577044744862 274.35530658599333
370.6797119909609 371.51204947697875
350.6074273560305 641.7816911566869
241.34399486132492 579.4909614880952
134.5032054084985 109.76755932129494
316.15840441120906 618.3644100896707
41.91164241970927 328.8199862056546
390.1760054179872 65.09125196335926
250.60523145934815 664.7934782696107
301.43886620977514 769.0739718694418
691.1467280891093 839.5712453144848
274.383808773843 848.9839206190159
910.3109267296435 752.8164800129131
811.9112807963693 476.05295076667863
395.98405461491564 198.0476739737249
834.1336843452281 823.1773583896394
508.09273911877284 961.6928830104541
754.1391897879113 615.9754651049063
458.0130652711308 709.8213487032289
839.8601424377462 198.9291911938692
947.4403134704207 661.4976497973199
177.73619317251152 480.99464016191456
576.1736494734663 337.53301808784096
221.2280282352994 349.61444271958715
900.9116719378615 270.442401855722
436.798446084849 641.7059336801872
793.0190084886974 640.0180205690431
354.82802703998186 867.4756339489409
595.2523327609409 167.89707848032575
247.50694394490944 200.04385504016585
589.5376440994334 783.1095253657164
883.8881344496374 115.40343516236132
588.4759434714318 830.5711827673312
129.78398638841065 927.7764064415766
474.3197398849659 244.0279028651031
779.3915612828812 56.59622616894582
45.729751407174405 763.3927080726792
923.6203553360341 51.59757133183999
956.8319407447023 915.1914365106704
670.4114425033251 719.1681681784834
306.2525999413697 458.7032502366894
174.3473349492896 419.48408821986044
123.85952962744834 819.1690810456134
597.0359361626761 519.4737890478381
971.586723104365 567.1275971101035
511.7013013545107 372.4468997367655
23.684556046442495 921.2102606734949
208.72926719449015 918.1667009731202
257.6634715157487 156.57401233972217
871.7425515754476 742.9421362104612
329.5298224353843 818.1309111506034
884.6432395259685 582.7217811058359
306.41040484673465 678.3261348223205
734.1294986433179 881.3829191974683
449.2213026280637 383.5325076694942
287.29052670089413 567.5287489927643
864.970746028804 475.29152209949143
560.1250298033337 931.3092517853372
459.93978344216856 794.3401741654255
701.0395417588171 571.518752372078
222.17499658567152 295.1583245641547
908.0288446354193 445.8682607856368
436.83492709991486 424.465885329652
518.0222481947355 447.89029845962364
31.025593621888873 461.4831253935224
289.182715586284 509.93377045889366
61.022594662021305 498.68756350624403
885.5536242611491 905.0587532477053
76.5488332167599 810.9645697151816
668.2549664867765 164.50082849856662
863.8175038531766 250.69566890024961
314.9112320811609 220.8462956930471
92.5069847615599 224.18829665891136
659.800186849998 564.6049818429741
626.906902704175 846.5997890372657
365.0137283978731 242.56917262069024
243.57116991725334 930.6659893754263
389.7467858504655 913.231502080906
937.3481991482288 119.90170330247688
595.7372816786739 213.11183224784986
262.2730717948801 287.1921366080401
629.8853889872382 230.08389006077738
444.1926914042245 881.1421351632828
415.20765189643697 810.8731855239788
645.848252814904 508.2171461835966
513.4909085469391 322.84950062625694
366.45785658156984 154.38654791611353
807.8293477047296 546.1426232297254
299.83200630216356 25.07407256784345
190.23295390900353 525.1460422643346
563.7461942944916 602.9082748345531
601.8528768310003 727.9616653283944
961.271062796149 606.9389587181536
176.36155715143397 870.9667724550153
318.9724033085948 968.7960793571704
740.9097619715664 562.4637272456172
229.1658836431406 453.4930929407804
49.738201831314186 710.597898811744
800.1558634779905 346.67846660418223
705.1505785824671 126.58160703855941
675.067512583757 218.80927290967142
606.1543061363633 112.09514397632468
349.24775291709943 934.6348782877119
60.71179306639161 277.17752868599825
974.9562438284635 62.700215329990016
800.6517871316364 161.51175928887832
708.2302313939541 377.36636731356276
