objects
718.9924904068896 358.74962403368244
182.13156727666615 110.12652221288855
671.8970792682634 228.58465646329216
271.4499796910533 317.1330250566507
777.0844315612701 905.1973253285906
840.7925520882794 847.2753725815633
618.5324566562683 634.5287009876175
944.6240671970368 833.8164498343974
747.6590115206919 776.3567429246107
523.6178123341048 271.20306675384876
364.147594205996 752.1362186075452
319.1283507530035 968.6924102385186
73.4903808075819 654.0477513672126
274.0595402364688 617.4712211974345
406.86576693360064 368.72410496046035
534.8180346912096 338.9873627086359
192.59331500426273 408.39415449233485
374.600769346812 216.03647516698712
552.3185931977342 747.5752782238083
341.68407344410724 327.8487897586408
561.5505109151605 482.59684866281407
631.8997737110299 521.3227799687792
169.21744293112755 533.7015239407835
502.9599512944188 862.0936329660042
399.05483912730864 838.6904614815721
381.91780717997256 71.1461244691394
952.2536077452158 504.24270738812515
794.3163397055831 561.2822811526156
282.87874625298747 85.03346753662328
326.20346992917325 262.7667300364469
91.25688837703598 204.6815982290847
507.35177890794574 656.7362481898195
673.6901352934489 873.3902577377438
649.8878071201394 812.5678812052971
822.4740797386493 313.31529096697847
