objects
605.6911965456882 712.1298250551123
234.28800086295186 503.62409744829523
251.57119445711766 366.98018777224166
643.470825911401 846.9083929213253
719.268238256247 148.30036803196137
234.65192195219188 88.51794541685761
874.6285931958768 247.57353776135795
933.5585595287439 961.6830710473238
892.2131037184382 132.58444330640862
426.6852789318207 455.43486348088123
581.2769736433711 37.957927252340625
733.0633183263909 537.4705517070206
688.7768872048727 665.9983823193876
284.42695547826605 772.7160694028295
736.4193556456436 407.8480061660439
123.60484036213109 966.4167139201063
800.7128730881176 264.67204835619884
104.83080249310137 396.8127585294124
33.12305044184589 516.1689358149375
861.2927218651927 636.5278841877728
97.84293536893762 481.48645697917556
803.5569322366468 343.59883930737556
154.23297090069548 439.47054852687256
149.09232849443617 229.43937748852662
573.069801578704 500.86047966180706
227.32091460702128 851.5468142341228
167.04831246156326 748.1269349859923
535.235930245428 645.8139649280464
487.29288207703684 578.6733946215588
737.599982177733 292.01523802107687
169.3198503264847 571.1649968041014
793.2255979389629 828.644677194994
967.9539993885946 814.1095693806709
573.080553902133 389.9500851385642
838.279871459246 575.4773758708907
