objects
167.1341698774586 472.07599542486304
394.380793044789 95.65518523527794
761.3833932947911 78.74310313271604
600.5621161811417 924.439749334506
743.4013620955138 593.0704300380407
238.81685916699928 720.1710816884224
523.5435116625529 891.7555409441103
445.51238917086727 597.7549444644002
322.17928411260453 392.75180903406664
873.2500676985388 493.252669783374
948.2444960661802 330.4760471374789
817.9917655263401 807.1682909022647
60.16545870387037 441.453314754208
667.0558514608381 560.9348978600736
967.050298070264 263.10887160933163
556.9679962341315 532.5580228406952
563.4945375631258 240.70180844802337
676.0164146968197 350.44024005790175
467.2077591544083 763.1037594864254
743.46809580805 242.67960231529636
128.17132105830166 965.856548657986
57.37428160346689 185.21663307765797
45.99475551947952 556.8145278133425
351.456303125593 674.9141672491221
401.7166539209854 278.8117626234558
285.1201518669461 520.0356708771467
766.6038063998024 938.9719127853693
47.612493360012664 856.2039214181171
686.9520276385163 646.2314564446125
311.5393969329166 944.0294883254044
840.8852895787073 418.1262600494729
129.91989655730885 871.7807015794076
943.0744815558729 681.3344543248692
503.2094062864764 365.59095136437094
803.4841392729578 135.0944377080393
