objects
100.18700553519815 394.20992185518224
385.263706054143 174.08455131418063
546.6842662063465 130.34619353275215
598.7064907354779 309.82832540894225
338.25329311266796 264.74911273426875
164.14232667712227 909.7298589516639
966.1987148071024 889.6747471475865
890.2155108225915 964.2154978970236
575.382329476894 189.92568573832924
812.8268741395708 158.4251916658508
122.76695355107356 238.17225486548583
232.08733694017286 835.9199034879829
170.93551840870578 179.14412598219016
394.71819997808495 889.8787275054331
43.90660676331958 731.275238269846
398.5218907246294 357.7787080029823
201.1282459180943 714.6597127282865
299.3831188153937 101.63713879729755
636.9658557598349 888.6697852509851
364.83722118975356 592.5916721672585
442.6580696622244 187.13113135710765
646.5712636139596 706.3197916056644
767.1474489303046 690.3678374736029
619.5517472160549 493.66626549866606
804.5381767847459 345.7525302066087
112.45821870347154 301.7392702595004
843.62627195439 823.8323294716814
441.61105019029856 553.1246815349114
694.9059283484812 36.32651147995146
329.28335842451384 829.7813480289464
204.6219363762295 496.5390809085
95.83563181620173 614.7404500815542
338.01905824614977 721.2192652334909
60.5928969604583 67.3046808946809
952.2443228930758 171.49525052654033
