objects
617.4018585347269 639.9841398394703
388.9360088966214 226.48511412683044
664.269134463418 286.8075632304538
708.3431620424277 610.1326224244219
532.3206728332358 313.93591866599473
718.840055293335 543.3240140301781
335.6390374597998 338.32740422088693
413.8099873700686 143.67242424010314
974.4812952783132 405.5073330146848
501.06463228925503 434.7978144041533
945.456653164848 954.7008127067057
433.73111818829767 765.5860573796958
769.8159240656593 576.111821508142
677.4623662355228 814.9139339678682
633.4951990758717 324.943841008694
232.27770104227486 231.58144010081946
682.4666802548426 693.472684797635
641.814334993626 159.31666286439375
926.6362849387007 477.36317519866844
839.7161212638083 174.70328810984816
34.87338519732893 253.86756639800905
603.4526895828442 470.79267737042903
548.8964655555378 93.42505673942927
970.6029060348059 226.41778073562563
154.01103985080167 612.3818590320097
931.6943492775998 379.38604577941175
833.0730799527926 728.0586013551011
43.2734180277334 945.7763429243162
857.6034291605828 571.3559423162351
374.54136320337017 169.51065859763756
587.4761296395527 314.3431363181694
639.7442053567522 202.32695378729824
714.4526884302921 447.0942389693299
759.430570955746 620.1629402559598
418.31675987760536 375.56683359303725
697.8951447055518 374.560116500655
358.2227757118887 797.4553339527854
556.6587641455368 165.94223628047035
283.05432890493654 569.7434841205752
43.07556189321258 423.7467707292828
888.6831260938229 729.0309160870111
504.0994536081362 676.5843234888896
829.0269955999952 504.5533103362352
435.8520126298692 863.2876422022945
964.8412730423114 738.2412548985907
981.699725747718 568.415062067193
169.68348431286952 484.32810179323025
954.6827561328093 143.49294821916138
175.40832405282242 65.91784871959028
489.29491068750457 155.04978150450714
522.3630777335446 230.54812596467843
735.371776618047 840.1747294538842
279.32473614328484 106.28671104233983
469.2350753696419 40.660559613010534
877.331220125974 349.2473545383954
773.8543009532215 802.4093946099921
117.85436702121036 271.3360515161981
33.421876852046154 124.2233203669215
274.1766343542269 443.51406762820164
456.71836116586013 325.79650242610995
422.9411032730272 538.2115715878523
331.7588393535262 873.5817085525299
122.91191340672019 438.06571105432965
340.67732497102105 627.4944646218793
379.98410636042814 374.42029067762525
898.0927816235256 763.9672442965295
471.1382399228288 546.9261764836538
224.04244334564982 635.1574224311806
806.0040431463816 151.77886386246604
56.492937041562016 329.8768396120976
674.207622887374 929.5658732839938
572.6568804958254 33.800985706390776
55.29710331635077 835.5307899812136
637.5818311592318 741.2772643802346
133.59387953103624 933.7632900142728
336.8248446833865 90.7839142533929
820.8561338874846 58.54345767151163
364.1888540238835 135.29590123362948
490.9178067264521 73.14297891332383
291.21162023885023 27.443802145279157
177.62974951281925 743.9192391501701
730.738227923166 158.1463703613046
558.9229119111103 979.2646376216688
767.2137702424977 763.0045267081018
372.5015730418436 896.6952947218717
459.1560184302124 358.60485945042944
911.0836783669356 86.89593892773725
900.4884297195466 563.3771032308134
881.2202949496974 856.8704014568633
467.6520577838294 963.3541142943598
854.4124831866659 374.74894719026923
59.82451364484574 498.22448404585333
196.9580332786153 616.3332207366888
205.5639942699294 394.0982829124099
568.6977904084641 411.27395198104614
277.87794724810954 320.59107646790284
402.37846545283276 343.67581760268416
79.82457483455659 613.9651404891446
514.6256763501756 116.05500954231005
788.1109538080071 473.3380244462108
256.27510630307705 256.0635366345365
341.48924824030723 420.3537141340409
431.65736396856806 465.0349586687513
765.9715090914128 172.29765869565264
227.35689538723733 850.2304765358389
895.1474341878429 221.58513535456484
373.6184453607942 981.9295416347002
523.6885854249265 950.5969533943996
188.26669848094946 552.792846037952
451.6239996022313 811.113215528714
214.52597136957348 437.47055925550336
786.3438732563194 426.30368206559035
731.4056147725063 907.1940273843006
75.03426087008538 88.75597682319716
665.2106650513832 385.8249993504635
