objects
588.1737587117235 521.7984564785393
774.2579962749778 129.48964504596216
797.4745032552324 917.905776813612
809.3778814382792 568.7904021593167
395.0748243595595 734.2483849054798
231.6171374270513 524.7842999619991
825.7307799359012 52.896312321535476
453.5049610832299 306.87891356114596
472.82394409541337 708.9297664924031
540.3917594848838 147.63172533716312
973.6287561809436 336.17218561243624
927.8865937325832 681.9116691374019
220.20820799211532 687.7676606628124
788.6302653569738 726.0389123031844
47.76448735348231 127.6408465294724
584.0114220309258 383.28567357997434
633.6212907882942 554.5477708717369
483.8919056138444 187.36464449118057
930.0904987645104 275.6940604715051
302.8510178863064 372.92343119807134
815.2719409879045 822.5566071678473
818.7612827372435 192.9535410150135
808.4461606041559 787.8263179761992
204.95075994838317 330.0822971188936
411.17652441791284 386.46397967980766
856.7849808967727 81.20658211414273
432.12807835669435 601.4983309053123
740.4710884684717 658.6324452232385
216.97208352902564 240.17117804021305
484.7356940747555 410.07154426744285
253.616010676416 354.4961269506746
956.2769233072196 840.3410168574891
442.2277990265283 100.53881809287537
744.0239249161226 407.18441725079896
878.2138799695934 170.88054979735963
210.85906928196303 434.0850203318376
300.7880119892881 974.4792241819364
54.52448734030733 335.4007046354244
313.6278484318499 900.423587508566
73.36133417873697 678.9528760935634
585.8921017435323 160.22926254720028
293.3171275312257 228.08646876641248
287.24237877130076 312.6736281464412
607.2832754070618 296.95061904563465
983.1489419373321 292.22988827163516
406.09868342756135 845.2723716686783
53.44483335097793 78.3161778562149
230.6185685689713 568.288760401257
711.8826646453796 430.31354876322786
657.619052705457 590.310331610884
370.79646846741093 32.31316517735251
71.8478998836787 951.9333925739012
50.57959264011855 551.8524223791711
614.8044852642057 765.3436450724924
547.1562036446162 381.33655479413346
326.16900008774576 935.1792533907495
751.7872571726328 283.57038632507073
631.997256040565 961.7849883133904
115.165890590144 605.9630138085847
492.9841091108107 734.83779101593
604.9253715232451 116.2852860223905
615.0584327912553 718.8371377398972
513.9928878843822 934.7389463126217
310.46441987348953 780.6882420687375
78.02861239998562 297.58775782168425
666.9662846629863 268.35652876622726
57.64506459712308 160.28494003355868
204.09153142964826 271.416548263723
574.1942470263332 887.3715709220427
145.45960767308407 521.6120361230658
490.1908801701513 121.35046816495489
942.0174711954694 747.8397818893512
887.2305732218217 27.74676303437356
843.8688555192851 876.9272277741553
961.3114859686942 674.8386118834236
700.826551510806 696.4679982582554
410.4350812564326 625.4126819232197
42.307913461758886 44.14470879153334
754.6393309944783 44.27947717879681
583.4052277367803 949.5746706342569
708.5641105187605 320.2121513568921
654.8898206519623 871.2744790853777
326.18686496338285 266.8508661247662
540.6874208271329 223.81330825243273
971.5437160528122 432.9083265833961
978.2103275852597 178.6049201957135
854.8264608963555 322.3326397914569
266.1492426138831 487.5233119892397
498.77668434702355 347.5411662975997
203.6935899757054 790.369411253032
673.9588195134409 342.0239296277095
430.3568463008287 243.94854782520926
646.6784539060521 481.8643588075217
561.6527961223687 111.38979901362445
613.6379529327897 665.2557754757921
167.29549626101584 638.0783885114957
182.7972016317126 742.203291242862
333.6054394345852 667.7906133058789
897.5536265377083 602.2149476599202
512.3512390538733 686.0901792912724
710.4478330329722 937.4883616054373
784.2451463755469 86.18829698302125
644.6070907119764 687.2953847583661
344.2765564341157 487.7080080460153
27.887063014384484 220.88256811728812
306.54067066205687 82.86842556725516
281.48948255363774 265.59884151995226
421.27745737669596 70.40402253787789
722.3071231293094 52.39035908938665
770.4638568769508 381.30599917824054
808.0099114926077 459.03154292918816
859.9246862330579 723.5004094661818
20.34399358696089 843.4373692153832
80.02726504714158 617.9179740064684
245.29858027734178 961.3422213934467
