objects
472.8210318211893 523.5718739003634
721.7333356461562 436.7897332087172
79.74039314496373 883.1143596842852
236.2556736504898 389.46272885723045
454.0061381022591 473.4564933197314
900.8261515907775 53.936227295554744
963.8232895491991 818.622865047477
916.5772778335837 219.85448206199928
744.5990554504332 896.1746067085548
252.1682013857812 501.063629267508
485.32834998624946 110.86528270693807
195.4406847410417 570.8648676854411
891.9165631074239 544.2340033639106
538.525613228264 958.6120617622547
259.42441415914783 759.4291135155045
893.8281902655448 786.210353704904
688.4366239279383 203.803560346132
375.8796862558345 629.5861581860871
889.1624239559077 898.9318574168045
776.5724867013599 159.55260390852195
140.39854951788845 460.57147827332045
824.6608391130347 105.56947048353105
970.576661463232 46.832822319525775
548.8019060646211 485.62424118700085
360.576997850053 90.23141202100697
486.4130678655846 56.68737776028206
810.8176057227495 353.08707229379263
481.96124715985667 935.9402902437504
735.6452030513524 178.1078905616969
533.7911739566459 863.9982654438072
356.0697711739005 157.71654291740978
190.96193798530078 793.4808456437893
644.3760827840975 369.34540040948116
175.8972924787053 346.5703668756442
323.2167138746175 398.16488894585626
176.21316774922693 451.00594646110375
890.6930356754996 699.7653989568944
396.35927016525716 732.1306379930878
785.3207080404944 781.5425886269185
719.6385445606236 514.2546099748838
162.62734399414413 748.0800590691625
658.6519142397254 173.59303446365388
219.22676643302438 203.56401260898824
757.8184169445201 646.737001844921
392.6731218146004 123.05564110271231
22.781715962560035 625.6776647528039
169.62641285112812 825.227805104329
324.9738943610844 142.72847755240468
239.79838190859599 821.1137747066277
233.2855168964226 703.9278920931032
957.6024885626849 373.69056474840517
563.4919360607818 394.87224200223585
561.5128278727707 562.7440192248196
23.49343888848452 177.65756360104902
617.260610425559 918.6169833592584
861.3092052870065 487.0441545767896
456.81185479054676 258.88751721082343
441.2170380516161 942.8090026172987
91.01590663472012 761.7812638862255
794.74146893294 898.7873144849233
845.2240498053686 758.9252227144189
355.0039622062115 964.5896214082524
737.3706227748467 612.8387144371814
241.32587493943373 338.1881245251564
268.3924529479716 961.348889350332
675.6630195346601 847.5550109964208
771.4982334333841 871.8805554297883
761.8354243303503 437.22711097515315
878.0847153555624 346.92214676904086
586.0322507730983 763.6358622944553
465.7316350469556 424.75392641901647
755.2483727313466 205.27542929081554
109.81270344747568 637.8576974836017
208.04668785673465 488.1380881383008
949.7525412736093 81.6947666618368
305.5972721872213 960.7234046665544
616.1561604941694 417.3289454346633
43.21122732412199 451.0463935171
429.3124109460024 907.0189228147349
402.6388819400106 84.38010424273119
924.7999772777682 968.0319468665609
897.616368356259 88.68125565826449
317.3699764144474 573.367265146233
321.9520922759716 754.8590846694524
752.5513352669755 247.52240803052723
169.3650306895075 248.71639299028348
967.6528074540313 684.7462393530176
390.73083767072234 951.040958283278
110.9211388855895 510.69952913869685
451.48458159344733 346.46684350567017
768.8579010370173 116.95640184743522
597.2439570551076 619.8284955032536
964.284046926462 872.1643972165064
96.16977636430228 674.5094932368168
935.2494077892212 179.42252676561498
973.2495071435698 108.8184342877576
136.25203652490586 227.12075825060342
928.7049883485287 285.3315349054649
432.79993263647253 610.2678359774999
697.3329070094413 680.9942452608896
440.10166074772474 300.9794228426632
256.3376431086799 127.12983968500497
793.7609971748666 486.6183325662687
653.5973616181183 266.4621029835892
920.2504667854683 666.3152930748524
456.7453474127387 654.4411196694678
940.8640301947876 406.27159362516403
46.73321246429043 267.3129448156941
720.3203566743013 225.5873680905849
211.29304530509197 757.0570502516451
269.9365987050684 419.5299660497363
833.3803129867222 649.6305078651349
720.9513516764878 825.7499733532655
283.328872987976 926.6727173949422
640.6757663235346 768.1644112204555
