objects
888.2700832970459 750.1025307145369
826.1913992772182 678.9183691029284
156.60677718545938 512.1442373653126
882.0390797172664 635.0737722462909
725.2471055495325 229.54532555772556
893.7292289918429 820.6495528525081
882.5621883909341 483.6463796405138
396.89924809642827 936.8114963571219
33.433195170373864 132.79848214542727
660.4669284151959 504.46203869689845
845.5451699104145 415.5576697324971
407.7715143256884 473.58261289154746
550.1627498189938 877.4297015532662
770.0010106610465 718.6553231358047
860.2147657042667 326.03543808942163
924.5103328048872 495.2775717555898
606.1196528890434 345.53373559987233
838.7088866639183 844.120484102302
596.5962876907827 905.9412454520747
260.7591665795934 309.2142941321693
479.23906348778354 609.912475479338
854.4229706602085 948.6565297908954
265.7241102237982 527.0882104387985
560.7547293260865 154.02636636826446
948.2088149580917 954.5111412448622
850.1989297063403 904.1482817760306
943.9054872356033 531.3046372173504
349.20589392547896 768.0980193003132
540.5272051937202 437.7998467697582
852.7359102737655 69.86093129995659
75.40939459776682 188.38711375843687
55.031946692839085 797.9763454208302
665.6835401120727 586.9507422884261
359.4733442301719 29.2268459549411
194.66989457879475 511.0648661066154
484.20297952209154 330.3448122924119
729.0998282545139 38.94663223458035
557.8418878890864 770.6856050764419
733.6448968725687 729.5401563743043
123.63710531003754 287.17339640731797
464.42204542556414 674.0228377587237
249.80465555540073 647.8390438852665
677.5435094756389 880.4416137148014
21.52744558996529 528.7397309526577
674.3231896541964 451.98553325149953
773.3893216587358 829.001377769917
940.1215083976765 766.1677001488852
342.5563041500655 857.3878166439176
56.156801238840984 464.680466364591
271.3150712135022 101.77199231112608
827.3158904163919 362.0533888712977
309.8214287379142 356.9257979022936
372.8100919818785 982.2410994862794
864.2948639561166 29.3316942045361
783.7701422748007 387.56651166707013
649.8431002617052 272.8818326343186
346.7195275548963 626.4465139515892
735.7236855948953 406.59699211418643
377.03923512117586 356.147370744996
616.088712654876 85.58725847345046
216.0211533778645 375.8099107592926
359.15930514830933 499.7343445697433
847.7390040110719 768.4350860673051
634.317169809306 919.1733905944626
110.17317887866676 597.4541638974048
288.5205509199453 133.53910124832697
550.9711117794251 184.99540412607965
52.16234333565164 72.47880679975086
86.46128346935538 733.0782319153604
116.52828271134845 77.80546491903395
715.8963236518406 657.2118238166717
530.5502702041194 625.3825596788608
113.89373008209638 251.22027970700262
223.72801149566902 675.1310222784434
242.69411208833628 864.3901461106886
715.1597227863397 864.3349121396635
910.9498829195035 291.6788392412493
239.03609854918625 193.31296698787156
450.69898452429084 79.53589167973583
574.5307648838949 384.3762622052515
667.50019341623 644.7565751824607
956.8217280271388 921.06608609802
743.238491593183 814.2168774902339
578.932209910237 472.76482937803655
788.2645576534494 506.24873450798896
667.9838498895938 714.0529010758463
730.8587230560885 349.16784556790253
721.7624037727853 498.20708141249435
51.70200444189189 255.46209017828988
106.27554582180021 967.9034294170227
444.51225915621967 713.393809778172
412.54529512438467 108.62693680005255
462.18062697453473 863.0941731841874
765.6798855917859 21.009004890303007
122.81813709874304 907.7446529723327
850.6471575623605 121.37169566864046
251.82698043972613 496.4441481368758
449.71100833338244 901.9309340196169
383.6389494926035 201.6549412404988
638.979852924041 800.4118579807651
147.77682479884052 617.2109234173288
371.28868326996707 658.8055718887206
527.5318757364197 267.6163517222314
552.760699967534 977.3131175499551
688.8762695349716 550.2334045185079
967.0690075451117 331.95902765221837
942.0260902982914 658.9982130465244
808.7421210294295 126.18444247427044
168.22442022470716 402.3950467802542
723.93711364072 575.5617860237052
683.3789540858714 102.8084532944154
503.815374412617 420.79427779262534
466.6742116246835 292.6315566538757
150.69915211036337 467.8033954456695
314.5644758363605 474.52907995358896
