objects
86.48564747342456 481.9175038713467
175.68981097745214 243.85154860899385
443.9317825738085 506.980670398061
805.814833943983 731.831094377799
864.182035192047 197.3429560599684
525.0822576244506 899.7838675723756
363.914372418698 446.44528932235676
542.9260188795608 272.57852949572737
672.0760990809224 597.721235228908
470.24417068677457 844.5815600050469
812.3976899656093 365.67080084989925
43.370166580018875 174.01827302861108
911.1679231264291 421.9839179605625
283.93915398472916 312.21466998823604
164.69281280308843 436.8075638664012
145.1537886625671 632.8880057099442
324.23379440352875 739.2069396145278
782.139475081349 690.9375007990789
650.1731764085997 402.8506823225764
32.14100060033899 670.8723221312266
131.03236672511636 846.0122300730663
716.0139998671224 108.0586230947831
90.12434978629548 253.0569877352399
605.9591283602015 935.0010298809257
305.19707391750353 784.8072548530739
216.8463854677644 707.5500709047096
355.18018823193535 216.53628913114656
821.3378934544547 685.2156533234156
180.96304292074527 974.2250609180444
881.0198494485512 936.9987111261825
685.3485001559304 439.4133837254576
56.64398557458645 520.0628159960993
343.13267229909746 52.43172574318045
760.3585750007828 893.2965670888681
955.2516095186186 75.42817713780879
786.1071283533624 399.2296442079079
830.1452887779368 132.7105925338472
118.70621327357175 414.3447726865387
888.1119272738817 541.7386325648054
798.8494883178035 142.3301031269872
574.3760259736114 617.1681003613742
281.71142255415367 684.7165434928264
589.2741696140346 281.27458154383226
904.64156735056 143.54341405225003
440.5854028070721 603.6863394960803
888.1532049218048 219.51460950757175
517.3884034633885 314.54079332289876
769.8785958231203 932.9094054187328
929.65569123013 223.41117312389508
519.9459904334134 843.017884526441
464.43480207844215 376.2543294982714
229.3822008345254 767.4074027634825
869.8498779135303 864.6452842717616
470.14297553398654 722.120901178644
540.7999000548735 151.88156750696993
691.1076345242813 952.0550404035298
652.1021129028926 95.64419034371114
442.20956484066295 156.34711732991175
873.3376925412405 63.68727078689297
261.5605677696712 647.8956481699175
495.9567394719737 941.4776417042087
426.4246272070499 944.9012325238264
176.40876049041563 383.1588984218197
100.61606022580355 375.0415309097545
946.3367184493342 467.3628871523659
519.109465520244 584.1314360666254
596.2882760856104 84.07633223256626
574.0939704461061 749.7820074310565
409.9116892544954 258.9130907485553
165.658005315895 737.9304331521467
124.93439415689555 581.6639598560946
840.8698203837469 310.47847487430096
721.1356038924708 908.0877266741517
196.5809938157351 575.0999040769397
961.3553658502462 396.8127172650259
250.2026324102569 264.24641097715624
318.9927496169477 613.9124966040582
280.1172923296732 556.6722461341776
564.4729158618342 912.8203111842597
631.8912533855919 762.0442951174527
63.85008925838834 383.80916681598967
412.1243092897141 65.2342092874992
132.45764386145447 241.83979360743885
466.63846554236943 781.014514534978
46.69398188773242 314.5945499971161
106.43838082693757 525.1366384540053
464.78233554283 414.50022885547014
99.94819163414415 167.6336716346793
487.49996859471344 165.91027010394814
802.0727763893757 955.5254962122729
109.59581883696332 947.3068155005075
261.9627067783336 91.68323476910813
533.7945889643967 203.6528698283315
359.7405424895182 295.3457474533909
867.7025269639838 649.3468593175071
399.55803694768184 748.0686524212377
173.28541181645718 926.5385707528932
522.9652160376564 121.16900602314728
865.2603018049901 683.1108685780373
618.5720767066836 892.3786046176762
599.8530313895637 596.8663962205981
108.82172635350554 450.3296035862133
852.1488154099172 546.2055385550728
210.62410843809278 334.4055173493882
519.4617851827795 36.12031252475305
406.80010349545694 357.6414265219856
412.89736610578956 130.7569590221261
666.0770294107956 509.82573377061243
705.0848848600325 779.5995522423764
806.4937405317431 205.16179365172604
165.27646825919913 883.49029233711
757.6905957315745 31.249908062579088
669.0872521726905 557.8357202276118
235.4068984923142 45.46088033016022
95.13485232173569 128.90062446178175
