objects
737.2969576337973 245.69043149332705
519.4812588439523 522.7803088706919
948.5479852877482 552.7492467729504
503.1360457990604 482.73858960916175
648.9411999897106 475.91665232361277
800.8217156741042 578.2276186118866
362.6002962446294 865.9560560557769
138.6946625075717 918.799760332053
677.2809818752974 527.9827472924046
115.9096504295182 743.69921859029
365.7198262725674 448.411497357431
464.16441345111616 377.7401352369316
356.8860637108827 320.8307628343903
764.2101153016621 362.95781431307284
758.7855811141183 545.5090710512675
915.0009672481988 544.788274124427
700.8420748951563 574.123046067824
795.6373023668374 264.18128288435355
120.62354373180403 295.7606478169916
90.32453217475398 496.9737064631158
190.24308140854185 558.1342472661589
92.30203106638903 885.3369674581777
503.5470040137958 334.93272013320103
275.39696623864256 898.3828410408746
797.2557632858908 646.2409413172965
733.2376854829943 517.0692404213967
330.3099240397275 981.9300823467627
549.3295907465466 724.9161750741522
808.2321717637282 846.9174113549419
154.49850704702075 98.2663611246414
347.3102272696715 784.0611405171098
598.6776851307453 110.96100958886231
876.4022045705266 552.0972950092143
236.14012829703609 227.14305316034998
749.0885333164572 427.5558618483805
982.6009556096252 94.11109475806396
792.2778900054496 217.0528148164152
835.4672851510358 170.09066936660244
521.8876581351645 809.2782094547814
171.68468733808047 162.9844483423199
425.29285606143304 417.3999006208914
308.8408242138583 458.0590274427492
292.6460320909246 271.8506773247947
212.03372669675457 944.9108640157768
676.1665284073798 179.83531065408008
54.26391198345006 979.875896836667
216.62292679454546 63.429823612290136
461.75593911528495 712.6911646524692
64.73971355072894 781.9753116444012
938.2414941330566 269.1410405121131
598.9299792914684 602.4489616303697
164.2152727861212 892.0516764950769
840.7204994173151 347.07474842072173
747.7333736469651 802.7387132609407
123.44459445180053 339.4321677406264
938.0125318128856 974.3351089357859
309.50846585614744 800.8285249363065
199.07453117258513 426.83226356924143
616.1002816459447 378.8167495675583
468.90649157547375 107.05521992740411
700.5566418376811 476.4014674718117
921.8588165627277 681.196524531992
650.3510874161458 801.7576955977753
581.1934514781946 538.2230399033554
67.68949744454939 275.11611435128094
239.6905745442986 88.5409088890395
736.5413759456152 662.370153946099
539.8733353195036 87.18063726508913
834.8350342609589 274.95236682910604
380.3156816618354 916.3971960972428
230.585246828758 674.0648912766773
462.8658829687229 553.6372293958442
404.6691062823808 271.98125002494567
219.91096671029698 321.3676021438181
626.1593001253232 193.54593833772523
466.9619233703671 327.3310538147373
170.5441595913042 371.3444884506968
899.5528265230807 641.7083002543927
406.8266986297374 643.1056759966673
977.6672899410765 938.9976090762224
269.1497170971083 754.0589191728907
214.03770548913147 169.21169871184173
233.2993305912571 916.5739697099689
74.56392220119142 311.50558919553754
619.3417383954809 912.3287314412308
188.90599200978625 774.7161524316538
640.1550056804965 290.16941512730193
681.680818161081 945.0758739881117
605.9336250739991 640.0060793096972
690.6763884106329 713.7663426587374
518.8984493281384 694.8250987420649
558.1325290438514 587.9215302127562
32.86835118731808 939.1928514723112
469.67136869903084 880.2042662265578
182.48741144024856 698.2834011830744
960.0902329719461 307.31079799231446
255.7231087354986 184.94487842159765
240.78213397436738 445.54390920474884
499.4264209287266 927.9664378852037
981.0525089137838 799.9133617223076
153.6133189731005 308.5204817542423
576.6042989842485 269.6537792693849
340.52715859437797 574.3013640939373
223.32608180689357 870.186068008314
73.34321710030514 550.9163270071465
487.88799330371086 138.066414069853
968.2547576521147 863.522703584781
148.6992994278356 635.3629842273994
931.2655280401543 861.2718824897856
560.9696313419205 195.05642227777616
783.4193767433175 685.5731470523696
286.3592147382148 372.6763862745051
111.92481929689512 682.1164907351641
358.82127346729794 516.5844226575068
810.067911668224 93.53054691471759
