objects
459.4535107756166 582.7302772574317
753.8003936267584 48.39606888653195
432.7759288707667 461.8879081998599
888.4652518318254 334.17320259138825
631.5085249580136 170.72445636094128
529.1859155445252 737.975616740586
322.41717794230914 916.700974704999
805.5858205985576 542.3606221974615
181.23099136375137 745.9444787162557
908.4550978389468 46.89288369067727
162.0259527114978 640.3627633576928
784.5751306273576 709.6210836877264
735.0009433643712 627.0534415426415
721.5163973073808 255.98516227755186
833.220542310181 419.8327301041629
634.1229583428133 323.3235795752394
370.6721395506533 719.7394185489693
288.69753972010426 258.4506614538925
674.2104629716699 451.29072878230295
644.2169478553922 557.268255327867
246.08317442883927 826.2110801304576
397.9939123631993 821.6606798090296
298.7463070436153 415.60590646573377
122.46383239219526 276.0177602908549
519.0248076758376 73.82923808505016
636.9613048440625 923.7792708362634
470.27441365871965 363.8018244079173
333.0316628335797 538.493965919293
428.38832051710375 161.94505320272592
303.30742162199806 641.1884004680295
536.9819351298888 468.405058071152
618.6377741774858 771.5428630831848
102.44541848462802 417.1079140457851
855.6889172053925 773.3036833175203
927.6353858206951 927.1252174131696
55.952435862111216 568.2482231118565
831.077446714016 937.8218394940046
97.54311378716812 907.8939073157696
797.8232624326021 144.30020794826785
537.786539788126 300.7526084841027
482.8195687525476 859.985330631596
737.3026496138148 804.3367220853254
942.9051038048589 797.0187916176585
945.4717968508006 447.2095218245508
275.40383779242956 79.78697875662165
