objects
344.67044758911123 59.43172765345518
370.41344181594985 790.1574412668202
155.47901979366705 145.88922703656664
408.2729405681005 634.3566109447705
847.4206458416885 356.74205526207595
447.63232658666533 729.1630116830008
594.6147201123486 128.71643463954112
646.5040453061237 648.5248494904979
783.637023267533 603.3352271090955
628.1001179958463 263.4434998381899
620.6348421760232 751.8682270906642
525.6705746681312 307.51080514778687
184.5157301486118 415.43855194295736
397.5240513426662 183.4751183295433
560.9615135862545 579.974509102854
927.6639829382793 91.97556577749341
151.71910401937444 810.0363553379559
214.39505520483453 613.6678900686846
72.80044540454101 728.0471580444623
944.503783730956 536.458531476986
584.9030968142565 853.6137379205301
882.682444493262 452.6821904312547
266.7915435809808 360.13886315031664
675.7555143756963 174.75962547362965
265.10943478656645 715.1197657167002
882.1253900352845 677.3465964025328
142.78429145600282 933.3195100828272
713.1963023967353 387.10238653140254
316.5432039358012 513.8978123649247
532.8791141635925 482.1145506705229
916.3910937835486 922.262466935574
417.5404335416671 476.77583052951
792.1787118702294 888.1392127788066
747.9815465698745 297.30280248767434
838.2294152610312 195.77845894700422
74.04189818734618 291.7050236132515
386.15390327608833 892.6872273789522
479.8406079282712 905.655499111356
71.63803486209783 549.0373073895855
121.40921934082584 56.528638578726834
82.60141482092229 419.0227908982487
387.5494992022706 354.8166269946339
914.8408887141522 768.6412742623241
677.9119104801583 60.51213134509147
262.2367283969244 236.29931274982857
