objects
450.2915905603575 97.41802548209174
946.0366133389387 442.2874226834121
126.35187516478982 920.1910400654674
319.2048161716554 412.7407245768437
642.6403366843871 357.42206971810316
477.58857639652075 207.19065008152444
203.18475553264972 608.8081588221734
696.1032230446352 901.865211512426
786.3207174653454 775.5206868044984
598.2306221050869 763.0119711005335
104.67057367239752 779.249095802759
528.8460775493973 408.3644499758396
196.56000361234703 509.2564144323305
442.358205581755 487.05366963126403
500.64570163237175 655.1368615710215
803.6024133824479 629.9252775885736
324.59730014586086 783.637480603794
60.639370632119125 683.5683942816531
748.5595002081091 110.5721652438719
540.6240758095486 301.0460862838368
240.05347599137608 946.3603494387896
917.60982677557 347.60836514757403
664.906644234253 460.06374761478145
815.3511735374354 333.35771923047383
611.6157200469972 55.46343025074256
404.58476931030606 347.8811619907156
685.8459338622179 217.74357083968897
235.52736296551578 840.7429986237338
908.4677681846227 945.5808880568085
61.059661794222926 401.4006118464912
78.06739477577867 49.21687319675744
529.7053661207824 884.5540227359674
88.53433575561563 560.5789717931887
683.7882790505734 616.9993089797034
344.8148443547086 681.5599267378269
687.9327993114528 797.2394030071974
65.71252653116076 194.0861844683182
407.8895270757275 915.7456922780332
296.33078876689586 75.85003883264646
878.4226378004728 847.7654801188972
773.0300022498152 419.57961160953437
595.6729130733808 547.678669900394
371.59661178854884 251.4100756632854
240.26265794275233 703.1579965664027
287.96384889224015 205.6138018085209
