objects
255.48482055824473 949.4308409724467
301.3126255283878 731.482530219872
228.775811320377 361.9230991672912
759.4988472645703 484.4148026599136
881.3223225672093 624.5554072197875
386.75429157137285 810.7919952397727
423.9091032931863 933.1228646642946
310.6752036654201 485.13794638509273
81.53366564792901 152.48836298427915
718.7895659622861 615.6326419057885
163.2862873054738 429.35306127989196
214.9455773903019 574.5039614189568
657.3229284271289 931.6777752578798
629.0552369228627 820.3514048367177
598.2765970849307 74.95314747621698
206.62727405419258 134.355372186395
724.0048151203748 308.31750928051946
864.357141358605 239.42278426843492
358.45946375380225 150.09586236513653
599.3095232857168 542.6091951205169
321.0154499870855 612.2191691797434
483.8576108479254 458.6595158454701
782.7152494037892 190.71261315325552
52.34141527152404 490.06619260144817
906.4644175203144 474.4009584396874
67.54916239781646 608.3298116416391
638.0325690172523 203.9978887232201
621.4778693499871 364.32334712283506
522.7832319190431 627.8015448825182
97.3377208403883 750.0106858908719
381.94739587782163 384.54565042649
950.9955670933815 194.30794294903416
509.16826048456517 146.28683088030914
469.7231449505833 241.0704878129485
943.9312053350136 765.9667841692436
281.66781002479473 828.0795527411276
405.3750914502609 510.40552214493624
200.4083590159764 699.1449715766989
489.1745864192988 737.1216419930425
650.9281492672638 464.86662036253125
883.6681386676244 48.274930549055824
842.7619775897697 731.2560948009024
708.2595276183478 97.07278291450291
542.6824929984787 949.245991211782
79.94092981873787 931.7541282749673
