objects
81.22710370993875 70.69438811588901
457.70012710165435 306.0198380334201
634.9565820114047 124.13418633917465
361.9156775059969 113.58476631639948
367.64776797033966 924.8029836999842
781.6745727871405 418.7902981986969
115.28633767377795 659.0872687069199
212.87832674975706 695.5551438017483
672.7732649301358 311.3108838691782
687.265666387485 672.5303715497072
369.25676989137037 741.5554500143062
569.9578531585377 333.52440807036623
856.7917009242187 844.2045798274589
541.6115164904527 154.38575188320888
133.4726218320817 892.3660848256005
245.6250894589029 951.3360743015644
631.3221302414765 538.1480111705384
266.0017544771739 587.400957764081
760.2662547560676 561.8045213575705
927.7269850743336 283.20981263125714
59.53080071632807 486.17844990662036
125.60684847375327 555.8240221130649
468.1032402300943 905.5580968424092
525.5454597898149 520.8126077218897
921.7562206848198 749.9792970704245
527.3324012416577 699.8976287149798
824.2355099140636 222.5141559828061
402.58852504725616 404.13906548607594
385.23939579111214 621.6352145305004
226.4579954100898 345.4021696301135
60.855095325254396 290.6227461146085
899.8278397539032 650.2211967954606
729.6179279043884 62.62245062196431
665.0779666088329 216.45186913935856
749.2580092657574 865.7978450114624
137.25286065022658 769.7385618928062
926.4360645715775 404.24904179723507
576.9819868560644 824.5663500256784
234.27021181533226 225.92982003267397
263.5034769010275 796.8812846718172
264.50304004528056 449.5050564606369
48.97875278915405 740.1045692839405
543.1812325903924 419.6484007062721
929.7198733284994 90.60724793196786
247.4533063908849 63.98762710913569
