objects
226.90536310887748 322.5666556086102
831.204590383156 559.4093523275099
446.19046866456677 585.6978719640825
518.0358880250793 121.12759737348702
636.8008280012333 890.4234384395763
505.5663730736344 893.3306907142132
226.1009327269884 213.4515462443148
478.7699891526151 438.1418071847824
419.16291093118093 266.15223706787253
74.59377277500691 270.89641795852856
720.426970123132 259.94516932222314
632.8320013820409 709.2045897840592
392.0593500929692 133.8039183410783
903.7331850287782 232.754339678062
539.845735453678 797.3386991157405
198.14661054279793 761.4111572299404
778.060778841562 860.5069733768164
94.26499373107806 585.7315177256053
320.5000229563015 342.9958379525354
166.12584577765145 900.867494041371
835.4990499458252 104.11272371202811
213.372639269648 68.78597285229904
911.0296334453666 807.9528809109136
543.8176084155953 504.9232323738107
752.8219984005996 167.28437982072413
634.3396853353701 556.2642557930351
529.7286354788944 283.348727049436
121.9558099246641 171.5803024333933
841.4899214063631 716.9741954098325
105.53905994428735 695.585684637268
344.03453418493274 905.3130809192519
881.996830906706 373.1220404065513
263.13338050672894 584.4215638508342
646.3999687380306 176.38349725182417
779.5989991300426 354.3048104215789
905.4232804935133 630.9492853395628
229.11062187385207 442.1234878943048
363.5442320315225 463.3828161202134
49.03820776886668 460.0573368877837
899.164986429129 470.431175287186
108.43379511739454 56.250572696795295
297.9472354000345 99.84929225393307
160.69257982916452 520.2802892669595
369.265598362795 740.3377695899309
952.6375888070218 897.6123618160948
