objects
727.6509134671379 822.4630746766308
597.683602311819 257.32035764704085
449.6168135637696 571.4170727800944
257.2285645189248 744.3857552454851
282.31947106831035 76.60246400837087
714.3323549904707 505.3663923574123
910.2279102379935 608.0996763368584
578.4056455861194 740.5725635230107
382.7073742172509 700.2948589293028
245.63161916398113 422.202241330728
170.09963623555504 778.6335435225667
609.6236075615953 131.1830153682345
880.2656766135749 389.85552380791404
256.99664264346256 319.4933664481225
759.9935342145434 597.3562380671322
437.75489602990837 311.5331595940939
436.6767154746581 906.7181727820172
313.1851350044811 874.0183582706861
93.70630855314803 452.8554048385641
742.0244431640605 940.1687577440237
773.9220302504208 328.08933663197706
73.98331686928907 99.65544668930718
902.5473019193785 204.213647929428
943.7120050492634 780.8338619879223
531.8007458407246 500.1493405444643
58.89739548251716 326.066491640884
902.8057516509707 894.8372533771883
176.7013281026386 128.32522310442948
276.5978997100217 181.26657633215464
942.8654864661237 102.55150739511382
372.62575797280755 112.4737036672035
155.01443773073188 627.3960290765995
565.2056502373631 903.544473744331
602.1200422976499 558.7159343620966
123.35019719155244 537.9682429782132
54.36590362150946 929.2846183618097
490.404039487023 782.2136812679898
440.75496131595526 175.8547108859721
91.55766308312886 241.33094423703994
835.9260501673317 707.2393498765383
687.0455981261948 228.35406907219541
680.3568394733942 649.2914919856391
500.839978075877 677.9079023239647
791.8686071012853 134.20974147115723
219.99923345632388 516.0922171990727
