objects
883.864248098016 151.73606150406977
81.92542433033174 467.5369568176281
111.21870473132532 398.6129179667764
666.7242926963634 528.0968904668968
821.1519594239254 473.91176281269225
961.9445614996408 154.15818119247484
409.7613002881803 155.71076418131432
668.3220614430265 658.8419917849122
20.17096237134477 61.537191016367245
774.6710332396376 143.23738585996122
456.9395114881552 973.1674011200934
781.3232426532652 518.2029573457106
799.1071873913901 253.77818785577958
511.69058965732154 595.5096703591578
398.0289768205544 123.6394596032795
932.8465993603926 771.2052489364763
692.1015710579834 881.0654974006966
853.3316365082915 720.4691467937218
868.1447189169388 63.79929954671287
190.40206610475948 127.0327851269993
802.4019996746771 680.2548812636574
133.72622666462553 75.60148666331729
719.408041452867 292.72751529839456
407.07557959970177 629.2024703268115
80.09431118871132 903.944380013113
502.1528549399579 632.9281606264761
47.416912200855954 722.3500410275129
240.46939625462315 449.5008855965128
868.3512781359334 378.029803353386
430.3098014814055 735.6649690272494
69.62551351823623 422.91524421600235
560.8388551607419 625.0770902787856
726.0500545662311 530.4433546174123
238.80830037584983 201.5218997269119
193.81824795680348 458.93291679173734
101.501133209203 515.8848211893126
276.5354566331017 101.84720957366574
553.1283847541691 134.41933012604497
752.1558114386477 245.3870715322893
872.9682348428313 677.5729960787909
457.6929073349148 73.16668417330567
141.7751803212313 639.0456351718153
622.3704108769133 92.56409283996487
545.9562075017645 697.4269475043235
692.0661574532395 242.7783195944201
785.1599493514178 847.7792819516156
958.9538154246928 314.52036302927695
720.0348991604021 107.40894668190893
138.1937874061503 924.7169547679218
627.9937493979061 230.02430346682198
607.238556054155 299.2750701791287
119.81342764141846 280.583313499532
554.7257534743784 484.56352538944725
219.7987253538613 546.7358975065654
350.54076906284183 700.7805826207588
283.5227454458854 454.5028692085653
849.5780489392802 790.2972930920855
376.05429288309625 878.0202109849123
217.1930860328404 848.6785839387745
595.5506492274069 904.6547206474746
123.04556433365627 227.56285873930452
530.9174224876157 569.9632830670245
434.1492722771986 395.2843843534053
345.6017309282174 393.0767270176476
360.81936494017685 227.7049779303131
589.9296408797485 729.1768762311114
403.85357304619004 441.85025926244475
249.6277405693504 378.7139675718819
496.4594718628226 665.0648951834637
605.5581619097622 373.8593922205206
81.68040054525488 139.30630607952045
920.0825783332969 518.5326583180332
906.3614060913204 322.09542357552533
802.0341300253851 203.8175466070413
778.9242823331748 387.9715224328758
255.40246268930363 327.87763675806934
465.35840862084405 800.1687698274302
829.4790364058748 654.3336548105461
119.38610360471816 112.97498579603149
857.1511545002292 953.5194155922063
343.69177185328596 912.3809312645766
750.2622435155466 469.3839325054455
949.4498893274824 65.28516209650287
846.4457084285583 265.32467616722084
157.36800908257726 355.8671557460858
975.725080996318 484.65678516861146
24.99266681864795 974.7813231947396
630.0790336586634 414.24850908609915
931.4966397799224 415.09243688688673
921.6641255325011 885.1061125923305
269.14862003344797 935.32287786194
385.72791704161517 509.8129301748931
768.8496820874732 331.1522175833348
27.252776328368746 283.28376876110735
868.7968801867854 505.9866804921645
983.3202798972601 878.4817619979513
766.525350363706 772.8759896110671
887.1961031713685 116.2104832637524
880.3145247955493 776.298300025783
484.4343779993149 109.84540687718703
171.22478898604288 216.32253081662702
921.2329370943895 844.1024651127377
538.211117445591 393.789177332425
244.43292482573472 78.21275723365298
483.1777562557799 343.93982607122496
952.0435722772547 241.88745005622565
586.0883956736272 102.55298345917546
850.6262658133438 847.3463846987855
809.564030817822 752.4496214689913
499.0444754776667 499.9039268972701
65.73515710499115 255.09026416342058
695.0847832182579 943.0099684591255
752.2079354972528 561.1394873853548
477.6865364873763 468.3649491859499
522.5177718285128 920.8943793636224
223.94552569033343 501.0504324817668
281.86172292515016 594.0426245012702
187.82365389594264 600.8417493634422
166.77914052515166 297.0512563591224
295.4168623741286 62.93833697295854
