objects
450.2861535507853 519.652042495927
504.34480497966456 202.57096711835217
666.6556793307925 840.1127434725181
58.190153970946156 533.0702978372035
519.7326142685341 96.02969865823846
419.52626195910915 962.1824666665465
851.1406679400067 336.88432947098204
260.86577312353916 799.436965336502
617.5554160114219 929.0704282765543
659.0977062535585 144.7498686151523
618.919986560522 542.584368481241
342.1779545074526 373.4677735516198
48.86723495915697 771.3971126260677
677.9475997794236 202.90983221248248
490.0767127223731 497.9693812144513
635.7132416434983 377.3924795113452
470.26807980136874 103.82332592197429
858.8487427294766 889.4395763951331
587.1290979404828 515.3589843717984
839.4119197913963 743.5699277951467
301.26825657026063 808.8772070343439
929.8895116618377 630.8852027350115
545.4772388999471 412.6494814779058
158.58208087116068 889.9789605778103
404.8219516961577 543.7350179842751
935.7020370392638 893.2767290261747
248.56188395929826 106.55858890034722
564.9871913082732 357.0038393441151
590.1961813352697 255.10239055841737
248.96814802133696 582.8809770521016
359.14516482298865 278.0496530822555
973.1293813301464 345.94013657886205
761.4611018963722 338.32640835117246
863.9908795021244 577.58437464123
904.991144131946 675.713766682658
274.43095502597225 844.5723095815077
94.68812174804293 263.49316951315257
434.49761652820877 823.0722448589204
895.6218150109654 760.9333159107771
937.4798639969076 288.9752288532729
698.0252630653653 784.249753653694
624.5711492271994 100.45354717761163
233.67589276364342 376.70626206287255
514.9024892385003 554.2179971090777
401.98180936974796 508.45054150029705
17.328253397760914 223.3457219307249
245.07567438826422 630.2141298403886
391.60693306811567 780.5218378191846
276.2184624708974 743.2109984122092
449.67736631726444 613.6791667913476
478.8804831807594 777.5551446002094
378.4157730130169 175.89592407249674
655.0776496269131 30.637899097472967
562.1233235192677 227.32183972101333
157.98336018300054 651.0246078212925
112.81048902981317 682.6688275218626
622.0791751985784 452.6099002748649
939.2191369736909 976.4084045975447
815.2421712994957 829.7318604485824
416.1256193157137 634.493795358748
440.49068585333123 365.7387731638748
361.01795092182056 496.433946733916
634.4233841566216 799.0122794066077
255.93994177387873 496.1411599726574
974.5869454032946 777.7783889954794
671.9013171409787 485.02846497125745
87.87398408657285 479.60993584584406
864.5552608621027 88.4247763434625
235.86575794093073 286.49175246397834
402.0669541990619 64.22223168777305
527.2719723173892 824.6089344012079
280.8499674488133 232.54159386981826
560.1391284537 105.565882926596
454.13020554399645 226.37203845592558
521.9595883074614 250.8324729168096
517.596801504122 623.941041152533
205.12132324663222 851.8684772122697
429.34531535522666 782.7410755297562
158.43082802034422 928.1069903035069
142.12457466705726 252.34542665493714
295.31102481507565 286.4079904472061
897.9194619330747 882.5117524660693
234.98256590381027 742.4490263863836
669.9241181777581 749.732057339416
118.15299733515607 570.6348820666585
944.346932384837 452.23042891393476
725.9112375340835 466.7256486186929
324.2680487695879 161.67849338944114
29.76415132576468 59.412699201768724
414.7119438780704 131.8779009612625
407.33914857222317 291.91793612785176
539.3072712724808 530.7176370178931
22.18056413359304 696.8157818513332
216.5137031314558 701.262626289759
197.81605847148964 243.7673659156113
414.46085537222706 400.6247598152673
754.2147825228249 117.3596445805108
52.20794140928609 333.6132306306727
956.459142263929 828.6761236345728
234.72400922068243 166.23587992076673
309.42740389354236 85.80532926366422
358.56400376967724 694.9251019763034
276.6575789337866 158.2133356887939
54.980378687050425 648.937667052434
562.0194370174929 820.1564140810294
134.22789818506735 327.514710167954
973.5088573375289 395.8722687093359
158.52637539670275 149.55616695929055
545.3529977628792 727.7777166366443
212.65367822831348 436.1634412869658
55.29122315815504 606.24681681184
966.4049037788052 527.9341472953131
723.5180173202348 75.92611608295779
533.4493266410799 660.3904195315897
65.22286547060088 220.6271052539668
243.85870666588644 898.0639227447938
120.17533062570101 191.7701886544897
286.0494919827065 627.8155185684662
542.2064454611439 961.6258142660836
388.49509571390445 471.0427475325146
