objects
883.0379354097514 244.56210112726814
624.4861593491108 30.168099323724228
700.1560053928469 578.7461623429691
784.3864359663751 351.769371393466
927.3775151452146 473.5819542689351
931.857170601961 606.6468461460624
584.875788315835 492.1741015873747
139.95470244677622 132.26977126795825
85.85063618954666 405.95063530888564
133.05955060892862 415.4090892167655
341.9752280549614 771.6679488974097
889.5238967739123 512.966890415531
240.50162084280214 699.1948531989253
460.44506120031957 115.98092269080001
481.76572761835575 434.1926737746121
674.906425808246 971.8661651635325
258.94853117053873 531.3477756971477
780.2707751055525 965.3087402993178
841.7758601877193 616.0134877888163
613.0023612957054 883.3504579505596
372.14342307972913 939.6678383467049
952.7360210076567 884.89859726142
492.99710381420914 235.99067919235154
743.404888894469 97.70520453999015
697.5671227493531 931.2387304872764
435.73472515598985 828.8402590728276
839.337822241049 825.0171070639952
138.26659200298852 520.0700646365846
854.5307828560987 696.2740498314564
468.6674205106812 656.0318739461458
873.5928355675414 580.9181555153742
891.0752342903894 276.57854216863774
870.4120145124186 322.2195768696341
546.233093417264 142.44736412047448
101.3953250175631 222.2551846169867
705.4993370557912 610.2554132049245
827.0132723398599 973.3948952076621
738.4687028922493 765.4092165586428
183.49991805430207 809.3767260488942
325.61756726254765 516.6985122311562
514.609175597402 491.5084452869141
54.00972130608943 244.2030582204815
566.881011040958 21.96872778442193
927.3835235261425 507.0467240412963
18.359124147649535 244.24712210067423
367.57028926162855 607.2401684040279
418.35201696391005 240.61712556784104
86.66550403927363 734.2119403708128
148.144015386983 860.7122710723061
662.9034556997229 736.2766538846302
752.7261578193692 220.27468957016453
969.5442509612943 687.1362507303361
964.9828615054204 232.51803021844796
961.9146621221934 27.16151891538974
754.526571265837 324.0848470372132
633.4238635944041 480.8604727143082
56.25220839289305 593.4663128489409
401.35038328573575 679.349480838836
476.71889848413025 771.2133699517982
315.51697772827197 580.6723606942692
692.6987479337995 188.54149853908334
405.483653537131 526.3032869046415
546.6754328533892 638.7027715137522
916.0934235810163 73.07589379730643
432.4998451742364 304.23128210524334
265.6300733796036 412.51930443806975
974.5591698458722 641.0984743817163
226.06498608521608 124.88446138798469
648.4076598843709 782.1977913257027
807.6399320380142 322.052912218297
46.11494591949162 876.837968984048
374.60154272331937 726.7083405948562
674.1802522787167 80.24742871705106
631.8623217464102 651.7220885715756
375.9461684946439 318.4676663768005
246.70538419626553 946.2839378407267
560.7374324960672 907.5453992844864
167.87343042177076 446.210835388371
267.85689256392277 320.7011741233894
369.257382594122 23.656025914321656
324.4963245927372 695.0742831626034
284.4072422127405 839.7232371811832
710.5190620562954 150.70502053007792
196.06403826554708 419.2062550947407
252.85179157408618 736.7118850952185
115.00879715936443 822.4933436164484
105.91681841231588 475.4115739495837
535.8899730703733 959.8734602609408
805.6239926077014 884.0176089277008
912.54058211197 652.709193628595
813.981683201636 87.21680763588316
261.87254370306164 262.0100394877071
528.4335650408487 541.6874954880279
570.3561195908258 676.6861097445774
294.8357707500085 207.8950420170804
78.52505368047875 677.183492954451
74.00364338812099 520.8710960605189
889.6847088122298 856.3183488972599
834.6201483431187 583.1307153029192
116.86535703514036 554.5700530298466
147.39475092637056 673.8607743121556
25.516824165808124 844.7868241966917
792.680323982883 744.8850870924032
866.058467861329 741.0859346277754
220.63229117625482 345.8918431535391
24.19141483259854 314.04588528680966
172.41617458819192 392.5925419862542
895.1464306330324 941.0731763123952
287.152870746441 77.46184595900999
625.4695643097149 724.691072384217
23.94837032744102 99.12946581275574
432.52611841317105 917.5638930263145
362.1292706627963 429.5022223191765
670.8589678331136 653.7281060897088
136.19362259835023 771.3604063508875
418.88377740637844 424.8873672935434
190.52874528202108 180.52277946764212
288.2960886233882 114.5776525669612
411.37936494024774 46.00318285795849
727.4914123406002 638.8407612382413
