objects
675.2856846904026 757.2067454143322
473.3480276703286 385.3090816803295
313.19846562695244 619.673960476103
21.538914537442892 530.5556234782462
58.974878457443495 804.683432387979
513.2546476617657 723.1920031457698
710.9911774087772 443.47198178593897
578.3433604404408 426.9026303485721
554.4011845158019 205.37335183265856
843.3504390169645 150.74839195091837
535.8503965922158 759.9346863961695
501.5583508045791 443.42100248400635
35.525228121944394 866.5359266758377
404.6433055123535 261.45471164181504
905.6865177710835 664.1185001078114
296.70945805163103 519.3436098972995
733.7622874190685 290.61454903722256
797.2069436481786 864.6282851860557
555.9133383467228 398.48813414911666
128.31685678272007 83.9443532276646
517.4441248168764 513.6706103941841
398.6543617378507 915.5930339783447
304.5077170694976 687.0673986047813
428.65218279071485 117.10035565423351
233.08763244851033 564.5503032462229
169.67385574350035 528.0324635308012
222.88595489729272 671.8020388046571
927.6499454051416 227.56043010831422
944.4485424565352 820.2794312864731
21.99088079620483 117.04487829302147
691.5503270939853 396.19153894695125
613.6197046213553 415.32114370164686
408.61864052991467 373.2383221980712
252.7322814337262 413.4541732569156
426.3056082378894 494.74836630926416
293.72376337185597 897.4246714544053
292.0815069946139 228.662726267782
262.3711570641925 606.1380619964226
745.4182658855304 407.3240624953856
278.04452621046516 145.8987480315335
356.38829503746723 66.5072740501891
767.785354499162 642.3662582069898
834.9046804321403 46.81539840425239
240.40959102670965 230.78934826969953
793.0512557433826 547.250584478272
28.888620449709173 914.2242954015501
899.769224382138 968.442880845777
637.4522474781822 442.9877597748831
954.9358537062948 164.98400051170574
843.2063223541795 439.3402767497964
729.599304121539 357.32778212384903
867.6929538160301 57.42823971289394
847.0791093027478 606.4403552448748
356.8844186500629 778.2710442271208
534.4472386357102 357.8860882474336
896.2272558684656 343.8308489495417
238.4371927420836 782.8096401775998
698.8015471540016 209.05787995170556
233.34907816959745 287.72125729227804
95.28096257460749 700.9585245395681
286.3706930168431 66.74305753139758
352.1563225253679 224.77901647095413
278.2274284875247 293.41262109992874
967.7054388433514 494.61017971683583
192.28604649657967 56.47226684824595
167.52012943728315 333.5114305982883
91.64032683073594 130.59993541057946
677.6465640539468 843.4441685290745
481.7073135877019 494.09183915229386
352.1716453713233 382.3271533307225
833.4624314736012 86.10976255016993
352.622892138698 456.8822616070562
177.4829123198575 645.238221273143
362.43126107698345 184.05578751339178
834.6624038989337 788.1719106549465
60.24982534549617 579.1287345580753
559.8969051247409 58.75354356224207
813.9655179793671 408.0129942138421
218.5406863500525 832.4867113673109
256.2755102695009 466.8283578244887
235.07803874141703 155.5301015113026
102.64613073654488 849.0651627677452
709.5693785619288 905.8926024540239
660.2439310332114 919.0519172669923
817.5256019427758 902.5494929576672
213.00571393432105 252.44722901926988
897.5563449780415 910.5281735462888
937.8224203225968 103.86271010905708
787.5160765213161 43.100590219517755
817.4756147757645 473.30715362651586
979.3660193685835 98.60993613758845
644.6358511513231 347.1238753649728
271.51927189586985 200.04099324858686
514.099183777635 107.28822169981163
113.07444282380803 193.83988458216984
414.358769950102 792.5625316623924
878.0924191196345 883.3060223085506
538.4618050106056 629.2324778555154
940.9893599879612 71.15581918659417
508.8897107784301 545.795430568166
959.0418730655261 325.70692752470154
636.7464497563983 114.15662048911085
667.2642556788544 56.28632291556875
441.15286558670863 544.5949600289475
639.945747915184 156.9396652487221
75.82026526029635 645.3028632938748
394.13773456297383 313.39267194260555
967.5816899373589 888.8902960463856
754.3770219802559 198.73480346140886
402.3312637730693 622.5222932166707
494.9304522596665 816.4688837584778
553.5014331033984 239.93830777421624
674.7372446771974 561.9162746565285
199.70787465802084 788.6957173885673
745.734141300856 469.5340703505993
396.29452609964665 30.291028031883656
963.7224331614974 695.9583480200788
698.5388054390035 99.57539119417584
181.98645068883383 411.9413196246233
137.43324234812866 508.5206373360355
