objects
490.8165760803132 307.6974174393168
306.0039330386479 512.128126736806
463.1645921670837 363.80335782404285
162.1286125866072 958.1571170339143
218.59898897991704 272.3665896994679
377.25584094757306 526.1488106591113
367.79642648070495 82.06219260357156
818.9507441581433 449.64252467001
105.31596297330387 618.4259630096979
804.0611107123402 900.116517691871
22.90780052135218 760.393002602677
653.6567559100603 566.6481705752327
53.84559667025447 753.6419417438331
515.4531216441751 809.90655786407
168.01815401209834 767.3647947690434
510.0286013749239 667.351677019317
240.67948602635593 101.77521217679487
417.2615648310029 378.9864037053041
704.2855347102659 194.36811831894713
649.0055762673112 272.9477064180045
810.078202496521 167.27982749519964
563.964904353433 879.3894077825503
872.529086803746 819.5677827329655
252.42919339768628 470.0064772318825
576.7255653540409 42.15260135295768
516.8642245123718 267.2080398945112
109.34140981237303 234.02904595058257
492.52770191652155 454.60387927308113
153.71748238665072 564.8636300880312
773.2868736905264 971.6222433331109
684.6444218880938 434.0743371442267
967.6831193943468 730.7256214618694
919.0334955161086 219.52289670363237
27.949299665490855 800.7646991172543
522.7323290638157 183.825954002357
826.3661065347611 308.527557243596
892.4528128991345 132.93667660431294
368.48536726401915 169.78155551894193
957.5217674659236 881.3776535614614
760.0019362836279 544.7747712366146
291.2956597413485 115.7122064941397
456.5581714021457 674.7016830814578
341.06599017275136 418.46195726438737
852.2079950130654 618.0810718085227
426.7318803850345 714.2352916986351
665.1391138317447 978.0688561696071
58.65487727004996 907.2817311281672
254.8098646065851 526.2525817127527
335.2284843118075 215.93212744385147
572.864594463184 517.1804756522848
733.3763827565853 627.7746456293205
463.09338238369617 782.2356115611362
414.11901779222103 497.85967537379463
825.7420342572257 944.4512844525472
140.82554503665756 171.85165735054082
594.220299028081 559.1626033422542
590.5819585155775 956.068094809777
385.83750089938377 311.16750998426687
969.7935880304036 450.79079923492753
596.8105153576445 620.2974001682766
530.731970598993 850.4638211372161
915.473905412748 70.18789997921789
640.1164586006438 153.98195202994842
103.20369047115781 777.0766558665459
552.6102480180429 78.86584672151197
33.152659541331204 28.07746384343104
134.13560982521807 796.2862500847622
363.85507318011145 555.1587458892903
911.5872038219217 622.7691653316573
231.06188114386129 788.0101420940408
432.45176704508117 630.602001083062
63.311195121282424 315.1373802872712
395.7013830289783 207.32771492496755
113.69904468108285 193.48677739798583
261.20761525397813 394.7050141049571
275.68473309240017 613.9002928903269
269.70126149708426 855.5460709664803
809.4683680904225 977.7184751528276
778.4004992298981 296.86851065904096
244.49250292093112 941.6649949536671
289.72729824294424 222.45189108877435
263.936694961686 44.36839447576767
297.2760871109761 30.140271580778077
740.9488901224295 701.1275348586964
811.5158276375031 802.3413777706328
257.29986887656247 573.0298088225019
946.8595145797868 819.9829770741701
347.59901575499174 674.2823794811884
378.8004436968987 113.56294820833921
814.593042310424 250.08907623155264
49.05532844019152 651.1126859449992
780.0050187215584 753.9349050092023
294.5614439829064 832.8014515226847
499.66293885252605 838.6102810496753
213.80864150827722 413.2813786387267
464.69445771427735 846.7040689346211
983.429098348585 491.7010675478577
669.276084045812 810.8572734628779
823.190177609319 706.0439123917349
81.66793419784003 869.5022992091616
74.82480720575913 484.86470576234996
919.7428452869688 978.0415585301071
645.0709610373552 765.7896198185667
273.90408265511536 278.7980261498302
668.0754908701664 845.9324146203094
388.11344512480673 920.711242288458
847.249282986256 853.6789297710977
695.7842426375557 488.14683969121495
287.974604759707 325.0544439540226
971.7358444066294 539.120623026783
362.34063418588426 266.5069114091677
164.35545111973582 620.2395987922123
461.16699016888435 571.2339738881833
324.8445930903494 303.6728603731069
367.00534874562675 465.4990908125282
958.2112068581174 30.597676113376046
629.9249809356371 198.5517273556848
27.612225756072213 919.375246214647
965.2721016823234 365.68850838571086
858.3670542423022 458.25186001916296
