objects
28.51850507723644 958.8975707714608
70.30110211107572 36.417212627306384
647.4432288718613 622.9237790385745
867.3141608834791 53.10527033516126
404.5098420560062 586.3609485538259
37.48282503411516 72.50115805077829
951.1862746505959 783.0022146052229
808.5434546947714 133.76428530594848
837.0995332995184 771.4423919028162
84.01375414092635 782.3023609277901
445.95823407511347 752.4215722572885
852.8230250172403 448.16074146002944
499.7326107608974 51.72972711680229
411.08906197066267 470.39255547200474
38.29814945584245 426.47077979068956
199.82806196947095 499.37337986023954
780.6408117958772 707.4338704652037
769.3369024395026 751.7867090786377
619.4830304390277 380.072438386209
833.6383952690067 188.4536345224215
408.67142208687255 400.85325524161203
163.75502502832208 907.8006109430346
749.3469619921208 284.07099018697534
108.90691209609508 676.8650046432876
838.1815670447816 338.26241708248955
421.2588118113322 363.6035466427561
749.301302695129 348.24025050051944
629.8203000254705 240.5644353713314
448.31528186885436 143.21242697322373
134.8617445873121 159.70618960808454
640.5189519886025 64.75888531633183
236.29972683073944 647.1539308669481
236.29592265942085 738.4385969048079
453.03868409870995 431.8237485803187
610.9378391442538 655.7156740675781
667.6085698394613 726.6996907804764
780.1941321693326 825.1593152639281
547.6001020767427 161.89612795058173
802.9430919514796 308.15557325213155
841.9852204342524 108.4798063902966
726.7169471859328 669.0476319451416
786.9302080262506 48.151509251409934
635.5266232241423 702.4848708621414
929.1588244917443 473.53200261765625
84.59312556171358 100.40560856767814
309.6849319293212 709.9419165728177
668.8766709644735 961.868677090843
871.235626001396 727.2642995772231
563.6542208813411 211.6234552806464
112.97687268445259 81.43431663726773
449.634737551096 549.7849319706843
461.47595881199004 323.6565930956188
830.6368262138121 730.2393160342759
282.46921161204193 194.77392395941618
188.372412837251 732.447983952996
42.066771749236196 862.5447469894763
358.8546369811511 929.3304407371214
799.9179433896196 864.7654079271676
921.0443787837138 408.8955727058228
577.279809000162 520.1274502138047
762.7577193858612 421.46121361642616
138.18298958610308 329.4448055303261
46.483663606073726 367.0543832516769
39.70531140668206 705.0470557756171
339.89465686451194 23.715663750269684
460.63264509502613 654.4481325123131
586.4626254340615 975.4890292641978
859.6599205151579 581.8867778488734
408.9820159795596 170.8895881883172
753.5970670538035 964.4815957667997
235.08944921317354 583.3598835585907
226.43010230228336 900.7044048679518
921.7029974795942 217.94403740792922
966.896516519813 650.6888648420625
740.0956890182259 140.93449389554002
631.034799875007 315.469829473529
563.6014793331805 262.4338736418675
394.1024910587501 529.673730861277
400.4038539700523 957.7863797614544
474.5456642501143 360.53603503619564
932.1700315355705 693.0549446549704
327.47375630759007 416.9306003441767
203.8902484304704 786.8048565462054
654.8762357581916 395.4326119388314
974.8176478278734 612.2152093585878
357.34511661436665 71.56728683965434
539.4789558236465 976.1392222233663
366.66086618819577 800.955370334752
831.8072449209279 228.86159192235854
292.23838080781076 77.05454784385319
410.21367285516214 234.91318790602148
892.3251075344223 554.4898215392819
723.5240482166902 95.55832804170265
353.7901487110375 760.5977357516531
752.460442919397 621.6555015842346
787.8038447218433 184.46559682783652
421.33359657132445 319.2590650820492
99.56881790232501 931.5298506376417
730.4839867108199 792.2246921047353
511.9237749787595 888.8908821422018
534.0631301024015 759.8966584529235
834.7781500139887 832.0313057207006
172.03374022017985 968.5140561354233
321.17984824596925 245.1582310735493
425.0901876506505 786.2278893905701
508.30249616516005 575.8435837934755
479.1642115273164 522.4869281071908
500.2408016801403 390.45683629414475
914.7542313921491 829.6412388506373
49.789096141337815 311.303168705613
866.6383725250461 935.8992449180121
210.48624554357534 188.83088445962306
50.036169914188825 813.686276823169
570.3366855488945 637.8290576374097
871.7999781831717 192.76731877982616
750.7997109376344 244.83326592417632
470.22390431714916 904.734068741779
975.3323200462244 82.57807647139637
914.4133994980056 771.8066179896755
716.1509539272391 423.61935300268937
