objects
564.3416101486023 652.6785060530877
969.7612687339634 652.1710304645627
460.29459176735264 173.05121555158686
36.11158594764361 160.80513050120905
77.23075692235093 377.2443993098467
698.1590375416113 202.92818515409886
865.0450972279841 258.6523008022099
658.4809729106444 344.2814081304939
933.4017007857376 504.8858276129978
97.65489332885826 132.97481184414116
240.065861422159 120.5687836630774
418.33166329064454 122.62272093972155
273.4845778447615 490.80709747119386
892.9972906625186 862.4399922129934
450.0023138158804 929.9091355672789
780.7578754443814 854.4847171673625
688.0885047330237 141.4546613287344
740.5682404751328 318.12492638845976
42.23923399038994 611.0471988679617
873.6829007109025 388.91297217282363
306.12908317036187 406.51399192340466
55.33451803683321 818.4035052950708
297.60654849444 168.13019356544106
228.36934123954 177.83162955690833
879.8255324608473 482.74820793516903
642.0885559006755 64.24983868862601
259.98181892171044 668.9786277334903
628.5623496110029 713.2298270851895
412.71040009382875 60.5497304839603
750.9405426485719 427.0441774626731
440.97255892674843 805.244140218632
408.1315202316064 232.27791959608675
825.2420319126262 216.8918245716386
729.1233528017351 566.883800416656
109.14407352351941 316.45333372337245
227.86751649989267 419.49555366491194
575.8883657806939 415.8100365519559
751.512560135189 714.8991332283904
656.6998230587436 459.1283477101974
408.92562563153103 670.4829027851566
102.2057141479396 474.7849204467183
271.09415664741687 862.3801313894529
625.633125102899 627.2951013056481
640.6244276707738 255.7705199212319
576.333908889817 72.09071170069232
324.80999013567913 567.4895116445468
691.2275601595314 666.8857055446854
958.2498442065522 824.3391393593113
842.4846296081299 765.6854074054048
522.2315567617724 798.6556155915566
718.7370471026986 911.4309990469152
482.67805629002055 69.01362376160264
249.90627012247003 932.8034223466035
231.1696323891902 547.7773037659707
930.8442525061209 80.42541267888106
752.4144600677142 247.91289741515678
582.8378311547528 136.75760029897327
953.7863560157753 203.41975162882832
190.89589060476845 373.4788688827164
888.8003615713812 921.1744834486713
167.4104012558415 228.37048242834155
141.84796885507757 60.96312332278944
812.7364244027577 427.9607554945786
825.1271124218106 156.545706024115
95.17199873882902 237.9734531568942
370.03241662839855 382.41933345395637
555.9822957244803 237.37272911543894
432.5539425633945 502.42719481427406
374.4687380494146 747.9499494714274
291.77975058595825 304.8641167662604
166.19624311763243 538.9403722800472
504.4123370913943 560.1998924709371
736.5173801010245 814.6190712889378
966.5532725927187 141.05350731306314
567.095554801957 508.1829000986308
796.9302287820124 615.5261262111708
754.1544730215898 141.58213722351022
572.9987239013269 575.722466477455
588.256808811837 851.8097047264947
40.05930060600649 935.1462443711921
187.80363545503076 783.3631850758999
654.6235267544855 949.178870280769
734.2821384327736 39.452283859024064
517.8770990000539 877.6454582890775
935.4806427614222 348.7354476586864
126.78479637437985 627.0088874970742
613.639565539019 189.62545868300705
353.2188417741285 307.5221581869325
362.61711375256084 490.20678106366285
787.0799844158463 933.115806697806
751.9560200723517 499.60727981132595
141.9307323470495 960.9066933960563
954.9224117853526 915.2868335216889
652.2574137415063 880.633945205025
246.68853184654415 254.87776843617178
928.649358151927 275.337270948425
918.987531238366 569.010943634569
820.6379165793327 706.1587034666177
351.33703929176284 95.9072609417452
143.355257559253 425.7886895193799
371.6170804852116 915.8430225603314
590.1813265356471 966.9434314550427
842.1727485411612 91.11148532192118
815.9728022651051 328.95198553200186
37.62766830245973 437.6319283885574
41.410358183872205 275.5376725663537
851.8864531500208 650.7792169668838
499.9010381572556 655.4471607702644
446.3861023091784 275.62591589713423
77.02965291759901 730.8608599027507
