objects
718.2867940109928 859.0947541023364
718.7033221775991 69.95102393480929
687.8596162320806 425.85871230955456
565.3002330461544 418.99092379897877
472.2540513940762 912.4638262796649
584.924793331238 553.8526806489142
936.3066603941389 293.99879581499255
267.1992330147162 250.82243438913193
713.4565020680939 794.2768737361149
919.55236414458 557.2678399288332
880.3724116883427 511.76234419875067
136.4550322524951 136.24625401201416
56.654042591221575 614.4822091917529
571.5090552683097 788.1314551420515
796.4997740773483 650.6802744733664
197.73616100753225 236.6246374614348
237.48668383754833 629.687959636654
441.4594247628462 720.8256962184108
964.6955675884453 109.48957860576346
33.903851582839614 34.78512266839553
41.89105334313473 877.7228043007376
413.7111488142628 646.5081470078579
136.02599208142578 747.8159815899295
234.45670477906404 430.9101595243829
775.0111896573457 338.6917203606756
121.9473883238077 646.5409804840033
127.94860277721588 282.12558200744024
47.12837380195859 759.6184932246027
422.65111788810304 845.3472371911059
340.33265603098346 970.3904181924264
567.8039882471934 50.46227669506571
119.68952063117922 49.14694045409303
624.9248626445828 338.81754826892126
896.5111821199159 801.7389605122311
794.9448308660118 563.9456778690706
562.3994142393128 847.8153285462218
744.4075234428007 725.0495937244566
856.130785867932 729.1050854452401
442.480726636468 48.33813064514905
795.5342960160315 38.30852275924731
115.56111005064011 390.9013351751174
317.50109467066784 55.49719418132281
876.6852283097611 122.22052319174233
480.01883001309386 272.45937404661254
143.37414691286415 457.61137619143227
693.5087290986678 970.2763608434209
539.0958606792774 285.43206137482764
223.54312939633795 367.2465137733151
453.6534477985423 442.9387528591816
506.20075350852676 615.0685708169793
830.599959448109 474.28979090209225
477.95104074539387 141.11647696316663
480.11383366904244 850.8345059259866
298.56575359602465 537.8139176905568
827.2661859634223 873.368988618186
364.34732480959946 237.37109104028258
301.64402898191 917.6094058943457
597.9992365543759 661.3794201294093
773.5034720349313 106.62229823646311
602.7527550215559 891.516745710536
113.18415581276773 827.5920994160609
47.556192581158896 104.87136198694674
213.99129605404494 874.5583313053074
968.8674501750816 390.0622285935851
343.4584736510622 170.00447397768494
514.9230403808976 368.52015634707817
638.5592022644814 462.90565541688113
323.1917493554395 746.8539929113585
307.10860002800973 407.2306382363898
655.9577321826387 839.6546084313891
37.12630975585641 196.40763882902903
680.584286272868 176.15996604501066
295.89604313485637 123.17565166955288
766.9094762141801 415.47551150214946
638.8964042415214 618.6364713140886
159.38196621507996 958.1664234699778
96.74487761242716 530.5344808718258
405.6316661074591 766.7875197135152
344.68096238680073 878.3110795896916
669.8127882700506 258.0656422331552
207.7737787268916 755.9981892091647
963.6868868377088 799.3509359654448
901.6324154988542 359.678547736462
62.20702187693228 461.5467276960144
369.47480920085655 542.4640606186817
820.4563536740416 952.8459967177452
655.7587809144858 688.2992046813702
173.04724755513283 401.6967271472444
529.4104305118142 510.013545779501
741.8888542000927 176.6045464143866
310.506743782016 659.5882128930681
432.80384735934507 350.88485078416375
866.8911718193823 286.6551697068301
737.5171125383569 607.749937565092
744.7416957391663 285.59565845775387
219.5400031561333 571.5392790721398
834.6931538093361 81.17537130558449
29.584542023160225 331.26896776344154
158.6130762411511 892.8329116924227
884.4533736575667 887.2876969823204
697.3546973253223 345.79847981073993
696.6041147625313 522.9874902434043
504.57005186494456 760.2322786105337
600.4728171571845 262.2684552576008
919.9511287692262 696.5654894948516
650.2605587426108 781.4036876281564
422.1407475884165 508.7399583580867
213.00576579131234 694.7735085837759
936.5720689309295 162.71348625592887
570.1895180620272 170.2435178122418
