objects
616.045999841918 415.0668208992679
242.17241881008428 33.48112745226985
63.029206977095264 541.873378005207
317.4712655828772 94.83243177626096
663.0098821035708 261.2865181673058
265.80731217779174 741.4959770019834
124.62061869204916 637.6813866743231
424.49520258908035 369.96909411947627
538.729655703986 749.3111080555249
913.2815534028811 349.6175166754083
424.32172720992224 838.4267678756621
367.9434831905785 474.9894532091778
317.05589373223205 649.7078645268995
879.9004174461235 892.8374257527597
109.37320534546163 439.2448965751897
30.177845828407037 945.1363041548589
788.8536780058229 419.3273679773146
559.8557026412072 486.2560691695587
903.9825861261502 91.78978829844243
484.1858601215441 339.2229187629125
833.3985624518796 943.0642653903969
384.381614851944 259.6605794255765
625.9857534748445 529.3994360276303
579.8655119276359 569.1655163972629
764.471604847348 913.7826240122909
491.2683834733783 816.1814427542218
952.5450429941861 842.4645386180838
402.31509177164486 597.1349754804381
770.7595263714971 767.1290016316318
60.94759240771697 95.99572297746394
633.8868134550828 355.42490467133103
633.2600726355571 784.8123198264631
199.34154055418844 315.5286744895489
726.1397145199879 332.62990277336684
207.97826985371051 526.7184776244031
550.3525973251797 302.11353728678296
230.56184624419214 937.75068205637
500.1854871374006 268.30886898604155
886.2599020000125 273.7093817591912
484.5889204926642 195.07794625692088
662.2155535744604 945.3769608369669
436.6637763091765 96.34997503739035
37.667928324173815 219.5491672636432
719.6633819669524 843.3043999815317
230.43922583393783 257.83424454478313
231.15136172561134 801.2363563425389
216.2753718947407 640.9714117556895
88.00392945285301 728.7183325713445
690.4458368235693 680.4635459204274
847.3562851853919 791.4470317924
793.1879032845684 527.1838261343432
596.6821601968295 958.8177975732095
359.8695527536133 391.5343171910955
32.776026809638275 660.2077595202713
409.7933083872642 934.2913567140794
393.43537014417296 711.59796895897
803.1354590905132 321.86869811687194
656.3444261981372 59.9271972837541
930.9523514619025 442.55359180227435
307.6007318693522 893.6785007290428
507.5972578793869 418.8548489312408
558.4143465189037 57.42840317405914
603.2496250747804 877.8467280263359
96.04671165926305 880.0297214304044
798.5257187294128 828.4652279148307
307.78613841331696 29.65154629837614
936.1973778652019 917.8389235559599
459.63167127368104 456.23151572159463
671.4768200723922 204.57441243737867
588.3163359433398 162.8998851793819
799.4367143717749 684.7047272245123
43.412575083748024 813.1690111490802
152.2361432543383 582.9979294105582
174.279809529479 209.5410989947632
533.559432728037 871.078957945446
765.6251358481147 206.0888644275986
128.8940867906319 261.27012169556036
752.5859889173646 630.2572266176588
680.2051565746788 460.5152685092075
810.9630127726094 72.4425200502449
190.99136454087832 445.5107956219905
282.49097048175094 482.91003964165765
693.0845804648469 585.853210076736
881.9790431623306 491.2459835635999
54.52526532526558 462.99159747339814
483.6867565953004 941.9817974745473
182.35340671802751 106.78169057335532
241.90228299024068 879.9113817176482
89.96377133497947 151.3966403334954
849.513407351776 197.2025432749937
342.75746040231803 149.08964826724335
813.3892848540416 587.4817424740822
327.78709663240073 554.5191200272207
146.79798842893652 383.16446622817386
850.0021255155266 642.7692513716831
512.3638168536952 642.7709721245046
584.5382393009875 662.1109351174161
158.40859464472518 773.2182988819014
55.75396634328352 325.57423418643873
968.0568966311803 742.0808837389121
331.05987902406866 336.53348336171916
968.9572528935118 557.1701082175294
135.99691939737764 45.126574819789056
730.3186163270765 47.23162727310876
918.6487223297775 625.0639796904297
167.4208477193876 951.9312974931443
955.2825706621838 278.825235605032
644.9022091816421 633.5229766900533
374.89705607803853 790.8270275571612
944.5887017654871 208.17930358795405
