objects
563.1113118677148 450.1924115006176
835.6553608950494 892.6844294173269
929.1834305073377 84.15801385906354
175.06112080417589 562.7121491525933
451.2485483742759 746.9860736942456
160.15405823959622 898.8226777857801
644.698887514061 542.9529235416793
469.2205029582954 362.1483868874488
267.4648254307384 231.02139913543863
803.6763823332711 92.65576352894256
552.220212837563 838.2834941934101
247.45940902163255 406.8843811890421
789.8534736903688 544.4110558748141
677.2489754170485 679.6453330679306
298.8392723893912 659.7406325623531
364.7775399338649 501.41560544752025
729.8172636417061 789.9092312808174
795.3157208317969 347.51693349086264
211.79048085626368 74.63133349826244
663.7459460383674 176.69509857424364
416.11021076048445 212.35044618308416
337.73605580918564 111.32564643144356
346.31048226654246 838.1508025084887
936.1934074724531 656.034842797905
915.5235906064788 366.97690426131095
