objects
470.3350417430537 772.437854824351
137.67375183877652 775.2871777349086
362.43002143390953 654.4642533855834
862.8521462017652 434.5264250444499
932.2643069106766 692.8020382698517
122.59958449496773 897.9092154371888
267.0302067379989 317.9868431546554
628.2405870832317 513.9812680987342
773.0370213922284 158.74877393508712
766.7737371533412 312.3127998992956
812.3684105002445 886.63765253001
273.437163078684 920.7100590371157
642.1334616843837 380.6706405289876
82.69916831232601 132.78687411854253
564.3985361205318 628.4297950403914
742.6474776349552 479.29352162725274
282.3866589370014 553.8753928672289
907.199506759092 292.21043845321816
117.53422553757413 463.2502502214473
127.2192287258485 288.49775873348904
787.1343490870603 749.3006724015187
462.56925580585767 288.8491952532053
886.4425982253169 80.01883778276051
659.9256236597822 909.8396216757192
515.8341549872642 928.9116055313457
