objects
519.5461471074165 503.37047595161516
924.2826082049853 695.541458136989
766.8480329109368 253.39047557242816
643.1742983905934 136.85421855597178
188.4999938671035 688.9232982411559
639.1232941258114 280.7650673694926
247.39841116133852 120.66598514314774
304.74322071574335 439.6627514089201
271.0386517731147 812.5297141366357
502.3730790928438 813.22459692235
524.9687839322305 240.02300404789435
377.32920429506186 150.51271772203785
860.4514707649525 379.2932543093873
250.42212105730266 579.6915908725866
88.109552440349 158.7955644298815
482.3762013616405 375.3524922282876
557.250237725208 674.3352145869687
926.8696881826037 177.88742175652607
770.806956059757 836.4166047671469
642.67798368423 879.1390127413238
784.0524584183494 119.35069955491835
908.5098661789576 519.5465357990668
114.94471633381188 917.8909023129906
86.29907060078858 538.690710542005
108.06964041051077 790.1578047959349
