objects
898.1882837312781 489.6430424504491
133.33144379825424 946.0884667632511
533.2565688256437 496.6157481973119
131.14325533532366 871.2353769122617
84.60442640223421 445.9774511077971
179.0166855023543 720.897541153763
320.84895737455565 389.44791152257744
441.7031896215137 425.71878705074585
803.1495094106872 396.21687165242906
864.5467291838337 889.3178333000343
695.9344770713526 159.2790535312094
862.7684203490619 56.37673897455281
33.84267540000734 887.7786240626893
64.5351641749584 657.3102809079239
180.29463415998237 616.7171379338192
240.80571055192135 821.2645955563489
788.4876377559457 165.73823960400995
248.57990171383105 245.7337231958053
649.8207426150369 456.14405782732445
737.6329018380301 595.9366085304944
268.5836145703492 401.5038095205272
895.5420178426041 603.8466120368788
488.5392069889288 750.9729329419204
265.5602693815031 933.9259395706553
437.69005518502587 552.8391625012488
59.81831181644313 587.7947049233665
39.951236358756944 221.6530448540223
552.5310195841245 270.5112002713746
920.6566367865322 938.5428934309219
917.0956639045585 723.0324667397308
225.60952353653585 140.79502063792913
763.4231150912093 921.7257187502837
281.7645877021762 767.9492767590912
946.9968556089369 641.3743127704652
920.6703987648064 299.26491893452004
488.65444944717626 395.22623189179296
347.60594674852905 853.0753830939238
303.30444623398836 676.6335115060017
45.73266692484825 76.76983603702817
320.0941695507834 75.24658316930397
693.5150111137759 538.3382565082977
857.6966652050487 776.7136625346357
409.27968801016556 135.94631148507048
618.6785311039109 95.07330285938224
596.1884403611379 468.5954831666088
537.8125366676101 172.6096771944046
486.5858752311216 329.5573560997323
808.2966297013638 298.7552657953402
358.2750593863049 637.735990575463
737.956937614924 47.26854698462057
251.10244665998948 583.4074665203535
817.8540938118662 561.2699218800639
749.4313596453011 767.2014715491638
482.35985053754877 946.1346996566477
897.233679319644 193.69314720413468
965.9734432370519 768.4325596528016
943.575317546404 877.3488190198361
945.3668445470385 567.3084135438577
601.8920265976876 33.83876315212133
62.29876003814846 283.7859233308042
652.4200146700119 210.597962870275
938.2033607689812 78.52092751048808
587.7399282228547 751.5687031688398
260.21418333831934 53.202472429883215
836.0080615979787 238.47548199329265
93.30511917555783 189.21901295141348
82.10664971356118 805.2559910624524
320.1355067101657 727.8004915138882
670.1589523278882 316.70487734705495
398.0579102398255 727.9067016721118
208.3081248713014 86.37882822150364
614.7592346476471 846.8091242542134
573.4613110161132 693.8861167423916
466.88784931017364 642.8128218803921
543.7553577060188 575.4890349100128
45.295989055869605 399.48650719462444
436.09601169206246 247.28157765234357
425.3727411922952 354.3014384300752
386.30000073508074 958.4833463703734
669.5810865693453 595.2594781776736
307.65423938117885 897.793316719613
387.0721736926363 60.26535171857236
916.3710037480863 371.176055754281
857.3010300876233 660.283891465971
284.4240324692581 498.8383934333989
759.1419264711878 516.1722674715844
695.3789449779105 954.103900471766
744.8831357852936 329.1994293814207
769.4416360510476 97.81844702457856
694.0620944823422 372.7747166731276
773.3509570876556 456.55873242683435
58.53782176761707 513.2299537361273
593.1406702695961 926.7838416623476
634.8451125677998 698.5343276688587
813.1067107397265 869.7906019825806
236.047177655376 455.30530239217217
582.1360744601097 527.9407153561608
430.5926973027336 857.6228281388924
129.58547023766707 480.0559897071841
184.208176496499 968.3622368706342
755.7506521896445 839.5090255232972
753.3723745176502 680.1078219907209
287.80358242146394 146.3575901523848
122.0407527176837 393.71740138920114
137.61857022796968 133.34988736235522
838.5422889282738 503.8755249898727
846.7555969255404 112.26122071088821
197.0527431880342 391.8183578457092
382.83412658936595 470.4668474735592
319.8837340028303 589.520181610458
858.7439022689981 322.1139151913961
321.7419308937406 961.9582463650529
597.3833184851063 193.9021680145365
681.8594852990681 770.096541644125
731.4895862174785 215.91418481000832
660.9242761204313 879.2659691946919
537.304446981348 361.6323574360778
802.241513212338 644.1139925290098
364.3429230025164 269.69558166825277
433.0065560865851 493.49623787364567
826.3280309234856 964.4710386619904
830.91867926342 447.12625334010414
170.1060758577323 816.3922327207146
453.89681412148025 801.6433638777825
403.4321509016814 782.162853155363
