objects
536.3872991360666 721.2237439048986
657.9987815995758 571.1151079599963
482.79768035873514 396.60294199001993
428.7608939050437 532.6418542352492
222.3673602215912 292.3234334509237
584.8577861588535 345.73002144240604
879.8215198211401 570.6481734377587
501.93296670634146 501.4159834785177
762.2076938566425 328.6239913765517
964.6383356274778 339.9879048042046
430.90446997933685 87.91809669338221
736.9980468682421 640.5701026479198
721.7652857574463 381.97116019614083
278.3269760000986 939.4494235253563
816.9068291363312 445.1210385555836
439.38258602259225 197.36027250965017
712.0434140087525 133.72386492508755
464.06364658164273 621.8600083243084
580.3790456353216 462.1887556450574
801.7869857933665 188.31618973275653
171.20028733477267 818.0541794079768
230.87725087246193 675.9308348925348
424.43214011084683 783.8872007589702
62.07741309633634 139.49334587963693
645.7738710612538 439.8363620108952
644.4056865630654 625.2438198917328
324.6679756006441 598.3863939542634
110.27852176307941 355.5970042260361
661.5111860629083 722.4564891775186
78.05685466328674 920.2693469882984
412.3109348705814 895.9188700360795
738.7378438519653 59.851869825077486
444.1096532294834 943.4786247717545
426.8377256763801 722.7771874174747
350.90448168051876 904.9862918486201
257.9627214399843 230.72393742994217
64.4760986411075 499.447068472831
629.4016846916993 800.5022645179713
751.8867746332105 692.1567453969194
443.8434702469378 296.55805208808744
33.83111595804994 558.2187675930525
855.422756804907 91.98855759424836
849.2252011853859 667.8905685842852
574.3113724329544 216.99129255691838
240.5591722474892 408.8936483982871
763.6508740068209 553.5926231836723
374.90318141364565 818.3987606758953
536.2585559962984 386.2265415742167
169.27985092992986 129.70866882003722
511.3160702657111 278.2543724415708
414.2700344937931 403.5075954372949
520.3476975771089 104.02754561983106
344.0252294339533 540.1634010319385
941.8578087506124 957.6758208571462
699.9458401058664 522.5586039689383
233.56544999186664 598.7632868486137
224.6861364538973 355.214143635125
970.4012369246113 705.1899443678572
866.6848193699796 37.976588144388124
896.7477013474877 306.55023441796874
961.2628164762723 841.4748679385427
319.1189918097158 273.42400083701204
467.93094181285295 875.0131514556047
58.029591053760385 63.96082415220401
924.5915174245686 159.39264545885322
74.80510473370244 681.6544340876461
98.41488485722988 554.8096482124394
269.9998945288868 506.04003538582145
174.57914788009262 253.062972597211
971.9440355762806 220.27405124912502
592.7835909918683 746.8539872634329
95.50853706694534 860.132328492947
493.5834752085861 688.106855868735
253.8847724653439 793.1143320159255
792.7855290072087 89.79027960253562
760.5969915332918 493.3835750174625
663.39826737498 257.1682165252099
573.9993199882996 950.8269128796347
380.04278286879304 136.72410219404924
53.929398893321014 622.8328253601794
961.2781306926245 75.88500810561237
315.0657721727682 71.4569612700456
708.0476292126224 873.0423501843815
933.7767465659541 509.6580993409641
148.40085339651458 603.0472395350953
325.1072944763135 772.0697844652924
330.79684964171383 460.74819551813295
859.1004048626583 159.25653466030133
818.8876852803418 735.55403748858
482.97366373508993 768.4931183914562
439.16029753193834 32.4310705460387
558.7217057560773 797.907510692868
934.256050324402 658.7171795398419
103.97301293298055 802.603039569646
220.475016036852 944.4655611523123
68.31106756327274 747.8655867991774
240.33630662675216 729.9720834347299
154.39221662494853 40.37138363515929
938.4371296840754 421.07628706241655
340.0240917535299 395.09000204707553
823.0457363068831 602.5229224122911
34.37531341216611 362.5451568574577
61.22828721868696 267.8584399888687
629.5397785228951 957.0657206532076
495.1308649559289 225.7218470481908
772.564499423355 914.8269707443689
38.5401341746322 440.1954960818769
803.9338393501844 275.2796693031359
131.98814906332524 487.06896911098863
381.98422187838656 262.9909424736217
858.1943424891359 404.235984573815
138.17201992719467 921.7806306884519
620.7381426512975 529.5283233873835
376.30742877097407 350.7991321784732
584.5772080159385 608.8084108518581
498.5809095884563 34.13473893809404
298.28249578870395 343.0348508025879
795.6096494025343 382.23458335814945
148.05356450757577 746.7660451038572
893.8186374330827 851.0238333816097
632.2346009824081 88.83108217174363
888.8150534778285 742.0238757494922
831.1210659282635 887.0093041104914
297.08685573770913 871.4891165277064
235.62074505432744 167.31488878001306
