objects
72.30894368873558 550.0844626112313
155.09427154965994 463.3987669972815
908.901283521242 819.1999875685051
189.8995538972032 347.0155757485706
415.23087813243154 386.0696038465038
172.1956972459079 929.0502151326006
679.3269834811041 29.655233870164153
853.141354995166 290.4855444947389
930.8861509812047 484.69886483623173
228.62864827606575 602.1966579607689
100.34996988397461 849.2241128318733
970.8310546723567 585.5403370055825
155.3622199836444 277.4800462236935
43.5422251996299 351.14346973579586
585.803385163516 681.186364613851
906.7131888909839 935.722613465988
747.6842829207536 228.63353220281948
677.9315324305327 247.38928378864776
426.8651099372926 450.472892480507
671.1020393389949 403.25429766731816
427.9045132939611 682.7494375411961
230.2806997931196 676.1619146903585
834.3129053993466 586.1702907441529
523.1819972819899 339.110642356366
315.23349328200845 402.03416648472466
356.76525721093014 947.1869090080909
494.6362465592706 124.89766378980607
251.6880721922416 65.84087888771978
659.0407153214492 301.2980857983777
815.9685387294569 484.3573881582945
485.09618432458865 852.1786094478203
911.3605875484926 288.1053291824498
64.6269161946739 111.45041322752387
796.5439623413193 767.03321784204
481.4276987167843 698.1196355847101
948.4533215673368 347.09094683967595
672.4782254090865 656.4968582271129
617.4953190924647 213.99772103770124
892.5581687484877 98.92040421087528
319.91461027629055 722.3273192370355
829.2994428626058 71.1093693829325
717.3005424766643 848.3477561548768
429.565175014725 576.2031049857065
293.5806826991582 800.9589604404385
653.2982887852271 869.8596239030664
407.7709248568897 512.4146798902094
378.47778026822965 797.7329003425632
238.635973129647 406.39905019117566
322.63497373873145 647.4281386696227
730.0849419171839 529.03576712181
849.6879626125448 695.7693124648828
388.09906339070767 43.506870022044865
955.2850047539563 174.39063249633097
342.7417090280364 232.26603785702974
958.8972378596773 432.9622909605765
934.8439229015189 64.53492216090993
969.0281874889458 729.319958376632
853.156815781799 530.9262256376456
445.58160956400485 902.4504820471145
767.0285885393993 417.1685224977144
805.8119974242745 664.0395752746555
147.25939523390625 182.81115812115175
177.24221578245223 537.1995649189671
835.0976885035155 218.8619362367422
923.182905407548 622.2367222650896
618.7728409029368 729.0667678525745
643.0122110924723 956.3279604357238
800.285083497594 841.1264965067473
754.7865354714434 589.7818656608335
288.35487878207095 198.55249290028448
254.88484875962257 884.5132389938797
599.6324721115805 425.2688020390073
772.9810933138812 297.8524926157398
665.6993225252708 579.2590026968384
473.5313773461878 404.7261086857944
740.9250739173648 64.08694339186982
103.28947366752716 37.83407639502377
41.238555859677284 934.6536303878411
590.9808420941857 481.5225032905923
316.6365119461708 76.66579829144985
840.4725956781461 127.97793548824826
212.5300631278714 275.3161019408265
43.944511154398434 776.4340703057414
309.772540314183 147.55237902479826
418.3846552149104 301.6607216788499
192.86372614396066 68.34914859288428
179.1642657704252 845.7356509167876
75.74156675254717 652.4181731209288
504.17753080853095 258.61296401950347
106.39066525485114 913.8496136027628
281.25395230701525 572.5342665158653
965.4655914849357 946.0966131153737
440.9837833472146 116.12552724993829
866.5215855235854 785.0586575094172
673.193854702149 181.9616785212767
38.199843371121275 717.6646283574664
33.68174138280683 64.39943295599183
582.5751198085568 571.253780772544
52.64770781415995 274.3428295827945
702.4077075559904 729.1598550324944
140.7167913366425 791.8505007706094
531.0492818275837 73.1576624378102
365.05439826018187 891.3927055288839
628.4744045204426 817.4419762586721
291.288721432319 284.782736905755
458.5054788726612 347.8826719145099
862.4486834406365 437.0125257872077
857.6354099108731 843.3450309445261
757.3753921138763 954.9692538607754
178.33026825230917 732.8584418728108
615.2072022866437 343.7595815719418
34.65589632482394 194.19866757215223
673.9306139608778 522.7616377446136
553.1936319269447 731.9342060257744
769.8665333190778 149.3249974763908
107.46028133856882 412.1111059250282
815.0475882252663 953.0735433177805
94.50344758741498 322.9060872726823
223.62041021504862 775.1215858758337
510.4659639428349 512.6317241962311
741.9630842470912 648.5093240452875
263.99402478243746 502.8171924318603
186.274741218948 127.89386381654026
520.7463791258585 958.7177828381492
678.2240336721547 791.5281944965443
