objects
616.799691149105 99.37976102080039
160.05666489741157 900.8727971066182
102.49163230712833 280.3607644897081
137.80490810698586 384.20390497026534
648.9767121005268 880.7287359953793
761.5395016627444 840.8800155222631
344.21899500670816 789.9485359225455
437.2343315948786 728.6571508233051
947.8670870867082 830.9487156059017
401.84180230945714 288.1812971151861
743.6159278395062 268.9095040018479
761.9823278582988 199.71623776651737
506.5710654446961 620.0291415917695
539.8087385480552 811.6356164149065
401.66705019496516 30.945994711176553
806.666128165267 879.0666888570296
295.9483649012224 650.691808590208
39.663151217625355 825.0824846637707
106.40051709800414 959.2880552625436
891.7088974034165 446.94004703272145
148.6972868149183 724.5982974561548
911.8752440915379 116.60751872708809
813.9201254978972 820.0231712714135
553.4850678497309 692.83479247514
922.4010375671542 891.9798198619953
193.28272651055732 673.5400198787557
882.6695737948978 257.69321981513065
964.2656807888054 418.9118659913323
765.4244412969531 523.5770434150714
578.0981325910986 139.35951797611176
444.0202310710001 381.9883426346518
203.3834917846165 501.92055942168537
125.96582032359598 459.2240261407826
930.9136163359951 213.12381234365625
70.8620354749975 89.73269446068046
480.034819494078 260.1418094619979
651.751332456663 172.2832337686382
692.2881706104565 755.4070282598746
836.7621205773736 76.42632120819584
840.746731603511 957.097214354041
639.341666887468 461.97927403127153
543.3840474983924 450.9893120859878
179.42375380687477 337.5890679450505
890.6307296716838 582.5116370886575
854.6003381580672 695.9600780734597
492.19898115635107 429.56841030973345
443.96860859996275 666.649585808194
773.9822902395827 697.3881895629532
464.25339835381305 828.3512834903705
689.1825574854704 916.5143872476843
282.39210729077683 230.4945951142932
755.5309759253402 435.8032566195383
251.5055912690927 683.4571963128881
602.569094445556 320.59208210030175
443.1729480113834 88.6029349012694
857.5577366155734 308.7961343601337
595.0288953494719 510.7592435630291
951.6228253280096 945.2323393539465
474.9552977301413 183.04882531409973
347.4042838350816 420.9667923105424
42.91664766637609 327.5767503349733
926.5903946136227 737.3294377839271
357.01003092698096 706.7543646531881
822.9683434220283 504.4933173229014
817.2517270725145 249.589335098067
354.92799000283327 234.60004628275814
812.7258435416915 623.2053646833888
724.2684592547521 34.53515185172653
285.144481663175 784.6085714867722
199.03751252973888 573.7490886695906
504.3725831181975 524.8033284509756
572.9691953758794 269.5820400141528
45.48192705792333 698.6402151668098
914.7082510770616 384.7978151140113
750.398400736526 361.6166179855182
374.6827713992118 183.20273833537553
144.88847119865116 832.7684366791359
853.642197923696 390.71190176311234
595.4146613272757 733.3406235135932
87.70653962449501 761.0480052984883
489.94072465213947 338.3270112934722
283.46536991041256 410.9869545045123
797.6249481038757 136.37186404524547
296.1008997999153 472.4911642080757
386.90617413729626 378.9321139600102
497.49477313249736 47.14876192382351
393.5350078937938 947.2690414513984
69.52380567855327 901.167410865204
96.43774350690603 515.1894593737672
710.6248199490659 148.96811380500395
879.6747238912654 166.1007501618162
528.1570186438272 217.48305493891883
253.99350307702284 62.18359586519536
688.1760896683073 822.8772884051226
965.1690040273088 627.6715716464385
430.8054766475714 493.3772436364338
635.9529517686082 256.81721829299516
40.195882771779964 947.4430044583811
224.68225969380256 194.97211017601362
566.3667896539332 592.1519746239983
446.79803734843597 887.8406943489226
627.9604251756626 658.9786799809071
773.9659360800905 960.9451187130616
688.5038281122906 579.744869667533
220.49231828739568 953.0865635678396
291.2177426678444 113.4016519560031
747.245629249886 761.715214850983
311.91399031239587 971.4377686048098
316.9602146126474 44.15057911497393
310.38501504858715 833.6527591950735
229.98383152432075 139.79130990496787
334.99774985779464 146.4205684791983
530.7585230315519 744.3677496972538
524.9546420847123 967.5761564549131
652.7577418498006 525.330895787828
110.94711591431992 671.7709401157852
359.6093843107754 642.2262782494894
910.2842391036803 663.3354865304291
52.33588519688651 181.8804396550649
957.7244292882748 273.6147795398188
576.5628562965884 387.8395758028877
353.9773954181268 564.8212994020782
365.14872184133105 479.6192331652511
410.4906605337137 135.56231886894872
753.8563798480399 584.8747749796978
