objects
360.73635369694085 162.47177902824993
598.9198664952154 30.498922604806204
774.4215334254319 476.2196866729017
781.5154349811073 532.6541993015927
246.96934924991146 530.5036918308061
378.88444490079377 970.2978581235508
784.8807411486098 664.1979524909091
807.7677781941678 968.8576240931646
261.9810733312203 106.04077076335336
553.4946881986303 876.8906954093563
292.79111441597655 560.6984939626906
508.58000533013546 612.0352540634159
631.3397649469479 790.1058915918649
96.01242024211625 47.666350913699105
546.5635995117801 338.83840671391255
929.1627571725772 386.198357189282
847.0975663367539 838.9392096426237
321.13402417070495 878.1814910711481
604.4347306255567 293.6536097281109
702.3284207173305 78.91802935398407
497.89307009509355 807.6984843852498
53.4532729406133 293.30937461933206
428.1542106560402 635.1218176883751
655.2839763103138 351.5752880033204
965.0154464649366 261.2801033056931
408.3799267004955 306.14422778345
418.07908182762054 565.787301380139
813.6781413212688 908.2631729521996
183.28487715469964 493.35618597156406
721.3766510747463 728.0998373282978
379.97463690191904 82.85177708386198
121.47864462830734 661.1661362867684
708.1214932405856 321.8214661064536
588.3413032290989 570.9552356500733
955.5006824801729 534.8786883861336
343.5210169778487 386.5112139225097
162.27232321910068 918.5749548288976
431.51307240633196 899.2657650781987
258.40877332672574 240.2570075027301
373.78076438247865 479.97096141011514
748.6845618391694 217.48788585002862
191.9857244274862 549.9073218545288
799.504935633578 725.4793585236582
220.31520594855044 746.8115704283148
37.1993750618355 731.8290213451246
948.7094135939448 914.384165337056
457.5323705392247 845.155359588595
768.8345217804734 783.3380937984427
875.0588956017342 118.78282268698469
868.3983426275312 745.3338829045399
919.8185040015383 215.45961142964563
970.3347237559883 645.1628128292028
461.4602504121876 740.621235386591
669.0649192731623 274.65873090422485
215.3442659990249 37.283210156467575
366.8613168995908 712.623529116876
95.78394901457548 185.54491471912365
575.4271035520183 745.9277843240159
805.0681887552414 221.10767222869924
49.678456525005615 639.9495160381275
475.1122953079709 320.23744522931554
558.3108031477592 78.2989773439766
944.6427821122337 812.3337571647186
597.5936067438541 201.14476778875624
254.63842775919449 408.89297906265267
155.6116362961118 709.1256511040251
152.0796682556426 67.26697762498554
759.1424362902419 157.4975241451995
709.4577999614819 881.8407187943225
200.39184523611118 170.07190791274311
348.9222842841208 586.5433156972641
548.0154765758385 960.1178416211443
868.155177863401 570.5104248388799
908.6994195597949 472.29606169420606
790.3317480639191 283.9168519636862
731.1734414852796 962.2738531789205
141.33865789459196 292.796429308232
654.1482200144447 451.83427152520727
737.8017499839834 611.4268989328411
816.9867701738408 371.0097858219846
325.9328938749271 441.30623826989824
184.12090358602947 661.0054319026835
367.0621644349826 823.2268128321538
634.1690459665053 136.33075220512256
401.07974319375586 381.0331380150032
85.91969056703255 592.7966452266464
605.4207936455027 492.1480178585611
874.088077930044 280.03912925299994
218.3946490010458 838.9635940789224
765.1152781909667 848.0260935709414
936.6985671440159 967.4495106529762
129.295233679084 518.3434375913697
311.1381732517095 771.2391819941402
898.7998353788414 663.5218584279276
923.177797259739 313.8531690466796
657.952832892976 915.0118445107508
435.08448286243333 32.30427757641402
585.514609606011 829.9814252636733
58.20768055140577 840.1006141506438
820.9302473471841 39.12611258388508
539.0043904578249 679.5621588702556
487.1565265225363 497.1787515645073
282.41207829269155 919.7814804076908
667.6292544813114 573.1703323451629
458.8286032154567 405.64210695575
288.44197067798945 704.0407039514693
86.38230752607527 397.2900138570757
35.80995901642575 897.5827458129214
693.8654157771351 511.6007040319187
105.69549134658253 878.670004213221
197.82002119605858 400.88901435197715
755.539956040611 912.073142344807
802.1001398684566 96.12175226241376
673.9966070206599 838.7755437153437
169.31494041876368 343.92308140241585
235.51772287534584 294.8244673864901
511.4333467883556 158.93305459797884
125.46369368694552 777.396251089143
144.42549335462343 837.6043102592686
654.4666276633313 641.263462505876
276.0417787970353 346.2828311475455
220.28430926905256 940.7216797194004
86.93759386425461 707.7027853971966
844.8933474055067 637.9344683893031
954.3134182341141 742.0236607648995
