objects
187.9625549897832 115.20692300508126
732.2796492927948 834.4257543164495
561.9732393966069 696.7545077103174
672.0865191631723 505.0199130321481
439.8956299426614 551.140935703569
343.5034741372199 276.1496206910578
492.63784261009835 96.92375759878857
668.3825977648719 99.85433175785151
140.6731576803015 737.7417993769936
521.0282442451042 962.7094293961042
421.5764848148579 772.8863587600699
861.8260070387632 619.0810378581972
208.56299408397223 832.16064178235
518.7443036529764 886.8000522405227
220.67537901693387 651.7533184705966
766.3538022934353 686.5619898445788
456.77967178997574 861.1005161096057
547.9514728487298 814.9184832681609
372.22244433104544 324.5115551875504
714.79226797797 610.8674909165551
142.64177413315977 264.1316099794005
244.78229442775228 872.3631128767113
46.619103770683395 49.074296385575096
814.2551026647752 829.2511762849105
158.93953437497314 899.1965515783066
78.2174207423874 370.70267913581193
717.1762348861813 297.18584350110905
261.55008913544407 399.79836656800717
749.1171653285926 401.67720700610937
920.4944975241413 831.6009887064407
896.898288414107 178.63369497858838
254.82978666212472 64.22897729313969
692.3432284720891 421.203153384938
604.3352402031669 836.3915822151583
560.5133006912429 361.1512935648511
295.8583952276725 805.2187551513496
731.0741404345354 226.84178072375775
236.5024423721635 269.05067373824886
942.5722619222998 595.9412353279831
90.80112025665652 890.1955856726847
336.3275485975796 375.92098747986995
535.7053619469914 447.74223612158283
188.18021803927888 491.9177922412605
307.2721609531565 650.0971180947206
438.72162933554483 77.05787798692307
888.0947670581235 515.1584009109703
677.3193229479248 796.0503981203956
385.917361467988 89.83770601868957
400.481309402565 386.26099570678997
43.92610866473545 483.7518229703864
765.7470176586355 969.1881736116625
498.1937518756401 502.4350750335354
761.780338204624 544.4733879252726
541.1286618649773 222.81600107434807
747.0408559096003 897.9560645136479
886.84040913195 695.4469947915094
254.4481916924656 525.4315707633184
244.02832772841134 761.3578572531801
622.4266272199936 219.03597952905957
410.10436949672976 652.8583133735526
55.30744219107338 726.8693926759221
817.4319579839527 884.3001314687157
935.7620280732147 969.5506568685855
836.115699902717 368.1337714544797
187.2066864025859 339.8970729735032
203.57609548021102 561.6048231120757
307.9702371881299 444.69757963582174
774.7446325015795 787.675750347719
728.6176692904796 121.49532137577671
818.4070639774444 113.6882209417682
293.38043032973434 716.4735854417016
448.95322791718525 424.4686257409884
379.762208202679 479.1410988968462
956.4192613793277 482.22099355915975
609.9791240792391 777.2069611580043
911.744991972132 285.9561633584091
389.61978459134946 869.3858088528317
485.9159547995361 308.9387333743042
654.0632095610189 915.5830239680349
560.3884657992942 170.39442713416264
594.7345392074916 493.6316011590356
421.88776357584123 946.4486388690048
762.4065637279125 345.52711069836766
725.8346330638583 466.9178068216465
602.2465717827776 644.2771995519516
625.9935607587502 373.92703146842393
542.7793876162865 119.510227479086
844.1426566677357 202.00379504699103
638.0203017473148 705.4802255644865
90.60151429436696 678.5009830470306
202.7068177518207 33.48660356030288
105.78463358239179 446.16397352601723
255.16790618287533 330.73278397110295
267.1774288808119 177.89601811264683
28.50055968433959 108.61183915745761
878.0835071440019 54.49117208474097
547.3751090206864 632.189108141537
911.7830534466292 425.1105689535906
968.6984630347221 66.03464184397298
298.92668749413383 913.1258527998633
40.493101231950696 628.0636942557857
949.765947484997 245.48028486854054
857.5475985428698 784.6126408648959
868.3809360286314 961.2401773862057
616.3712980593672 443.24285543386253
832.1704550069807 548.0109310354327
456.47603854449875 710.5552772612084
425.8897397777097 333.9723755666751
815.0585752919998 258.12589755918896
972.187140947284 677.6720881117828
296.71095277024347 232.18007231322116
494.0801364071708 169.54119296769971
620.5052438411095 555.2041280800858
639.6949169307824 277.39233328235383
510.9619951459724 719.4926957017548
551.045647283428 551.294165926862
364.25937790116984 737.433577706126
50.46141587256754 226.78689073325313
319.0846454983801 964.481772705403
340.7803706483152 152.03730943435772
244.61749811335048 467.4366079765732
966.7497864383547 875.7255624742199
42.903574365647884 319.8972814065089
54.12098865206642 797.3375319174763
440.9451124590917 223.57802508491298
