objects
559.134799197973 191.2326389886392
193.43056373506138 966.1485994352065
867.657559631727 884.0516089649853
969.4973758328952 746.9983733685552
913.1080695900828 113.63690919536612
203.97628269520428 772.1696182494956
378.39727377260306 773.4679072417523
170.96464224911702 184.6112868235396
36.10074598982499 615.9930831428172
138.03687154991962 432.43246892336606
249.12373831871798 346.1000520701067
319.3636974513833 396.99192823304804
427.8825430321482 575.0237195294916
790.8222204696237 152.33391232209894
526.5271305471341 947.0083091481688
899.9023241549606 775.733757891386
769.3288089086378 932.4682428149337
831.4364116521697 625.2213870353665
122.14802684505662 537.1651413514513
402.03853731903547 494.03601935643394
203.01293918803935 134.00149031174263
633.4482226053838 778.4994605331674
53.24559587405071 869.8224213522926
603.2584684971034 560.0968654789928
929.5233446910405 854.887148747471
86.31871175942977 923.174504474759
273.77448855565615 723.9434380938008
225.6486816542355 915.9172982108041
360.85231370382434 266.3474833992774
735.746810756327 57.69608444298155
219.34091475630643 550.0034994081556
634.4342786397859 85.5015920251501
793.3402364712448 554.4151350847761
481.32400525273925 105.95307472460227
716.5075780777883 457.0596459498684
131.42137778586934 358.1966016617889
828.659471939202 943.438581969641
785.7854880537748 757.910810840359
791.6884577443859 40.34815832503074
882.3843271112278 220.86629704784013
915.8570698930897 969.558796553059
658.6435190705031 163.08508524979655
642.7025819497684 461.911182203234
178.26859118872218 874.4892826126949
515.2033107434528 751.4958488160507
472.8653178676866 832.9984210729367
673.19571251354 931.3154921501905
574.5404224068213 673.0251862253533
301.4540597799043 276.45701408257526
333.9006556465048 631.5477497490476
57.10663345384194 732.4886172270291
438.83865601098177 951.5658531664454
921.3552645712069 540.6204430589705
600.4682044176919 927.7238094419989
693.4825822103372 233.30004095005492
230.5249334476059 259.9192368866868
73.7979855036968 227.65773984578473
924.7196433954949 659.0847192479505
377.89831037726293 703.6087298983543
40.57125110004094 416.2640052136102
331.718855777659 459.7031112195221
379.09185495634597 355.2879775397615
827.0802654962229 327.7727764207106
688.1889739277977 369.84670273428526
780.2941035213831 288.534818747805
832.7326373369258 724.5232569562482
628.9330741001312 703.9137712439277
842.8723953801575 501.54577483275455
164.78584755651622 74.1972185267851
248.12067318260603 494.9525466288255
487.01696110750976 384.2807750402725
926.926840369032 598.3886292084148
562.6760359065017 271.06699563487774
606.2382216596391 398.1996563815085
252.90541082158887 829.4844106598937
742.1478483428087 598.8613537967211
327.55854705925043 213.89451920448914
490.7514770148997 495.6293453114937
467.8043623773322 245.63387753494848
923.7964571267006 394.33343156726056
428.2218569040969 730.3794542201595
402.72252447590296 215.01902257696446
186.97252181639638 704.6463020823882
831.4172642175961 85.78654085227153
452.1553404522293 54.81699160118084
481.6907476884339 630.6661195039775
359.6630742982731 115.08136009106775
807.2120301582346 383.1846941588927
888.4168372626435 277.71865118741727
273.6294469863769 69.2563621867862
35.92936754566844 282.7164735886112
415.97002804884676 831.8253555801817
917.1804753287523 31.86770290290804
754.4052442170164 412.1001168686315
544.297339755881 613.2321208238349
304.03492059789136 887.9284197687062
518.9849413080177 886.8175859192943
792.6108881198338 682.7915651701443
88.38265967617714 490.40699260419643
104.5541937502441 687.2826529419988
136.1918951411363 291.04561931389634
621.4830445328164 876.1942580901832
267.24027425278365 430.2793626847615
577.5071885866041 334.9220718195876
970.5321782400952 276.37316333000047
825.2419899164277 447.59318869504983
192.71816582133005 617.298503468877
649.5733776401377 287.65287989300714
728.1480607669799 675.7739613829995
337.1824925188288 547.6158125468237
127.36222019574751 619.5401800872307
753.8477368746903 200.97217844514518
454.79602039626656 310.1527826499844
625.2111151478736 214.79070813765696
372.3137136189828 947.6679505520999
48.922558095780744 547.5270992242502
957.298189259671 195.73381036402597
136.72237522655985 776.3221220360178
943.7685262897551 338.6614967558932
69.78974590271487 807.4479344654292
