objects
430.87938393488264 934.6445487760664
539.0238877869873 295.8782715929783
445.2143325984736 513.6432361151266
380.4092358658604 316.12262875813354
120.56933692026618 924.7871508329604
200.53969114288867 133.53438170527173
773.6345572654974 917.9077704838185
116.40293184037264 674.2007040819792
528.3301491886148 726.0380502576436
950.0664670716294 245.24800223461096
297.7487569200187 884.0571323685505
71.49228195610905 838.8627016109309
894.9371729882079 904.9412702385988
837.714883393129 630.5314563501154
353.58665673239375 33.64726314024442
580.3837586642575 148.6062590750529
287.0257096127552 561.7403773907844
547.9781510659056 31.160637380163628
314.2703480279363 498.44522676477465
775.5813642605955 219.1274767726918
180.70530217674872 567.0049351791505
462.74384392363083 217.3253806402608
117.4542803366433 527.7880289387841
914.3192909586508 135.22919460415164
647.6516109240903 220.72819396622887
269.7539519872456 318.18847740722475
213.8120562609549 881.3977275106696
501.5197177663324 868.4951185056266
161.9491405078924 837.5559739656676
408.2330602292245 399.86013337891876
255.43770396518988 616.5367802007047
722.7938798575892 741.483745115896
272.7139885034656 390.8850179046238
967.9725763282149 923.4488833847145
794.5924683372151 305.9446626353367
213.8756382762483 438.53727155451344
351.9393287489121 817.2558327409143
773.8898507837088 150.07435408255157
634.3445087944632 368.06429518377564
181.92973988739647 199.10102434401466
180.8967237342209 483.6884765124483
684.2558332299033 824.482021096163
952.0984777356268 768.8682231547774
57.47088763980511 574.1242867173362
697.3759353546768 296.0739270133996
463.2266626451451 771.5288852034815
291.1237756133354 692.3340363767629
154.6553655287166 337.67370382864976
707.3863778670841 183.76721710598505
744.015600614927 50.25507464767521
81.87942256862871 441.1149533084776
576.1035807351567 588.3599716762542
530.9895166448655 666.6919478649793
654.7249477132278 886.1794612762209
621.8199331565725 710.5247893938764
895.7179514390227 820.331093132993
532.737511244561 205.91190478494966
927.0215163717539 485.8650135273065
589.4964017777105 803.9765002369263
528.1553738883517 83.26536005523252
423.71319196277057 156.36225864118916
248.17212785434526 187.06264636194874
599.0009338087058 275.092321926272
218.05046335428162 702.8036686196962
770.9710659616089 616.6261764275295
477.20676956165664 700.4631946599086
913.2927711649538 354.051031992726
343.8684247912122 357.09132081887276
764.2396198789382 430.4798854309304
129.89759383454023 150.92299979443823
780.4583337998625 676.4574863161919
107.38781518729606 212.47286233880047
60.0003587156663 710.712194285889
542.8870096431482 492.5682076765957
838.9457552286624 813.5042210606173
150.00837530225417 777.4746054290666
679.7373001652134 30.210082144006304
274.0512534145029 108.94852167821851
95.84837473810398 76.16643362698319
465.12668476192283 444.97537326115844
307.22175039967505 247.79005732002724
611.8724554249338 83.50170181521679
381.8445273361712 555.5802427436699
715.7816530712687 400.55809961069343
773.4385912955113 555.6662713770013
841.4686864402023 529.6460984827748
853.9927160351042 60.00865485625918
612.5104972858221 533.4189740423246
688.7334235135086 523.2272609243053
433.85469943999476 847.6539277557899
695.8285660335019 667.3553497364862
553.6272531618191 366.6493521683545
967.9721829103905 582.8511453644417
393.5106675060328 102.63918215739716
576.0542285574901 447.09534986502143
57.69529113510926 347.14812249111407
939.9824634902785 857.1874088785263
693.6151110667435 963.6589357623977
917.9881214831181 60.69916588160753
402.74251843737284 219.8606226420064
593.0364188194183 895.9320644961728
169.82705451030102 632.4406389595671
333.3585289590153 170.70778270584378
348.11837805775514 418.4084228894341
359.85356333378786 622.9008853739315
879.9381839339216 207.45474811696243
321.0734700729844 754.8995463083713
162.21507042445103 36.76553666202264
629.8260151746332 622.7765705316929
852.8777681752231 374.58150812887976
909.4224551671409 708.2224456273789
234.60788661736242 514.8342481421142
796.6252700127588 97.7621401159157
218.1251093282052 797.9698971791976
863.9905755475473 464.01043423766254
709.5975596353429 581.1930079268758
57.02651293094527 892.2132898441546
234.07309479506628 954.6442263939362
333.4204315752986 954.0045703624725
471.6940849075921 319.7001697761858
