objects
497.3570014124705 388.3890742039429
405.5781807970537 176.89218763722937
698.394837763093 622.8058914586594
364.5109202744325 318.9306372565189
313.35946270591586 835.3822256961079
494.87780675734484 63.26133318727199
559.9640296218141 675.337003023288
37.066423166753424 574.188034553788
292.0920081160264 737.4598880128744
817.6280308056189 546.4065958353463
160.15039336651424 833.3434334857403
333.426322927453 248.0807697496082
107.97596025102978 674.2563397598692
811.475493164691 930.1544334501507
554.7117545164089 387.41984984666897
465.1171611359313 461.37690529575906
737.9074187272818 895.2722183370839
593.5075351425676 80.2394097882285
925.2956646970571 158.24413452569135
743.8207037627482 713.6572017604584
165.25930208250156 661.0912759826845
847.9869411311367 759.8981408921793
55.89511024265495 519.8469078782788
770.7922679366068 208.392495227874
658.7982807831042 165.648295866677
255.88466366865865 196.42269548197234
383.7649822881417 43.14336378097698
96.78545274653641 318.3720371329996
517.2857397308893 750.1031498906925
58.93925837300698 182.75681066219371
144.26518491313777 480.0028848576626
718.131429680426 95.04389281779359
628.2840105763019 866.4460374632766
241.61192437140903 369.49085285219667
954.491564533293 904.0512050093666
796.3156011966134 342.4766948980192
70.16664967445874 126.62626717302717
760.1998886476115 795.5540209549459
897.687353780867 832.6758411770013
195.28947788475574 746.4132025886229
791.6799948931709 649.0586571762814
527.7848497677332 624.2603925183371
367.7168407651527 930.6618396845911
418.8227950002976 555.966380854574
933.5547330580563 445.5823709093148
43.88818429863124 804.4189277793029
209.15929215908722 876.9167171562683
349.176895338137 524.0835865415718
579.379057666406 762.2869753488686
185.59796471585977 209.64020047807202
315.7524982695003 627.5582594845102
612.5041669115805 945.4806048550226
650.3451581735508 58.547927128648155
711.9252316244289 255.94977073785077
560.9665153011331 245.46560942472803
905.1935446884287 534.1052231966644
701.4935104000396 800.3750613081952
352.95443391536764 459.5671016577403
464.9892825187448 626.9315071119255
253.26225352948174 482.12006902840506
512.5047092223124 203.03922790250985
399.0870933575571 380.21654061872215
676.7618771407531 932.9613437239107
640.6553627328908 413.8513315496692
933.8753300966708 98.96487468419237
105.9843413128046 861.1301973387729
99.29733746714587 447.36410219011367
893.1746841911125 636.1627701841618
719.5884346212317 316.45890775757925
241.60813520606564 609.1443058010188
928.2654497763275 783.2311510875696
126.46246372261815 92.57222699466621
127.95209074152012 588.1897857547501
509.85354602007294 852.3963624248267
150.00666559785338 928.8092595387183
551.4728699962344 35.51190698552227
316.00223154859054 402.6816118602238
310.2869678866815 90.0961890304991
448.7849682953873 263.5462751325256
274.5699901401821 311.9278413176943
515.4030122972316 333.06582251636536
210.79952363107083 428.5816955670215
826.1802862231151 242.03915441349628
480.80444836477363 147.5648577387396
317.93155198256295 148.7857147547495
889.468518157612 918.7340453221703
36.59715803303917 957.0296562222327
918.6040899644041 389.23968467164536
232.33697508680123 799.2664516722283
767.6890526895689 417.3404169666242
497.1353729645991 965.1059883218087
839.4306745735571 609.0725101157527
452.8559619246392 854.1142875293133
565.862994513819 840.6382376250011
698.7561544657725 533.4544198237975
937.7357666206996 234.9233988439725
612.6182985788794 605.62531313347
632.6929111999757 554.0310846043609
56.607751247881595 52.60456979520807
673.7947449954127 745.4066377946069
219.71217462396592 93.52525853352849
267.17771182132344 555.9779972168031
178.75497610599479 44.663480014846215
179.52091871317913 272.22893138277976
923.7772194186052 962.8285891297139
406.76740901767187 764.2167644680325
54.51301319191221 376.8913184327824
162.31368064630874 339.7983835314267
411.1093725798519 495.2473935999165
555.1774978029972 540.0533351409442
592.3897064378241 163.01946522088534
642.6065698848156 220.95042392424423
311.1149464143139 964.7044098799989
585.5360665344095 464.0439240228773
964.4742096155376 304.528105336033
631.2368729200203 789.5882712228929
619.5822304758757 286.25036727706146
795.2327856378945 156.85973982042898
862.1779217897707 339.23260515378723
415.3089500622701 703.022421823351
