objects
218.2409929965086 401.7797141072265
686.7618256658188 535.863834965977
45.6854491418101 849.5704871627739
947.2767320173747 431.6289739184458
329.3473047621331 804.6391274448777
468.6995310284898 654.7266637245264
331.61960719546545 871.9099559391863
74.3803938042171 221.7354650295886
407.1847578288626 881.3603491824349
187.9193958945076 896.5040208149703
468.5250780052094 339.7216440446143
186.4350860231194 596.5025339108288
731.5923126909759 594.5346220870739
391.23719782593264 447.0398542924908
721.7817249826236 876.0056653669226
694.1503865897331 68.72779245727442
885.3374480867554 937.4067887766462
885.7817315674237 863.0751539938005
141.94254546660846 346.8740841222763
544.8509386808973 507.7339853666081
965.7017116558743 117.57331864494924
588.5173165601329 827.2711971518899
888.7238716663384 803.3482422500025
918.6057375212273 707.6954768020062
873.7120572758597 170.6560029350309
766.4905170275757 316.50476566417075
28.390360963045673 63.51620179046378
87.38876183019052 791.1031746089449
505.57800571836634 553.5382136762175
649.0909225738195 347.8866301401482
314.6391151062851 199.77091647650667
960.3328089449786 861.8644852536925
756.9112026438409 29.848768266519496
286.1354569455566 249.99245136403593
248.31378718191132 60.65461039009118
830.0451679945163 650.3252615293999
968.7839311356372 648.1935890306693
56.398069483287294 153.48147978836678
610.4647080411438 538.8083523107132
332.3670465627536 716.1861378790485
842.0640292661833 492.58774730943395
294.70362118567294 627.7549364059373
409.68879883969277 384.2137717775321
178.5508351857946 440.88883813341005
553.8826484158355 385.7849555197616
247.31950118797448 951.8806659207859
666.4075197676532 951.3139280628515
778.9389175000889 543.9047066141453
586.5391435703926 920.3075134016476
326.52247490326516 31.024668494674128
866.3786110335415 744.4289694814449
594.3730865414312 223.09869759844793
111.09141800897427 544.6514972508285
421.4019488706971 773.0335660381459
881.639276699916 606.8834671251047
522.7366204467808 443.06789823724534
166.20364483072515 202.78851122943865
790.9573211054302 784.9433475780108
343.2420433467094 556.6010437825976
836.8968314413562 421.83776979343355
268.3578914910453 541.2267577637281
74.6213050861322 928.0229275879138
728.716126204462 253.33169960153208
668.523829896002 815.0363457218791
171.39310869138347 770.8166454663793
946.6155932639942 946.3588011535049
779.3623308707078 205.46834908308668
103.27317282546737 475.3787288058036
663.0264733351856 670.6418417229486
835.5340143575845 98.20436018986051
520.1002908581964 855.5022322687192
773.605285851415 439.9147690349144
579.6915395182479 43.778454390221974
350.5936416388239 94.3921346223971
193.49288879920903 669.3439946817919
596.0679640357309 333.3867959425606
582.3477398111849 600.2163256218001
479.2567186991606 192.13725211408092
404.4852164447562 74.00083337079923
127.01840856598314 735.1945297761506
256.766923688375 692.334539605586
81.5084154577367 93.0960937873099
863.1123100285001 246.6900236728342
490.12610805022115 100.81434398153948
729.8363810980537 400.41995637674756
827.5595627130465 922.6185276461695
428.62464376104197 144.74653694790823
49.94005075745943 278.68043647342716
178.19501874657553 107.96835401120065
240.54685872542606 167.25966988587226
415.5773516949992 517.5300037674085
237.01758064665665 801.2001548221815
667.5672749712661 135.29951670523334
641.7922650155982 278.2686258309992
30.93143986873539 594.3908350127889
958.40276221542 208.1061856102877
480.06482811161914 751.9155056760586
338.81704458494926 412.4325092647272
931.2224519987175 330.00727165819865
445.76291718323694 29.76299343692432
689.2156594351217 469.2152180967645
609.763477188496 748.2345486272875
578.7039673260779 111.8251708545608
346.8396649617468 303.25732501780516
736.6307165641088 675.9426486228965
207.01289150865543 506.3587507512299
132.49132999737353 868.5279477690198
382.7204548047747 944.6465382223939
265.35938403420084 338.9892728023198
63.94883211175467 417.4867971033753
683.7316735072646 197.2811850519327
513.7028703041863 295.9721153162782
770.1497930783936 90.4234902611736
760.2915352943736 920.9890692684324
886.0742112262192 365.8606148189866
580.8779957584861 694.0638279844152
92.5087011460905 614.1776779255711
218.41054050163623 736.9801583522974
924.0618071691847 519.5706520857108
496.37893247183314 920.0802595178178
