objects
279.03387288100834 407.6959627384358
198.1815212459988 235.14954185434883
833.02231744482 785.8838209090932
618.0426918750276 681.5164291403416
300.18132520654933 202.02393401411484
207.23417629177413 684.3362470830635
453.6734716147119 804.334410742454
861.2536257359553 272.3932928252535
213.3237723087822 386.07683473474657
752.219261675501 127.94340407195433
969.2162851270366 881.9275842129276
559.7577687550137 364.9040555381285
491.8778225887174 304.8332477928591
102.58577391340604 634.9846545918646
527.6547191470358 572.5636602346082
257.3827274134633 285.1916865380222
390.5503204943025 842.0788455610812
771.1492428390991 59.31830185229805
772.4725271341355 970.661621882049
136.54215101512614 88.68416642570143
587.2496370208122 555.375214973423
864.8612787439232 839.9571205367362
820.735057830817 876.6168417778902
960.7228412692497 303.96349974858356
729.3784765320942 618.1658243120354
126.61597264485384 724.0889170824972
221.8544949456544 557.674803690236
149.4204570949155 404.1005674312926
362.9862640611458 784.8468656845755
66.87325361939304 912.0671582713426
603.8066542320206 832.267114399172
793.6837270798183 455.1327877351583
728.1598511012468 496.2912472984207
244.94598033824056 66.68132355501503
737.3240245068026 384.22076783467367
459.89333788101635 71.68750955722271
485.20492746734715 201.85489229960456
573.7420024256068 260.5168150085285
650.9281750926117 553.2586712986431
106.64756379163028 252.3778872914359
162.670114595013 345.00150926173404
879.8793376858339 705.1886536906786
465.3985986109955 548.4062608706282
797.493659515018 715.777698209805
369.280807636097 497.37650977533974
706.3892786910684 81.71088614320446
354.6987719103492 928.5313363561846
91.53405532472992 373.7765479763768
601.2698456097851 41.39186214924584
334.72540621152825 422.4326701493599
262.1724783534051 730.4778098072618
683.5302817428935 836.9813349923024
32.33637618300059 862.9076554176017
419.6978447930441 295.7430850111086
519.0126271050477 659.4886637327326
789.1938364729732 348.5354791805976
74.91167505038497 485.52749494171826
388.5235128411218 126.44564213584563
500.7673111719943 410.98169038864927
806.1581114693812 187.143686713232
913.1449632589496 160.60425728621763
964.7593988175083 391.142387304495
354.8654056615524 322.70854614123346
74.02312270102152 187.20434524574648
955.717502900196 593.812706528013
352.0271736463046 177.24369801850722
134.83345750805293 167.0092097892737
363.37563912894893 31.827007709106063
675.8791657473752 715.6965434826607
137.09175723070146 484.32584622830774
56.900268758812025 107.93879343723313
830.8962722638777 959.8479754386815
265.53359530853953 790.2876428971035
448.11685239764034 870.2639344339235
742.8896986705956 905.9535024384217
841.0720398797486 556.427689184603
392.64691416582656 718.9334785650881
291.2767931954039 877.1726852611415
274.99348451656954 599.0649745783373
304.69979231361793 115.0928223277649
311.0382570253779 359.51871709576795
705.6086305953017 430.3886840459448
70.62646125839298 816.0971897711574
34.9876131409447 969.2696261328279
924.6716162019915 649.9330898641008
960.9851332634224 70.70779007763142
896.8130616072322 65.75562632078879
34.731016025688064 242.64732938803778
545.5482727012478 28.872042336407432
890.8188385010152 341.07401182284957
889.5640633089573 912.4378564611002
710.2230737126984 275.0099399192099
412.27335736401 967.5013225927736
676.7887626989665 326.3391762842714
849.4124381001839 392.39861803920735
815.2132512015829 660.2282680291892
716.5886871786533 787.0420556716497
71.73733619346021 35.959402560400086
509.5912933148122 814.9473107978607
47.878373176051824 585.1697839325922
833.0096150990875 37.96838946469702
454.6348110790598 648.4767388885665
929.4801727257044 754.0787576207576
733.0407961875776 189.85931063233102
227.71546645874727 962.6730901265876
923.573630649862 845.8220318739214
695.1345738085672 952.4571066194873
457.46977170899453 450.0790595938615
209.0280070907028 905.2529702535043
276.07214209104745 675.6845695391189
196.87237434678897 610.8905827434571
504.092514461387 744.0099558287433
519.1224761804489 960.23313725835
509.42604153732816 498.80079414038113
679.6755021191913 221.6564932301319
897.3342097651482 442.0353213009683
247.92665218215552 163.10065697181108
589.3509099397188 912.2760630681792
855.7920914641815 498.48124771400666
450.357006491652 247.42354858402214
