objects
54.10060129341385 533.624171669869
491.3088379080005 540.6763302089502
853.2282720558916 936.6752723033021
170.8799872140033 289.53065817112565
939.7645073181826 567.7562154442023
553.1767801345217 834.7796974310451
631.9863851173692 567.7624733311526
832.8118071685054 508.4047944812607
143.37247580059142 651.772550935721
713.5682640731798 465.45384571598134
563.5734759993055 646.7438648697155
235.79985591689268 826.9084668962392
711.7377374621642 96.42266433075474
303.64567986237444 185.24483508240044
253.11175054719925 586.7906081454933
447.7519877905169 789.7409241168348
344.66738133295536 759.4810182700406
75.6114090440079 428.3146886089403
576.7331019059006 50.273694297978665
838.2855395727781 382.8788719584679
364.618815221753 947.2197696360004
907.952489110124 447.57844606562844
842.3903387898101 677.2978100707612
676.6244234437182 300.7294838785842
324.5903969425535 277.87608224442494
80.88206245626407 160.008658564564
404.0925523472684 79.37857652756583
447.6650055669676 907.4059575243556
749.8383267566109 951.4350772277548
752.0228797749771 567.1687941767698
478.1703133480581 316.5297024752246
765.7574845120953 855.1077647168228
417.80202703156755 179.74347594518153
868.4874029404633 171.27709273882837
184.77986656309312 456.1382900720127
926.0696239587788 858.5738498151054
748.6868101414641 687.5450260412237
63.42931145218584 740.5380362578303
759.3412493457799 254.1342325280337
653.059948617599 947.2579319097218
866.46086629905 291.83810213622763
593.9811868452241 369.1008044989008
154.8024544638093 760.753179453475
391.63196652567336 522.4894556838811
462.1138992094534 658.6226706284616
224.75840404493735 53.59735443506055
82.50701451665293 859.364032058971
932.9167798278157 705.3995154395611
259.1917684420281 914.2468956830722
61.91826300509867 266.4349547427916
241.75330791958234 359.39458961592345
267.90585746870295 705.9649091057918
574.2435209222026 232.1974045654363
367.8919995334481 399.4235287653219
669.0846385897121 799.1719360941108
302.58160031555525 482.06014729076327
90.86842092248872 69.5676036529185
369.15286641405334 846.1177769104178
865.2411419080372 59.7292236459994
376.6712912266294 630.0685022470426
