objects
114.96992556750936 498.5387379106749
688.8404009919683 861.8681234827511
673.1708775972758 351.27925931929457
112.40217323589869 373.6586195553518
926.4661708003268 424.35346510706086
840.6798295777338 205.96793334131235
411.81243702868005 911.5678852207807
584.7886274562838 423.39048570282836
151.4538183284383 665.069983054627
85.61184046647713 812.4116766717679
664.9596894519487 210.51417913822405
927.9739006950875 332.38921012447213
451.8131249785517 558.4059967873421
304.9124196047062 56.713585429322016
512.9746914424887 924.7887952921569
933.338053383312 680.4265023888016
645.3787898962898 58.90115090581744
328.4507639983492 576.0489632807239
139.8945825662862 158.06914435903187
567.7537284018028 293.9149029691646
762.9778707023418 96.4940860030063
491.1327953743697 450.79240905903225
429.0351098627186 816.5035493252689
621.6593757139133 554.7942999576867
896.2154825565789 766.0867707816807
776.5545608022801 934.8143566633421
375.7694427993935 428.33349223337007
713.1518869030465 546.5712486027477
946.0618941293862 99.22086217739269
245.42192814125102 161.04497474044612
453.74970647780776 247.49606053279754
821.7817564966491 304.46015511357547
184.54773812060517 557.0797586660798
717.9034017209567 738.0240408080163
479.6360194374438 358.6075021005211
947.5082602727226 231.65151647108868
800.3508035229836 840.9524310487197
326.6451226231213 760.7155797762889
205.08126769141833 809.7219789416183
539.6942090043696 64.83782878882317
849.647151388166 496.16875944897174
692.6896056249723 447.0155280370903
418.52352725323874 162.79272358143413
52.408585062899256 56.19569945514745
253.63121483293355 951.2933509659484
946.5165641010191 519.9883659045272
829.1284756124417 398.7370749158041
896.149061350839 861.739793626508
523.747742949108 729.5650312589578
562.1501415984114 828.9620505646454
281.84584131166844 390.09382539618946
519.0058454415375 632.518894154183
829.6952485042902 698.4114089317944
113.80825009538285 934.454403906594
526.8406950798933 175.56979095804255
69.0225023408488 230.55257576089508
419.1930189349401 652.9981953757078
167.41415007130252 290.9102814590539
195.36984805888318 436.28174643114704
855.5302964097142 74.14543750117737
