objects
510.8020869193578 101.44497181629336
726.9622830861808 660.9592349820086
854.565963919056 705.5239666707258
145.08679195321662 130.728958599632
259.07100015694215 279.9314451648754
930.7582284975059 814.3178239751795
499.8338044593069 838.5393679269147
923.1901818872708 442.37014667614795
385.9151791697532 347.60276764835146
505.7564829211622 241.5870833680141
938.0826222389032 269.360552956819
654.2709840947056 331.90070311287576
106.99490056094075 466.42385948415233
930.2777697133201 86.26261289621779
95.33966923932076 337.7815418858042
537.3557400878061 727.4459795952953
388.24416205892805 558.1224169009912
281.30744948027007 482.0697502452122
52.99918504675484 678.012979394535
328.3148938152633 839.0341082272025
328.8826267638823 657.2821849464543
586.5022365452638 910.0437545996821
816.7903384065077 499.9453367715449
729.5308111662844 535.2126515869213
540.6026211412468 338.967555819682
950.0128464436541 720.0112897304673
46.40431179237642 189.7698936941933
59.96629125644082 99.02073057288634
834.2155728867189 864.0971382093022
205.6209210369589 354.5192945648298
69.27568907971717 838.4186964264956
624.9594873342105 523.3046082208185
447.53272175167643 488.5502087470017
779.4633806454422 949.0005580475845
163.5506417179665 719.2781366766643
169.27770349427368 932.7213141851672
242.9172696320789 127.44386432096505
138.42288405318354 558.0860661879378
177.66307343611294 825.1504392693488
800.1950472905896 92.14083817305152
689.0815093329435 819.7663227270524
441.3780632445365 702.7845668336661
417.94429717406837 927.2242738281628
314.3407009551302 944.1107076044751
619.6176710386243 172.27867806835937
369.43740665729075 242.46763884880565
835.804457259604 233.58944879055935
641.9367010984023 632.320702536675
685.2456122317637 447.48247206451595
416.5306879852644 58.908831191180774
710.4719825147441 140.91074668425193
830.7825335953021 604.8173965676375
338.7706247678916 747.6544220283608
501.499095014715 635.0433468793418
663.6463967847848 46.50900659667766
365.87951105180974 140.70786259608906
748.4315624542706 294.31849551299393
168.29548872782664 270.9529843644822
932.4584308995278 945.5308618484293
271.6336373942427 587.6867444908196
