objects
640.1733361336823 918.9915923583313
580.7025503878384 281.8053656247859
75.18496188575511 555.4355649268151
138.9333108872426 937.4727270860178
475.1740836973704 478.82292411371225
276.19685323628863 818.2614150188958
623.8617133575453 458.9338092026391
442.29907442230814 75.20446690984896
332.3774750752173 747.5468624727681
479.50801655442547 792.5421507845261
807.8889685447936 544.3860443161598
580.38986613751 822.7722444398689
76.06088076897953 687.7777256638192
257.65816159779575 488.12227334198417
568.53952495453 80.83640688697659
239.13276118002867 309.4870433414094
359.216924776013 503.6807593195383
731.6358112045464 818.9816440825496
733.075798235464 59.85526504805884
950.0393203322592 204.18970682118064
194.2587267476041 556.2837839281275
122.68530647426718 773.6671506200698
50.164317304737054 896.6360122709676
805.2908153031495 232.24080544858504
767.401107507585 433.69530174164333
738.5283562003683 638.0660943105704
710.3913243644697 360.4233837095501
468.62253074373757 207.91137263901211
412.625332033371 701.9215645796576
152.6342891830693 454.24896777845254
374.49237991872855 172.84970679028766
703.0435116360276 169.31776867100288
803.3458833146539 935.9449041980434
933.6731103039998 452.4164940473083
60.67038416031174 213.7313958887696
899.2796134263384 567.4403824093134
177.05018480698826 101.09559000972743
667.8055495266249 540.8296223017808
270.28330572282704 169.45456460345554
952.4884025897138 833.6558975187314
866.7124658004805 153.34120507738737
854.3932432157278 384.80366162531783
526.3911844327091 376.9224991814234
382.343587374447 859.1890084088395
153.74920720945636 189.95432457600532
668.1517551363028 704.083371794903
915.5511572858779 72.57961789845365
367.54224285484645 321.7849894629098
848.2950031811572 844.901745224769
254.52362086799485 926.2836434400267
351.98432986205546 66.97362695683455
488.8491975059601 948.4774298892881
550.597540131675 669.313468681238
462.86800305030613 301.49258038357846
458.0432477543583 596.7110223742695
313.13938950534447 416.81935309705295
907.5398941403512 666.4141070412535
46.515793337620515 87.2098956763487
820.6218229743181 694.7723390016291
76.97737863909894 312.31140808421856
