objects
210.89022481368613 230.11540498367484
725.2422481032543 420.70451583981986
823.7483432022909 442.2499290414569
80.96625439267257 267.86743226152396
923.8869109759017 527.6591826911409
947.5421397736226 75.61134190757686
952.7901004034475 864.9462116151614
230.26042569933324 139.59074342961105
419.01723484726494 831.2588220277361
341.7884796451357 139.49182152087764
100.20829286222589 800.3074722706324
193.50357001843713 394.93375818217254
453.81461935832175 715.6640257817475
217.09784973136723 664.0148760027769
166.56713520628466 949.8690134840439
322.63135411771145 365.8029160297154
745.1347352587069 198.07146316228201
549.3787445691167 382.0009373103053
458.5756038184617 132.3808767026702
609.0568800212629 563.8920653747539
508.06578071496597 576.2734006047054
423.45996759831894 500.0332887253038
832.0760622181483 340.6964054966271
890.3133216706492 936.9172621234679
122.98369171349813 490.01967774989254
571.0576784351035 243.88173143176664
306.3165994368107 890.9164078488005
72.36279441466085 644.4290966622085
46.879857808018514 396.568787403544
182.14836472001747 565.9252266698063
708.5126353960295 901.8871888044969
950.6248149877237 652.293066535792
859.7213010529792 222.2486428787679
318.01657060320554 662.9040061605709
260.4483214476904 744.7056287015715
87.98412446862329 47.127156131578744
401.84890277828003 596.6290337066545
604.8103721838909 46.07727743750669
754.143296151341 710.6894221736628
856.3002469101966 692.9386195239776
81.7903098748789 909.3649662727552
657.8869786040065 642.3398608933386
331.0641216131178 529.4905394692037
334.47539792531387 264.56858991487434
459.6764644562724 273.97658276094825
739.6386707553452 807.1044661374832
502.44821890429347 894.5240983248233
794.8326836532269 83.06823905737328
950.4560813407813 191.04000522238684
92.69559416118071 142.11457545698272
454.8868618475977 387.25824341302416
726.367603523711 525.7137987131033
624.3132485555153 758.0357015496595
944.4736500639066 422.66303012329587
747.1904093849632 301.7030774142555
839.6045455810446 837.5398642200669
361.79879680357834 745.1311270072421
188.08371212664017 841.6409070445031
851.8557980095535 590.3237210696835
706.0983120541396 109.47622669515053
