objects
197.5786673099514 413.2478207869673
434.54972168573715 606.5118357799374
316.1855726606489 300.7318665370833
63.667103265047736 56.85101760362049
236.64609039662585 81.71834170387208
730.3729972934594 730.1610140235523
339.26256553205 569.4019781025816
822.3954333270052 689.7183983790625
677.9770262136831 133.18442738657106
57.26081969055684 291.67663476940476
493.9285114494246 729.7497326818773
526.0980136392195 292.7610477636203
57.4420723806449 163.49436351201115
774.4719236121697 887.9074494434383
656.7564282720446 845.8191483764466
626.1635585716679 641.0554109067009
931.0480959049979 820.0010391692541
798.4931674951173 245.17815467973682
639.716954854298 384.6065488724514
947.5982589624032 327.752716680491
607.5961664566262 189.75569223465462
453.89512374019284 370.08042552551996
898.1766246891394 560.5570371132023
910.419193889121 226.97091614388304
215.52596205259994 835.4077492858988
201.55324011078304 653.8039157770637
153.01003430977096 737.4256828916733
359.3852305128546 730.3033161344055
181.13328300186987 299.335072259064
107.23857398913051 500.4734749838075
73.86992027240362 684.3297024715209
841.5541763778218 809.7547013669033
294.36069497506986 887.3593366963937
543.7293126362007 407.0880747355288
109.12491233620408 832.8222861711713
531.4891678581538 599.2690754110632
342.5718021488822 156.78708069848798
69.97199260062769 923.3353509621716
303.45356444564135 431.9950782584201
471.67221211186404 842.1561166818951
537.9326206331615 934.1744671798872
464.9403051906075 142.74901766820017
855.2704722379275 414.66656220500965
587.2931986729722 49.02552328102131
212.7252110965777 946.7857461431952
643.4497965970976 281.0497103854519
414.75976456818773 282.7953348756401
633.4925871571008 738.5943487246061
580.9476375354326 521.7225404809949
908.9319039201545 65.56250099143857
190.48133439596347 183.49526714940174
663.5922663483962 937.6543979067027
757.1748190344955 588.0654272753712
762.8249557053086 404.2548089817485
379.2403266656397 69.44138476428324
268.80008057647285 742.3522384189414
371.17545679153557 940.8670266702468
202.20012792233143 524.318807894898
46.106996726954726 570.0348136943485
455.39798375704686 465.1720312821507
