objects
367.9263900488675 482.5132030235467
252.30577100369132 662.477982585604
405.101484912702 792.1101860174452
680.225635863829 351.2116393681007
535.3732133621461 300.5820998506593
180.4139873640138 472.228858205178
709.9982994679639 632.04015545004
199.2269586131986 106.70867074937499
839.5712638536105 133.70240262903283
879.4069997350748 487.9730911268702
948.287003749617 319.35091087825884
322.0673611936203 168.5949576807266
650.9029174715522 244.04907091937412
503.30890403597067 862.745760178767
642.7770238332881 563.6766926201133
512.5768585185937 654.6753214238399
175.71159664219613 297.76270620665883
61.54105125504742 676.9147548147398
55.0863218145206 211.36901849117206
566.1750770955485 55.54930572689246
830.8607579853709 946.7829987826417
795.8979229039925 850.2445631000559
943.4356177753384 70.51832154753123
409.1085631023671 64.59657311125066
75.23011077139438 950.7021596412555
922.9498322950757 604.7823724567213
596.2930979315499 466.64574210511375
404.7445994055154 393.12414791029346
735.4079900652165 934.2254564712053
109.14753350501333 383.44938579684253
927.9841562734554 716.3065801260374
740.9038803871981 236.06200893312993
369.93739120891325 594.7323305758406
841.9425612855857 762.0553394521545
302.00070171524385 867.0672484020844
603.3764755537089 838.4300307331766
543.5760886944764 751.3937886082588
54.462371817377914 494.6350549248413
95.22345697001154 831.7030883579484
107.58455936061364 593.4469873545878
714.4451376218008 134.53961433313063
259.93119765386524 525.1130612648474
279.65741569998744 312.4475431883078
703.4105007129383 483.51632791019375
446.89689580170716 947.1832527351421
406.47664022988664 208.85745274539985
819.0093700178915 557.4761368021428
585.7644893669581 172.5206977762602
806.8950773375985 304.5443959725213
937.0600008098048 931.8897746536373
938.6455643726536 189.25311684650129
188.10811893396277 849.7408928818232
496.81692605620464 404.4144962873218
928.9355008234679 833.7712978916247
593.6334154917157 945.255266090532
474.91743550442175 493.09398635940045
661.1435972588315 58.1248679921093
261.8037861746298 763.7060494973282
686.9880647601625 777.8440581595124
151.17259000119506 211.42883958414262
