objects
676.9143071454938 584.0961918402544
643.2672064180063 32.44905101021313
568.9873229322861 403.9067304440807
80.40025738279834 303.8375388039448
837.4107588849654 170.26907791235178
461.1425645182035 754.3649624574814
102.1420934755704 975.5111743141504
899.0856998071279 70.5970109967977
236.32529778197232 653.9458489705835
830.1149555919411 590.2418403659731
101.72512393255805 89.9738474315948
537.059768991755 707.4472482407687
303.95265395455795 974.6001248463587
210.66965693325844 315.0470911960943
497.56563237239465 185.09635232321932
621.2701470407482 472.7415495285727
972.3814940743327 246.7216422801605
229.0353800140359 696.1815555634912
763.9102819063258 979.9567928457913
307.73618000909755 452.6658571272353
691.4272023194682 903.2683869955273
30.421978113501808 162.43626698448344
257.5894367171872 890.0837668197132
970.0763294907616 26.508080532130393
373.52528042617234 845.0542952242353
977.9089537654509 969.2516535738407
593.7603013446635 271.71630550087247
733.8289941003151 291.96085252198867
305.37373680239085 57.180021364257236
82.0608332445759 334.84681521339525
630.1904645126311 219.67863442969937
824.1450435454573 23.589022072337116
772.2982941425253 435.3416953548035
663.0555663683404 370.56692507174375
563.6736943276899 172.88884823525592
698.998705504301 247.4030763613492
870.8136228202447 126.59724919717138
100.0950473506351 557.3771530429838
920.5804317258315 373.97493257782384
199.70594704127885 635.244025800831
757.0747818285474 838.7468758055468
359.27144186062037 376.21842810872954
673.1016519125208 734.5621483460088
627.5227223194721 589.5502483408377
539.2715156674604 745.1634722927009
930.3374351299309 48.83570092279837
137.819473272895 49.67952215413219
149.10990514542323 924.0642142693129
701.2226112186223 305.12096673938447
603.4699622883841 344.8102160980219
102.74801291459008 54.860966854881205
344.7338097508451 67.13008599846705
855.242901305213 658.6898590743734
196.1765872159841 196.4195759756427
971.2816130520176 107.91935791012162
725.6959370863518 444.6790835958677
319.19925444912633 847.3998581332656
689.7270257514125 696.1703123004021
567.5119900160462 657.9911922098411
164.87362952905113 123.03258222311219
256.2891334170402 470.1269276710223
978.3845120627332 503.12486246341945
252.43722530399444 543.0737242787861
32.69707961854527 406.3722322891491
724.2518118240736 94.54614291618442
99.44401989068975 911.6791966533477
280.5935644241327 691.0606940928669
533.6720769944922 136.27140455937075
894.9361647358453 853.0635065185106
241.06971677351436 970.6285948281391
455.50459301291795 477.46925912343966
822.8568231255528 646.5843861682365
505.345063522827 971.5248129907187
23.42131023392155 103.29048417585757
486.8863865068442 813.0771429196113
305.52376444618255 343.9903954448097
581.9735137036761 531.3660390874521
504.79451347500867 550.914304597649
945.9708155242679 139.8313519819611
470.70941401092995 632.5271663505799
773.5283657993801 112.18955145517883
324.7787869435292 517.2252097041472
322.7179904288521 159.62368079339578
472.08929146682766 108.64681653748023
260.3947168681881 728.4582498785335
975.6564692550709 743.0940439948052
535.8264557432353 43.05842623199901
506.69709754353556 217.2325603084066
548.9021084014861 307.9981126544565
344.8752224989407 858.4954917334794
144.42775077159644 736.8515580159149
719.6990196411311 488.49565302903363
748.764307790775 37.93957728457044
163.6580546827068 630.9999016128278
839.652005835377 521.8550989032188
853.6105766918138 192.86919775336003
876.7109830504866 423.75504802942953
852.0421480983398 965.3165886217191
927.7518575541301 301.0694174525642
804.2136537058822 877.5132014573587
609.2882456409773 247.49387010177486
129.2349059311512 697.611321340058
471.08070146689766 24.741094614166826
430.7226542196299 154.78290199033833
707.4079560323853 207.69775792590835
402.39128415807187 859.4881127080778
298.5759547322565 582.6992067000132
524.234746574603 588.5560399874722
661.5099860040137 109.02018793402733
36.08039499365046 811.893814057344
359.9549900846876 170.70457864673926
783.7418833218887 318.8674838019038
511.809881295675 298.90777261366253
68.57007978268365 524.8063418187318
735.2169349401212 627.1921884574203
39.064113488026294 463.81099854158657
613.6557015409513 546.5295422327638
866.8095139384186 538.8363498886588
624.9626486301779 698.4049874848695
380.7002371762645 611.4421127277185
539.9548572766724 543.8254981237463
473.02983697100893 859.3348781661695
207.6533023226245 759.7318547309138
107.82896564201027 620.9353461549829
584.9107508460728 899.2822977868678
757.3621569221224 143.83391854593444
926.446508836043 624.2196060767036
87.9219857735866 217.04636835116318
778.3260426609501 802.0403891720349
396.16254536573666 268.40720030376934
347.92764263588896 788.0901655037362
160.32631690661663 677.588143015246
650.6400651907368 139.38748157876032
368.6252827252556 284.16131749349495
536.1441009259256 217.78072353710354
753.8987601172121 785.4905237476813
712.3956554955669 122.37829871115069
786.5006795113351 260.9781057198204
486.5729999935243 912.3076089091901
847.7717568537771 308.4582588420622
743.5274983973127 706.0665390419384
362.6145022590443 974.8804757785936
703.5369698889522 413.8319460674256
316.93904017758734 556.2602755010165
674.3787446208847 261.5970429020269
481.28113752862544 947.2671302289365
258.53097165006966 319.0782500451537
747.4283052024241 746.4191691334238
221.71115267707995 27.58053985086282
283.070706224716 372.1764292123502
745.6767342777238 254.01148055231232
528.8032455894883 387.15836568441455
262.5766108999533 498.323409516268
422.6947683561198 792.8606654999287
79.43247203838516 409.78740587857925
834.1185566321373 117.33962089155487
589.6229324003209 609.9921866869677
543.4902252525251 497.6284211770186
389.1722880453269 518.6033842659924
145.55747244100016 432.69568624990376
