objects
71.94489889783627 382.784482255941
522.9336418638371 258.2791179522349
612.0186607679695 288.1543674720318
47.1180467545381 668.8448064510992
859.1321839924153 94.94242108527223
883.3366548599896 597.652221764721
600.9898053535762 428.41117140934534
127.28171610579825 439.2462868282444
751.789398827961 934.6642794340408
920.1686593537862 669.4457520560969
846.2465328345395 280.69167941299037
634.6527195746364 135.43883583411144
381.85549206374515 814.2604549365545
141.77056658359692 872.0518069000605
244.98402863291076 465.6335123920186
727.5662342671557 516.0054381788251
807.6741301730398 122.36979342865158
398.30743810037626 574.259959965192
378.53494820396025 332.058295876918
446.56929573948173 312.0371448339514
931.0275453749963 458.7114053863592
427.2726841142275 772.7049156044678
490.8825346038096 905.6262173027271
416.6067902508166 422.9318819785268
282.22338199660686 784.4084927400137
736.3212918995985 434.75377471055566
519.6370918484383 929.1651431603368
659.7240485849761 706.5228166115481
459.91823441036837 87.47945651668385
979.4846808678432 843.3853685942487
373.10227782522924 924.5772239061117
192.9390126014381 483.2119667734686
840.7269231958174 543.8024891271938
823.3356575134061 74.05832651863335
124.7155636310965 375.37570927724636
329.1615412289318 504.78257773546693
579.781001846408 561.1877804821135
79.31010731795025 39.37442754919888
330.84728595495136 421.41822623976
773.0863121260666 837.3265124007025
569.7172288573068 253.71686777567572
384.63694183321957 22.444902338822317
970.5380797402674 629.7172424905632
451.3557774792063 464.71099063946235
968.1287640830415 302.1755464181668
634.7762161662598 836.5451027351031
214.72805792181668 552.2903167273007
720.1783276479731 647.9009238128672
927.6580804899659 867.1574950013247
410.5988623190323 83.92056640839041
415.94135665795955 904.2232372753059
343.2623534355024 150.4832362159395
661.6066363100897 347.9619789144525
694.0047563030711 772.4619659151583
325.4164976325664 259.4833386473835
428.6066799779589 667.0999076534715
72.61929642352214 837.5630109720488
239.1427148080521 625.8022842949923
943.9154922230044 971.0718932356516
981.4395510985078 684.8637829730122
541.7686137505026 213.93299512923315
520.0547652232127 80.97857437652584
804.8457462167677 401.04445225237356
231.90071909074712 885.6002530695871
539.9704978023159 102.03334731668093
117.4231305815026 228.47698893044938
947.8580798603818 735.3529327535354
879.5088639038332 768.1617831921726
885.3525014423244 446.0079906917353
670.4010089214153 886.7569511376981
816.8716851468856 452.09109246663405
163.15184062786932 51.05813226847552
124.36233046814871 977.141276527428
673.518974834735 485.23513005781814
313.7359631976766 535.0519420998369
65.46280523431265 481.4783694349988
740.6055314859038 308.9782254945762
493.4655153632311 732.1916807141982
322.3965080681632 372.1209227255805
556.2437422497279 158.4702200050089
726.4817851758986 613.0470160492434
688.4300488591634 680.0935658100018
172.35798446032948 641.1506881397938
621.1844377257497 939.795166995821
36.11810292908333 365.3216422381349
51.12362442733128 954.4745707660715
938.7666693520049 325.7810172013154
673.8258188613726 827.5984842931143
755.6822575612638 656.0275884750899
833.3635937135729 928.9199324722225
523.6430637497491 406.89205838719585
76.19586964740948 788.7519534901916
247.85247976600348 853.5172725610482
272.9848091068401 146.72294862939088
296.39933273143015 598.3984055570951
518.4610413613972 358.88331391457024
857.2247443084633 577.1050776514074
913.0890799552576 798.4313902686831
417.5729451216634 952.5789896698594
120.54758483014585 678.812789345715
825.7728601104807 576.596046901385
630.8066603236803 182.77310221096138
589.8811619676536 132.79479203732396
728.4751077108843 483.128694131898
885.2203039416164 308.4312312217575
747.7986523055848 163.1860772796564
667.5661535959296 384.70586818098036
871.9095427907087 849.9356065386821
239.99241067514328 361.83100688223385
436.71694013484034 506.42482126021457
877.5688174989714 385.00056998140275
695.2778332126229 931.3734815347566
789.6527907597908 975.1558428436466
490.648059371149 23.94894960737937
402.58801168337925 360.2161325108501
470.95732940677505 590.755244171945
387.25942165053056 744.5080038479991
637.9168033532554 875.0201694848886
191.0319089376918 748.6721623805969
296.1777788135757 441.14402590824056
916.8089815378297 146.07561027804945
226.40896414708706 103.5973476374001
836.9386143770139 901.3931651283536
395.08202890531686 980.5815345507762
754.7433113433812 371.0060850446116
730.542533586954 81.87805550400641
761.3380746709737 555.5107102329342
296.15941324177004 295.7513343779951
722.3246277632421 806.9472202044519
563.7533681450811 592.9127438856766
826.6801881370357 803.9751383285567
81.88324168589398 606.8146039092301
452.8811219896555 562.3914229980253
515.5060268425025 585.7407568393382
410.0475499619552 45.86739241233426
255.571902724464 655.6774099450923
722.2025816369487 396.4563802592508
852.886879548141 404.7444725555585
937.2313147803796 113.9561974542108
589.5164963303118 817.8276577117672
389.6193078207542 455.3236915691612
920.2569035679315 760.8986895229763
916.4145584515929 612.7149567532751
223.03461054509393 335.3323830204819
797.2614602431942 723.0276273460166
20.79526592302325 597.0480619721625
249.7745045047403 427.9802465812552
219.51169377971704 719.1188813283849
555.0312040484437 57.959336259964545
412.30914079205047 854.7870376265565
160.58378902684336 834.9505345466105
92.0492585205781 114.53437780433346
491.5436583684377 670.7357170529684
178.45563058572606 879.2453675824047
45.61728314818404 797.938159006602
500.1951115666472 216.41923840058652
32.07592105324453 743.0886206031196
128.540047030728 88.10071439631871
154.6452125693756 662.8845217183755
169.16556440932808 251.7776989544303
