objects
735.3870618162574 163.01782726069024
91.70273859894671 181.44764710654687
439.9576479862234 171.89446251567787
75.32767651869807 19.664335160127063
508.5590234890307 344.2953596169153
478.66577160321754 524.9543610194162
863.867448224096 725.9134778349859
104.38652266670353 718.4905380827504
498.14278868921053 23.585063163406982
228.7216915634505 861.5990389322803
374.03329274751627 902.2211298668556
498.51390983274683 452.68702046387824
462.0138266478163 972.1960497729325
528.6321395419761 937.6381254184196
669.9444357613061 366.08452796717444
455.72821506249437 693.4011498282506
304.18840682358575 267.25192693823493
307.00140388235144 311.4153411987698
234.36803643982395 732.542189601894
681.0690625440371 562.2017949913953
94.97308256331858 983.6143025367572
892.9543063809972 947.4995618961968
675.9761691690928 786.1819299516513
350.147285494798 827.7707420961226
887.1769933040721 750.2037006690364
173.23031092869994 273.4105635090758
919.437639117989 692.364186973469
399.6352732814203 614.9929641687488
782.001362454614 478.05780175137363
696.184571440817 945.1639576765127
599.2166870420962 214.54743177922703
185.13775116629674 113.81564884208846
832.2153517015556 471.5397868684046
537.6378769861572 249.84617793510867
332.6068268768883 49.295904668093065
559.6914222746695 26.832040716157984
843.622872019447 916.017731367392
665.4631985024159 274.9483255733196
204.35329543486543 811.1859347821625
157.20275758971323 672.8689155578923
697.7169942511565 207.9126074241458
418.53307164996386 411.65411608097685
299.63094017171 578.5054674913994
148.63423032045722 240.88323052328818
924.9163448244199 581.5762679317721
247.19198829442118 567.6197527946764
617.1070672371219 245.58398111533296
689.1542424330728 863.7972070221862
777.3499724062701 444.5815026172126
406.3087033782376 186.27990369509573
758.681992179439 729.6616024206348
556.6754505777062 216.15613545835055
190.9124416010842 180.27164444868953
834.5385345850412 86.13953301253291
336.1350371660289 878.3478291383325
85.60273299141704 877.2706692250208
591.808192295478 925.6504756020261
59.35598899289492 648.3959940266398
530.6174512172767 795.2045850520211
906.0411815000964 61.92751688401893
164.3956671187519 404.04474372438403
252.42020060931054 477.01337296914267
927.0677163163023 883.499703170549
168.32790097921963 931.6773552059167
64.91055688094067 487.911435431832
76.08643497278639 690.3542151569238
909.2464686436109 238.29441444145053
759.7274954618 592.4970213704283
820.4044533544679 438.9246910586167
719.1281363904212 490.0911693566746
389.609422198897 736.0817586698957
773.1847564852766 192.97717529743403
840.5844284039922 749.8050846261109
202.7076909526332 917.2707878744804
224.15372728878324 889.6186611091304
923.1565243801049 779.3086696700993
668.036982681412 529.7667409223055
887.5569060404623 520.0830685213026
593.8122390948257 320.7804437566601
92.4310139197269 526.0999733196815
546.5814846930139 96.54811199523077
887.5265256428229 463.75777225625956
221.2937439277913 976.3689130908708
933.1425750132433 203.05712495155962
911.3489615081112 141.77298043057885
950.9036384326677 50.044281168231706
384.71610023439706 144.751350632645
430.4762931015206 63.856238706017905
145.64099467168367 520.5137229768169
357.50805980570516 127.70229154023316
792.006666267398 383.628449933337
509.97320636384654 716.6488974165566
933.3579209506563 839.1648454106261
804.7571354325714 650.9760899784994
327.0189704229772 133.58124609214227
848.5048671534892 566.8271074958097
328.2920184687905 520.6724199531484
199.51810993310045 306.57319538623767
85.6283052557361 835.1280019271421
802.7858002222443 275.80326161659514
360.35805026028163 418.3315525981105
346.02803963939755 747.5237732422396
544.6714661149332 540.9871818715563
858.4252048842546 837.3938415677927
783.5973779313517 943.4288146555076
574.4509771442268 765.6887688810754
103.59737443227846 339.6349507284828
581.7504232888882 860.098005094402
84.59304701583275 279.74236262384903
854.7129694611068 26.185427364736125
288.3857031870402 830.9315784093899
620.6997360384944 758.3870871847699
495.6195109400469 213.94857829105067
655.6500242167566 22.23916384226356
318.58399214857496 984.7062180418937
646.7175447561892 295.6262210966766
244.78017474745337 114.242713956763
950.4825358974957 523.9324301561838
301.86377666961687 235.0998627689862
747.1248008295728 449.0715277892998
490.1702945564611 778.5470460708235
712.1212820219944 812.73554939566
323.0042708459513 18.81489928661675
696.2312713115444 28.1850924263003
19.336205579839927 363.6859749629686
512.822054302919 301.3942943982694
316.1336374528807 813.9529400420897
299.9575885310101 671.3034307901244
571.1879839979345 491.3392409423976
155.00863363748715 358.5171248020948
643.5081512667527 675.6653615437315
967.8839452859396 418.67591660324985
682.9666948563691 335.75935800621767
516.9231092251808 766.2726207232269
625.2248321249305 944.4537320437149
257.5566666937337 205.36982987768607
541.783453693355 663.4827790811959
961.0831420783703 814.410897789133
232.09393321407376 634.0758452522089
633.8974880390286 531.5409386837202
140.49681509864973 623.1250293996143
21.650274675085424 981.9746237298218
590.5532240487242 591.8291362485514
379.9885330057067 73.45036824206973
645.5137616030776 472.69267064779575
187.96540907866634 650.1421318767711
752.631369099826 236.32803942046846
255.85389328107874 233.74941846723337
441.04979534258126 560.9310613131415
498.5709124164884 571.9740639669252
887.3385701744926 415.7977653524147
688.9976140137624 633.6863995753281
380.7302280995214 837.9752613792979
586.5826367123985 638.2667641484337
35.833675344536374 409.63565062846703
934.6098636072296 114.03402096360969
249.7808917981786 972.8100790220968
34.64308823528058 53.93391709501552
442.3124961354808 383.90231733671413
447.64531153888385 415.916895532155
