objects
127.10993114029328 562.2231403487514
301.29382156666657 957.6836118116399
805.7153571799836 188.119867713572
745.558651659837 947.349129748302
165.70121218625195 69.30678877689434
121.54613370660444 410.47826081004075
384.1388353374933 733.7054918861057
313.8543186783832 708.3471853748239
625.6121784425193 717.3306016557311
235.41958137032992 697.813754098145
232.66046226984625 17.12618451435862
420.9330006311334 238.74210893067743
213.03972897632332 103.03463433997707
564.3312714893269 712.8716243445845
972.9073987517381 195.75799255748325
348.02392318665676 441.04192385031877
513.4084480445987 331.8621836337152
482.92896683799495 39.89998759190378
288.4778334218333 203.7248090770021
767.2823007296449 203.0808010927687
846.6533098127366 463.214807983297
178.5159632508747 473.7723399730366
496.12832813331295 436.21250502359425
931.4350174057132 798.8433989867706
44.05673449287891 577.9516320594245
904.3500784772197 263.57858935941397
610.4069688860483 103.44417366737599
80.37442848787016 832.4299665918458
440.5935951576933 182.0977514641533
267.26964390662124 105.12058948687104
166.97831744912642 173.9007884955071
58.23282780668222 388.8324919012366
904.0767597922196 706.1779683850328
491.57244122017084 500.1688295350066
859.1171941622688 123.0995393246148
778.9052453718734 41.09483227083461
823.5673228369805 161.11577084301356
432.9632974578723 811.80496600258
805.456556866445 379.3095975773309
527.9264768267832 27.360905864869476
647.2112733301669 399.4347088366223
966.9687559775083 326.0160957002558
868.897066267054 981.4412520374
618.9642974527983 684.9976060662132
856.5888453714872 854.0188839170523
405.6008567284626 964.4057733817402
241.7218284720327 806.3355088841153
675.714028888121 363.51717732336806
23.48906538905053 506.90339244751283
949.6644847351279 677.4733021969959
923.9710777479904 456.4018429264636
45.940454373932155 740.4287013499994
91.34671523986837 374.0066197384166
442.6437022921271 480.0251323263916
69.40114384912009 269.57295812424996
647.7091439495146 596.6584904360894
270.4388432748834 156.29178080482475
744.6856714379298 661.8725480038984
872.7032814224568 570.0906737780632
790.3494872333503 490.3106408630727
698.4824627831706 624.6409936119211
922.7315340736383 41.838851214861045
857.5650675752553 38.90330158270899
780.1322169411737 139.52134420837504
716.7078909748824 223.9696888108324
882.9709361919774 198.99193847690995
916.9177973784881 903.8384262117382
329.31601213051835 867.2306860430527
308.40935040794295 769.4866295872237
395.65215002210755 51.56237313784448
650.4481099468977 929.9700616366757
677.5019462141571 839.8054961669343
864.7409639968499 640.384950160387
673.0367287261888 37.37594919359667
811.3382589715653 812.0595512197556
924.8802406705731 374.23454066349154
849.8911651425932 934.8300270789832
30.71972643281387 789.6034757546947
300.3573713713419 122.13954666836032
608.0686678934175 758.6889554678271
692.0067345183288 526.0614609404781
778.4818396434699 847.2574400518295
681.46653397816 406.0183495455564
709.5773303721113 841.5962743014197
773.8020317139731 312.8285093616442
199.08350476906338 297.3248489592194
84.76929576408575 594.7586262168195
143.93328818737626 941.3203941349108
443.20694743508915 586.4464438652716
928.5094807728108 846.3637478352392
645.4665329792024 560.7757390831248
363.4888866535642 700.9986070720579
313.0615724764335 44.722021275477125
317.6343362422326 432.9356496317279
307.5979474834972 586.6437652963067
204.18214722951603 557.731773663485
248.74212678070788 324.0333221334289
776.9072968855024 552.5035062216278
48.46649516424919 653.1246815905215
848.5906822466865 283.33670693014216
339.11058930007766 192.51565068166528
516.9895977073694 234.57487015174368
223.50523588375674 727.5377866704323
110.513629320268 786.0814013463122
981.995827943331 122.22720948027063
98.81526829600867 343.6544418073407
96.77718727697966 879.4261541133493
468.4867485588138 771.4124085325756
157.24848185254638 612.9760313409736
262.1114039434033 666.1015463646768
412.61190614733164 758.5440647859647
204.03524512005293 39.9051253342158
169.08838799426 115.42006011985775
978.411278151441 536.1839404916066
429.29342244407235 450.43642297223454
509.55058219949154 646.2963227484174
483.6625138237262 403.40827211587896
59.69920550402881 57.663997237193406
165.61565394513255 22.11750005745301
433.4589115251412 630.1997795077243
928.0310598178797 569.4772468148248
17.533061812942478 308.6032419720867
31.414563333723564 475.4860352579661
982.3155497089892 637.2818719927274
267.6793487359447 551.2502907415067
431.4773158484532 295.41120805607284
440.38993275393 734.2098308459659
714.5479327899205 951.1404051266095
977.9836332640084 599.7929558701437
858.6909006264439 366.9073109713495
110.07172031779503 932.6054991288826
85.7175932931084 152.90274902893754
701.0925280819688 481.52994897661233
591.9490729488936 926.5172421265135
596.711756621104 642.9430223219417
667.5592343308796 214.23764062376137
294.02829170066104 906.5063550747985
956.5815304358698 415.68576320201055
609.175857531568 438.73417768741024
413.20191443491996 674.6554711009417
14.201224507536049 762.1191380768378
608.3033269810543 468.42745132300655
508.8398618359714 779.2192675563872
793.4351989162927 909.6929285994972
283.25219237475363 265.6676270868144
925.6853226739273 499.3578982186065
701.7637065860839 105.33937916036697
451.02660697968975 700.5596382801994
433.74787546406594 553.7200353020252
48.283354062402836 308.2802225438355
397.4105226887917 320.45297025134744
295.4139370957474 736.6647749867802
113.62782466482346 640.5432367888257
127.00760250766484 858.2698008706898
349.7154191572959 973.2785239227818
218.54917280202326 395.21407077370446
647.0536322182779 501.19536840771815
590.7989853313461 353.41740096818046
748.7556308721602 280.4500276254133
315.8808570284562 85.7286085405056
