objects
534.6941449836103 624.2588368483575
819.461684222878 899.0963649759448
555.0912124308121 888.9534267885067
512.8958156193418 529.1723775883597
123.08840343993425 502.23151452053673
38.20805717135858 381.37232676931626
411.5542358160336 614.816993526763
792.3564027146417 373.76364802179717
744.1518201528851 433.7382014263235
898.7417174571704 867.5993756001877
700.4652423069816 821.7003777727688
521.1917848603003 688.8973229593122
219.2809910937121 748.3345108427836
287.81056492220364 601.5772489049085
654.007967359961 716.8898502641838
398.0610468584073 751.2095350914594
802.5441061542465 422.55050750775445
168.36261121212723 862.5073995373368
388.6524284727277 102.96215851976967
636.7147288140418 319.48895585869457
431.60910328926764 329.3060366798436
897.8456204556536 532.9918041349509
775.7123922017278 482.12402693957006
337.29620582636255 780.9931823281922
840.3492386117847 680.5188137202648
511.67407672101774 145.2201551839127
843.858383405734 331.46662328482705
773.0171329875513 869.8646896467731
117.9201138700858 272.76927435587606
718.3052619815679 705.0213088989485
323.6765488152548 342.538963378757
389.0476424415806 26.91458534655529
505.78566742530415 970.8854271514731
388.4585541418802 448.7030956113564
318.1126328649359 713.6665644937228
205.0701665985626 436.64933931214
310.72520620867624 253.580280983222
110.06714267065468 334.4475113422062
107.19051525399024 694.617271038706
212.15479718203179 933.5181956566677
448.65494215507397 947.0198457884923
263.6052356939727 557.2384295134814
694.4055040434738 166.34499318141448
636.3654405068532 590.4892422823309
709.5602487627532 545.9059535094242
858.8529455965976 154.28470654153892
955.8373092377118 904.9063389693343
64.60250829675495 879.8333832174668
853.8960154364376 89.58231639678637
170.26022538727867 341.6427037617368
221.79176829555382 876.4188587782421
463.32793303145854 409.891736590944
190.24869136410564 701.5448950649206
256.30666226176015 81.90040918837829
455.2267676136398 793.6445843510501
568.8589391118206 574.7685409477234
669.5079580875783 927.1076280666383
759.1297145122071 944.6825699772539
356.7394499171918 378.553222536636
219.74891425378087 820.9473860345407
522.9458425324912 838.4040231238282
828.0785845330505 190.99697512278104
442.1295492996327 566.7934140056182
669.7088427119527 115.52548858321201
324.0438264244475 206.7782184706968
24.50563632035122 918.055227995471
61.16705122937913 289.03103474361933
102.69995082720885 847.6008835839838
525.1550611259756 372.10796130559186
97.82205289294878 929.5031657899871
200.00433565760926 386.8199981790681
59.24142647208466 174.00785451749977
615.2823957090958 445.25330159179896
93.54730918996731 389.1991328659283
291.30318982898257 500.21158983969906
337.91251903154625 532.9696081323646
424.75244659040516 689.8805297881801
91.58526024911765 467.31502174619413
108.56660802512934 93.5724910492909
778.1235473091707 108.98351647004567
133.5513454517485 571.4827341869739
442.258681742995 153.17665173186683
156.9264946006218 450.77908913969077
810.872022933452 635.4730573638777
164.98501183021625 265.55353281103856
42.95872300443317 455.61064525470226
494.1521111112828 911.6975384219547
704.7688833961035 213.1024639086056
287.20442769111094 436.7090291854888
628.5698890415521 63.97775785372348
372.97165640194635 656.0531483058937
256.61313103946566 716.8270337498489
564.9671538632596 345.6422676545801
404.50915679907257 522.541783368017
905.0769984501555 189.5880843379331
262.28965747938764 155.4376926291686
568.9548205491636 34.85360359180062
777.7244494831422 297.6890889812246
576.10059039082 91.52546628418187
685.4718162018571 613.6005638742109
566.6158767390068 422.9575896601658
690.8899446475492 31.862723329481586
509.556874692261 209.80374739024333
490.2293990093257 745.4947692811077
782.7686728246304 816.711286407552
361.46422211081847 610.0043469707464
121.18724434697118 150.6094202862381
633.0485621357985 499.3067734581401
517.710817603643 459.9345012650498
792.4281709813578 62.44235897865799
197.1349137311221 644.8446250223357
136.17514017457097 795.685097417072
28.492520636606823 45.47360588248753
280.0179468488665 927.60399792644
310.71449857770233 151.78065846392212
120.27237597473953 24.73005415862678
539.9379108152459 755.6148175533265
236.2300357338089 609.4106426965753
928.4547988639112 622.497493126968
840.5086699844094 848.0560749625147
285.68516129481134 841.5025255693448
721.5111985001995 294.20019460195795
66.52140415265299 555.3667698449019
362.936678073812 261.79847512293736
127.69506635999467 214.3552637887672
944.7484459555498 561.5430123367956
78.02723424323375 766.3769601746823
731.4324764523292 896.8803216059109
609.1318773391913 650.6794111044954
654.5045260763596 830.4108535380699
740.4408594157538 30.886022214319325
920.7857862028194 97.44513770286169
581.9818033898216 968.221860771992
435.2171732248722 243.4575714043639
953.083521005479 240.95152965653335
469.41265738573907 632.788142139932
780.8639277994018 241.0571473255113
314.15916605649204 45.65787813151195
971.3599707961973 473.1887291412485
841.4893522329336 798.2802392936288
890.395623808882 963.7566384955285
111.27554512528073 627.5089057211801
167.55381457584375 83.16072643797595
761.4924189836138 183.64550949844258
26.038122093204407 254.156285382585
427.5346481067485 853.3636706231631
596.8425059229254 135.45055131259718
492.04934000489425 324.3476613784974
836.515494484709 584.5567307907997
930.9870195903034 808.0808770723694
574.6896789806734 511.80878727679465
346.50158847326793 950.9317682654003
74.43365667402921 223.2655377481586
896.3882681323205 761.9594655405967
873.7288103877477 240.3480660833825
292.1621898943189 387.3344035599828
702.3713029726187 499.6470601935854
776.919229906001 555.6598295899202
606.6697926145141 867.1820549826094
236.04592132371872 481.56170194782055
755.4629181287784 632.6458919671313
907.7628193104665 668.5254514155563
628.251964480488 373.13504820242406
884.8918612492239 47.238691208197935
210.18316225678197 313.6794655657495
