objects
308.62882882921065 559.1341657879702
134.1826555854462 586.7213664917413
692.8354312540667 726.5944605930099
180.23764379154377 509.86315570669296
971.1061393774037 303.56484919492084
193.9824598038734 426.7125273447432
469.12355351931353 160.89359114265474
371.2185120219194 276.521328663217
941.3494807609396 538.7187795561351
311.27420712925834 672.5098175862566
174.62520597855524 885.1358693641682
172.05782258749102 28.227095181767375
778.945843225864 372.30842063521914
759.2685257566179 279.4673153599143
477.7004558346878 620.0429770502298
515.2004916556824 65.53782044156587
535.3095926343883 959.4103902316987
566.3847272421087 296.58349658335203
53.07487007325513 714.5009618161429
319.59050013953095 507.0949128269157
221.18839597927175 686.0600067126708
901.6153823928504 961.5955441753005
474.52865124514915 385.9244359833939
202.91459150060328 835.3455998279618
335.73206525484613 72.57837765507008
79.79458944535232 873.2043476280433
377.8667859239813 496.99689886664476
912.4396840695449 386.75148458227136
120.36405311321563 367.1419895285951
755.3463909681301 76.49498938785175
631.6395611572053 395.334503619359
591.6518618399812 886.5052701155427
283.42226599698074 819.0868886402626
273.4068467092444 716.9372117634213
826.301203822507 780.1998259057647
32.894617346932016 866.1556580781713
587.5630738947738 619.9988092692053
822.2878531944987 393.64547131500217
685.792904183936 945.5150272761858
230.29218252545013 94.75170992297298
197.00135085140468 927.8357821394284
702.6803214527009 643.9904490090155
892.9526632431256 34.26028043494692
134.25939802948102 955.8674280899403
684.424387431353 441.74071923391784
191.35535514084128 782.1603327597387
132.0565465641639 722.8162722726244
350.896621405005 184.21880402072952
224.6407911917381 171.2464020042109
889.8359634140402 318.34550169649754
729.308570295744 471.6349386308351
714.1776114695297 784.3540662611633
178.83883613382932 319.60469986424744
841.3563008721744 495.1626321691821
33.74462838759807 444.494837527693
683.6370920523461 47.582149226073696
282.3498659249168 615.6828752851127
326.5684872456426 929.3858596793077
38.916417747051874 128.99760334135226
413.892874658006 87.69475482892608
135.51595735980953 430.34180010299553
253.5765757145984 874.3758481074415
908.2228047872893 728.6880857076156
855.7609891843132 846.2992067519331
456.9588330517463 478.3691108004874
368.82771588673836 26.272374430777127
79.37119909050543 415.37327178740827
577.1234641534436 129.64947793253927
589.8595754584812 484.63305019541906
637.9961777078863 607.8048138565749
496.5309584822329 771.0830292906578
114.67077606877169 108.30932872454389
745.952702927609 848.3895763986569
408.01634656137435 189.3239242349244
468.19312966223754 317.4081601427574
817.8254164222533 109.63983437492817
51.54096155576488 185.1125780041074
363.59511818008616 629.2258143207001
132.40264783108753 255.06281216647585
706.3847111237708 385.6420090131785
488.3782471378174 558.3498322566716
25.32286084570954 935.8281441263848
216.78821651610755 250.8552109765095
781.0724917744154 954.7210710320718
578.4053075910592 752.6523919388932
557.4807589374269 375.0592305069066
803.5009806527893 44.00360199502802
478.7528792757761 697.3440585646714
174.4882857064311 99.00657917817023
334.60681302087505 850.6216178626139
523.1253351956949 843.4114725258632
58.61561560167865 258.9261533038007
578.0171685219036 697.0143550116767
350.45667157242485 324.9795346583094
105.34954911383073 526.8359058956734
973.3993496261825 82.85640673972176
937.2719496777328 658.9156238582831
99.27912353649985 27.596098208675418
514.3247231487226 413.83407331715034
128.11777177602494 818.015151319025
355.3452709488007 382.67924430887274
360.4502326405009 547.1610818034886
706.8510323176782 328.6905746070487
426.64799663006 697.6213877712894
413.92032301121515 844.1166165056061
975.9212982427048 872.3151477647772
536.6363097866766 888.3679281035339
953.2793010116344 167.63286551568123
449.34288047413645 741.8333770553013
854.3075200265256 234.48017093506405
808.9494343138401 841.2435812358324
900.5918605046052 124.3827376900384
873.1224154380731 793.7034351503981
262.5033740358208 291.6305110251392
744.1611726038501 921.8727497502014
687.159537394294 865.1583539482872
29.53649804339371 296.35980454376
232.32474827058422 585.5694087564427
259.33348977530954 776.611371403521
882.5695335890388 543.9245121108949
187.96529293550378 726.9558631475675
719.7498212269167 109.00956808808868
67.56880745248108 335.6764848190568
889.702264606227 653.7685685966718
27.968183127813795 605.646776335129
640.3340381476634 898.3572453722514
800.5856336234691 558.3788981256669
128.91446873957022 318.0176658998746
871.9810763926687 608.0509127670505
947.4574809349033 352.23863076512794
410.2416011196889 949.8673541740364
256.6003712836229 210.4326660763532
621.8877850813494 295.46913723844784
307.11370850786864 422.37010385438566
37.22832983347132 499.0112406904425
180.70246928210375 559.3631475223781
557.1792884206295 35.77728082496937
235.04854168380095 960.0615405137837
970.6227672061467 779.4958249262354
656.1179192691186 203.26666708669342
83.32783458132921 975.7913491237327
886.6627125339899 457.2132406808714
824.3842193305067 192.45108160111863
562.1422667001403 561.6721590670338
172.94391279789022 635.0580566712283
785.8662376038847 743.9650757650115
793.9645395286872 321.35533600342217
382.90237133734297 880.0512042145637
119.92396053727259 208.5413378381804
650.2610670876866 675.0735407988117
744.90834007161 426.82924690194295
406.0446918079132 652.956408677305
71.21874311942474 776.5433486657638
628.3585185047291 851.6189687300471
411.25010454947835 605.27973986818
61.758479079570975 660.6924561189655
304.67706532110265 143.15144036920034
285.8386137550043 41.81008489552897
533.8406957987027 233.25234104786762
670.9180656549345 114.25365728039333
957.9247928023199 960.1195778881804
460.01697483870896 234.7644765672092
352.0734240588189 445.6740868026868
687.6109570124694 585.4915132093171
631.3206986428999 953.6579845260216
