objects
406.91720726334523 555.8157611509293
537.6760762559014 675.478462516697
116.95240436399695 700.5754173813003
571.4216855421241 778.0830413417291
297.8557333168558 572.2128377547558
849.6898159575584 760.3112830272638
363.8483469342327 431.0260654701082
700.9638427747332 816.0209083820116
867.8047998759429 176.01759258136335
612.5000405834188 610.3593118100856
179.88304802780016 384.27585816573816
204.01705905054772 228.81749674395428
461.42882327614655 370.1435881189671
737.3987998691089 648.6874776390756
81.5683113695433 499.1805442759606
