objects
379.88017394698477 938.2279308280366
885.766309404563 67.96240771175678
284.84241528317693 634.4101107434067
669.6412795646552 387.03755588827096
750.9656150515004 593.3195717932832
938.0834172347611 913.2904059569772
604.6229467733913 306.6137304377018
893.8614181034388 387.61299718177844
603.2884784772818 473.57974927011406
653.229140923756 595.41864860447
623.3364478385935 62.70882332159821
100.86915831459187 87.70059605975693
149.7163078900716 457.52822169188903
183.89547326520633 159.761414295626
282.2373387781579 940.2692682044421
