objects
832.2408439273169 65.52369345395803
736.7638943038945 927.2682558628164
164.35492370497485 331.10213738624975
521.0743782809262 96.66847103859814
409.83599183861133 808.0451954099531
140.90176580678704 682.7225460690851
895.5044804513348 716.3183442356127
856.9301251609365 511.37202550240823
863.4688000154426 853.146266807045
157.4103353228969 169.5549643212319
709.2654764452012 663.8668277696171
252.0044707612877 387.12800123456753
67.86161073986241 336.47311048311593
653.2950738955826 772.2934563113461
401.60592779159737 504.9730928999418
