objects
167.09053060792615 91.82023148045556
766.1563205539911 250.94533522490957
857.9824102560867 86.56881170022167
530.4222631763554 905.0878604559381
702.8078059557904 658.3405681848499
417.21033926653143 150.07723177417674
311.25100005294695 764.7876969754342
618.8229536968471 134.32460700739173
609.092002348666 358.19794160328127
906.1599435639531 904.5174920382798
330.7930173034534 348.17189876899914
901.228041943172 529.819305346911
473.29730527438545 360.5705552228665
284.49201824259023 927.115985049425
394.98268925149796 657.5461163497171
104.3545194890803 716.5932102553048
81.46443167265596 388.49177294845697
868.8011929190845 236.68514051560527
290.2258368803965 99.07305017780239
582.6079166135536 550.094645810382
724.206765344081 366.59990145180865
100.07889800259218 505.4039677142198
782.2855731408748 549.6781221380477
165.5628795812084 321.91609193572236
459.53842240897916 484.82373129120396
123.91685203787063 942.3415447928305
920.5432083895206 338.5791004639414
238.73788650571603 459.1026449049946
930.166189661473 677.7008616114721
714.9807178360553 785.4310428572612
596.7285918543415 665.7441890231061
682.4996517033998 481.77557215874043
721.8916194362256 89.0122748224949
783.1958326673557 886.4944900808268
297.2086319881056 237.78738207189588
295.71691882987864 587.209207156448
537.5230911957617 69.42759163365493
654.326121615704 935.9936271607239
206.36514157047313 852.2655665026772
594.4232121069277 801.477595777447
435.0454070305688 798.1173242740356
831.6122016298933 767.8800525858725
93.62292392039731 843.1356410361892
224.39675578687763 680.0699451367112
503.3302375232784 236.6635165512141
