objects
526.6452835020184 284.7410935087733
538.6348207232392 591.4131302155383
800.5423716989172 724.5974307036062
240.88593027807852 225.18696306764386
663.16802401592 544.1422687512294
680.8011374971308 862.5719508786237
763.6572308080785 587.265778494863
686.9635421469369 703.0608833001334
101.67403828773644 335.860113576993
860.8720929702914 217.1334742950511
541.6055961167126 790.2618447948387
770.3182077174251 943.9722300000739
213.00872363065662 904.1249592141596
315.7763656471746 683.9640790514256
319.8576666297869 514.8817338353919
883.5331625168751 595.8054827242071
710.135423737926 381.42327041228367
828.3068076131317 102.15437861426437
580.3336018582377 134.98789960537138
385.51668979171905 933.7936491756769
479.4751777067191 464.9076555727834
603.958248260342 382.5671453473044
378.89028249474495 817.5325372280743
808.0698799783062 830.1109601289645
887.5344734568921 932.7099702731867
905.7820914704901 420.8417764104118
172.74672158971057 504.0796854000235
207.63823215935537 72.19849562082774
227.30819358002424 621.0158351554763
912.9334033476357 805.9765281699326
91.97243044937602 738.3423664166149
471.783564140075 54.72802198903544
538.99089845997 899.5395057347489
68.98781659125427 915.829225778276
59.49452581210866 498.13117432731843
202.09733366059396 758.5317483278426
714.2411323304508 150.1160966693526
468.4287536283771 712.111017697565
368.6281210179726 82.04660341429019
463.36026551010536 198.1394560256605
907.9037466267532 697.6820534594721
92.13029231035895 605.5938885792674
97.47179341012722 145.18129568994235
456.9162124836379 363.1120783006642
364.723753704401 233.82079448513917
