objects
606.1898501884867 925.0073242382953
177.7162965490362 527.8424338551553
62.60756890041298 663.3406009392113
404.6467575634068 195.51162105795729
503.41952839456576 782.30555221345
499.23180467452204 145.81441712210665
141.26985370612405 889.5252182124018
56.14613357266877 478.06114794495073
258.5183721003188 707.3235737538002
877.5172455756876 330.9435937381242
894.1061638407267 587.1761841443716
372.6965465487733 866.9349602829512
501.46702615373255 540.3831392931941
755.1994963371538 220.99488570010126
85.4888364617436 64.93936048647464
408.08092274939327 324.39485883327427
341.61438108671064 639.4381847438153
937.8498336131544 897.2537088090535
596.4726872026181 340.41908954929283
477.1948598192614 932.8139145867718
264.1598641412053 166.4793746675644
398.2354418945021 74.70927310578938
826.3001021422328 467.84434813497506
679.2961484572348 135.91263766216775
230.89969761600204 402.9601165559458
756.5493471353777 730.8537597417597
592.0527853611613 453.3105721537962
131.0454735385522 165.86945667137041
731.587919950822 927.056426072164
610.4388970036708 809.1304151145447
924.8370856233415 429.00816810361164
415.90973153848665 466.17251194983675
905.8067376288326 182.7030175017855
78.70705219983651 794.5657089126432
675.9534847595924 656.2811794595084
468.9388683550917 665.6347342843787
761.948360641291 61.30863289981542
871.4821698189779 76.32112262103317
195.5725078818478 75.77736987121841
115.07614834734531 276.2496780096333
253.60387106932777 872.358829567727
651.1589852974872 548.5418524598425
599.7945896734374 222.51379883303508
225.110969576534 286.4626404786432
883.4173774370139 766.6692281696357
