objects
812.2180464480307 680.6295704643923
514.0413132725021 297.1406920784072
930.2179025130921 101.32272087177759
64.34272325650505 666.9983530264598
864.6627480039115 573.878759174806
700.2299771977517 484.1261676728499
437.78985485213707 721.7028333146366
154.75768705477145 138.42837506760276
922.2670763623004 917.7445252728086
549.3369969347048 678.9099355672695
57.937166048898725 890.3739855831445
322.72525198363013 495.29543914516074
765.7619569297306 805.3844328880357
272.103618788337 876.9037773567333
310.0200316974513 746.4172075842171
805.7298560787754 67.08221618142824
926.4357158315665 727.3406840504688
810.1888346700769 917.2709739316937
582.2620013269574 382.58919703772875
914.1863543678772 302.59994971101383
318.32244227546175 265.8050344061711
425.68660898790046 457.18047924596476
467.04764798873526 924.8607156876703
671.3766501887823 934.6717838657256
187.54854775034718 613.1866299495451
708.7639965336815 138.6356520782395
594.8362531182489 191.67885641693377
428.81591659580937 134.61879817877306
671.903405280419 688.9134235286535
673.9192985610454 295.832686771892
85.68617141309193 261.2681437407286
119.97023716703424 503.83857551214396
236.58309672836236 54.17883851633769
776.8593190363752 380.7823986545678
472.95282012934337 604.2584041189604
235.4837559807794 349.0343446961376
663.2501007168188 826.4460389426832
812.3656237402995 228.69025898719187
598.2525270670733 556.5129574166882
402.13156271474304 338.6709795864979
163.06000447687 826.3303542559477
209.10467956133968 239.20900482519235
54.18086176167442 72.96962920295071
526.9311170681498 813.8998086633635
62.188173316968275 412.43087490155756
