objects
838.3953181952977 718.6379657225478
308.6596048779892 658.967737507164
644.7758342681961 549.1389733620802
313.7597574808046 364.68422904118074
157.6354616897509 482.03328103589536
788.7216682128706 130.51526133582095
625.0419229677794 439.3516045254984
426.9606631464391 719.0678676280838
79.88342107189331 851.5872619289433
805.0682184885882 944.1139494160819
828.505785994587 432.1849012474405
95.67780128049819 273.3003775844354
621.2910805630867 162.78770453483457
97.2694442102829 618.512426319977
740.3519435361834 830.6323169708011
358.9424303847111 117.4783313454081
644.3565127888804 677.4752678312168
499.8499947469183 140.81408409950623
554.7513710557876 313.9781421055433
261.79274021011986 238.78377946169272
940.5072871798588 279.6694553886554
161.68776726421893 745.5836867373563
226.62218320575667 834.926111442867
770.347724643247 612.5987167058273
657.4369876501204 919.8647185996188
932.2364319700052 617.6885321350185
692.2086836316322 349.8645716861423
395.3772901196803 219.2588717327917
391.81677866910013 433.1415720721082
438.381684892717 839.9956570995953
465.09156240811024 545.4875307845541
266.87135855897725 939.8247760274083
920.1582999824342 884.1211620174178
821.6069904096533 233.07346596143685
197.06533049342318 347.8350744766518
58.199152981848144 421.7699789651347
171.97041960935692 166.50384378573466
938.5705249762616 408.6473887814023
706.0233331466665 225.0492635879603
165.15890462751054 57.971643505398674
555.362248238032 937.7035630805375
566.298644420753 793.8674875587435
534.7591474311804 658.0148798829213
890.9577523353455 517.9804626139168
924.3767351950212 91.13216688987401
