objects
172.13192220914326 886.6864211581484
236.4594953806605 432.82982856528884
876.2577279354477 202.14771256871097
558.7292162794255 412.1930390685034
181.78721325350472 70.72473400068257
69.64291129646811 386.57295450471634
609.4820474340581 333.0736752462941
81.37824070896633 669.5764971526067
819.0743645944104 734.4430041914865
717.6035056980099 545.9682140430887
383.38443228761076 453.7264998837198
797.4614679360785 347.6706641054508
616.1394488286844 146.38198674159622
670.0222178372144 660.4265824076948
902.5743802265758 295.0001170703082
665.2826932452726 893.6263357082986
280.345807662351 792.4001049449334
851.1052967572748 104.13003508712967
151.6599019918783 540.6231830724761
289.2495800241447 176.23271455932593
288.3647334111435 695.531063979729
429.6393883595681 363.1434726185253
453.15701033805846 242.96918412240626
213.45523108997892 311.7237544885769
390.82556655579043 748.2641421293567
571.2619563137773 45.2554648195548
409.0313183128674 542.0334090447627
753.542907737789 658.675209136297
402.69431765584955 133.00002455080482
665.3943086724215 404.10933521830185
161.30990732161166 676.8607252940219
759.7146036004893 790.443665488054
905.2865909208003 799.2456665109067
549.9929826808005 795.5799450919147
216.77787105665223 221.4119398487354
612.5784481114104 585.5146143973905
774.5096545339314 182.03108136154006
546.8473337218646 526.3293029575779
249.69116641795563 542.3180180729349
57.406220705205996 130.87515418459802
