objects
835.392921398172 722.9985422966188
928.8450792180155 106.40938791461366
401.5395582718566 799.2134245169706
338.8988392481782 396.99250905551173
795.8923452872777 912.1393274093714
170.13783355361173 563.5251765691943
319.6640000895425 897.7483395071189
559.5698517739814 300.31129583526376
910.2639280454856 881.0949350622695
586.7128140124524 218.0109771158917
100.82990734179651 813.3613240452631
231.05118993666034 873.7285109079057
667.0135785327584 956.7000881858747
738.5752552552952 663.9747846938848
211.8473676650712 684.5360638873782
87.15562035718185 354.54755186006605
834.5254687752278 429.18125410031325
889.3011864298528 299.46850767607276
232.1634896010632 223.8023482437244
685.0955160673279 569.3358981064362
623.5176507480904 880.0973584417397
338.65927770540435 638.7138373976325
547.1744321679666 899.8410747331575
309.284165587818 273.19998150605466
82.2134303763389 562.9032029183223
817.7357720553568 628.8742493902822
311.9889371031028 491.9509976906499
939.3142032738107 485.8392647951338
707.9680805409216 233.9642409923535
676.4028618011994 478.7116410220311
948.7737536362015 185.26963776432248
67.0033985886141 133.57792575106316
499.0185653866939 547.9182615099003
554.7443177432558 124.68813600151805
442.32586415274943 141.75938043909727
647.0911473238958 750.7477862697177
818.1804121455004 169.39441432660902
182.13669761657692 954.633336728315
260.6990366569851 418.7023886750943
679.7481561491622 319.69962859055636
