objects
455.6402182053851 48.88351516887148
397.201147048643 222.81979598742666
258.361372426536 302.0365999467362
798.1835554355152 100.72649024718022
719.1447894751994 544.7722108719087
506.4600116221376 308.0160459602761
138.4699329754943 387.2424379025613
918.0493769095004 956.1270058050725
691.3344176351596 414.2520288723576
104.68411612250995 263.27533441605004
177.67781027368255 226.1741443193263
808.9027486467326 874.8303580181666
691.8796112004054 731.770024898869
518.9399758255255 620.4495472692295
868.0138034980898 151.47193189476056
241.1021254065674 143.4202007437422
812.2265923373541 237.20262964135546
841.7940572980729 796.698298694725
656.2654091915842 941.2288432109589
893.7635599321198 633.5053053067952
492.12145256567294 731.1979817280599
294.7397249284747 587.7476457855098
244.72332918252775 693.0464535148569
51.71739594906124 544.0717407574398
368.5389314607249 808.9839389774463
700.9681215030345 862.603869194857
140.69606927473575 952.6189655076857
724.5033614149644 62.72279912472203
853.9440425247212 438.32552953173507
222.80434068702283 440.0678428347201
338.6729065214613 85.07045920298698
685.0344867592884 151.94301104476563
498.75458857975514 181.24999936339984
428.48100873105994 297.82147345433765
451.7203805912918 501.9453157055869
760.9984227242358 638.2287293919478
176.17385520687762 574.372597258663
564.1038083487697 116.68225296119692
633.0234227260737 342.51580303465215
904.3996334815058 742.4708491182523
