objects
609.4714898532684 533.6797744501902
586.3967633254914 281.06288876074575
791.1367847342829 807.4794411548985
604.9054516000725 718.3884217190421
220.34575269544632 104.38335628844368
766.8440314205799 188.84432500701877
369.7413919976491 772.306301614922
257.63619127765196 593.6836809338105
73.26397940363296 564.0453865944397
425.5882121004064 199.5280001821647
458.652289625157 905.4262001663315
427.634922904281 383.3123017043208
901.189742478287 285.3892538656654
252.9627302540634 866.0407058219382
741.655077783493 589.352627022229
631.0974680046762 872.6628962870541
535.6655905424827 98.62991281484238
78.91161759520031 96.38726527127562
165.8657008759393 434.585948148626
454.2523009459103 524.209662046937
119.05414509253609 235.49258227094316
742.6112925563762 428.99090516895944
903.7263315743072 698.7014000165078
918.7718006603671 122.55212393184226
870.2879792579208 501.72582896335393
