objects
245.49504632117686 622.8946214533293
816.3716575182366 350.87566694548434
909.086109512729 628.733781759445
382.0338462094627 649.2555414876883
627.6788114668718 811.8327559424004
856.4495040985756 492.1932743826196
752.5716705658282 906.7675368648602
476.88215129615855 832.6298589670218
693.3164181215351 77.91291386822645
872.3414613844166 218.40054228113803
534.5469313450997 646.602216958774
160.0654654613041 80.11781797984091
405.24078533131194 254.58780571187904
74.23414193685255 367.51012781596444
713.1083075570764 447.72514254166117
927.3258129778633 885.9866629327706
214.64046275858323 221.7124347642485
506.1465671264335 158.1695140898762
433.05515944301544 436.8748730914974
229.64327454138513 428.4759365058625
251.82010526885892 875.7303283725853
633.9863368588859 231.22826640143728
337.5933310961939 112.97962356634378
87.83379183040132 515.7695132114665
685.220347342509 621.6672123996307
