objects
544.6268357805218 371.95764685652466
678.2383414771913 295.1923083759708
171.2147272293778 392.6024105651801
857.2759541800118 484.00250477403426
173.53012797816268 877.2842155486367
379.79673122399356 848.2494871389206
801.7078316943969 790.4002864674535
253.14229290966756 240.83400122467646
326.67435281627974 78.73735912214799
323.7216682287256 394.35620477266116
897.8846949469678 172.66137325834327
601.7804697254338 881.6932242091827
670.2964891367076 734.7500399364134
126.91612048465993 731.7814588577681
707.0797895883103 84.41098162943871
412.679340372944 257.6455473583917
706.3291599697293 514.8246181000213
290.3386420314223 736.1349281629521
148.1747608387579 538.1323094489966
106.17168755519694 176.90218730893838
566.6226564111839 205.38649095831263
908.8255404365028 890.6784625455485
515.531359448922 700.7625017849725
485.44495422761474 503.49571607762664
918.9229179761825 639.9022510659005
