objects
315.39157067957683 731.5962572833979
660.20361749325 696.7071540885709
767.2583839783463 370.2670654503884
419.44145173728975 556.9861901365913
582.2551126401994 816.367878412488
185.15383888730932 179.1685958444453
208.97067499337115 854.9317369015433
563.0476047020826 593.6697416214532
654.6056464976382 254.68862004620982
314.6047029524809 461.7673255675277
489.5989069956116 72.16467206597102
710.428925174037 550.3289926445193
758.7077312140367 891.6428771644587
175.58560695888548 322.36600994481546
451.0257701540328 384.15207130395345
129.47771244632276 673.8140074629918
389.8208645425658 855.9546842132795
927.0871320583622 569.1008440387892
897.3824371842627 707.4401233923866
856.7830251326507 263.02931447749506
716.6979726429801 119.66255086204544
895.0871182652677 427.8308183848694
254.3910812580508 604.9543850189707
105.00453369336202 501.8325713618401
346.397295095186 208.27806799724905
