objects
547.5345356884685 651.8099233988788
534.9154359494968 106.88289579899318
900.8819915850545 153.13388876879074
589.9990687785607 283.57225554978055
281.3725879616153 507.55176382251386
370.8295071886773 695.1405931746434
516.0066250285635 410.90996743711514
130.40546178908937 229.64204718192542
705.0855180292202 878.1159622444347
179.89217233972118 899.6310918685541
727.5627254136814 377.32634679006287
811.5499708366202 552.9877944278112
117.3214913017027 86.58246256608636
715.1973007945547 131.51266928825814
892.8886657282567 433.8641617490754
730.5024964243382 728.4413272437971
365.04777586200817 922.4000868943937
414.0703139236265 259.4913905468322
913.320795218952 296.0923227290576
277.85307354996405 344.2046034261589
82.14043284767808 639.2886727362148
675.788177073264 581.7977247991595
396.4038219039048 71.62681292947975
232.9195980358224 716.2320731342674
72.28624989913109 364.036217056115
