objects
367.6974691411988 373.5994427221485
259.0523919620457 544.8911870717142
312.0700931737232 738.7973995226857
191.56975781222332 416.76598129282524
529.4613503992099 641.6435925229193
680.8300916219226 755.2897247466583
914.9463112163954 497.43968510455477
725.7115270016873 236.13875907563192
705.7516605010039 542.2924613662233
821.8411244392846 342.24071436769714
148.44047227163327 75.14926995973232
293.1529263850412 234.63869560404407
659.6844311386953 381.20071994778925
143.34242064028484 707.9483063977638
886.9638348227178 649.9458057338649
87.8382863441341 564.2342361180669
240.0537370183643 913.6160260344241
620.1104737634372 133.50692605833763
910.3161247352651 792.8564562948608
431.52283912427004 204.27406497296872
505.7215506180073 325.35779615218667
435.7073942363072 853.0977385868124
862.6229464774549 179.5134546937132
775.5273993253376 861.189105497799
297.11321097026473 87.95795668266588
