objects
740.8460691317059 680.4590457942948
752.0105640030481 620.5223690295886
353.0560254251243 134.72900068734307
320.2386954403676 643.4008962607116
816.1343200876987 20.243328375927316
669.7487445631364 29.997333214262166
823.0632883256679 325.1700459394169
183.629273502356 486.4594272652782
579.3247677772945 125.72933239868127
761.6447450876051 877.7362385592381
455.5118643986556 641.3321050968169
21.270201265187364 545.1650667916989
304.38650584287825 54.94397101164983
196.0105199060519 259.9143365520288
371.0214232660683 220.4731369140685
208.15458371312542 530.7650998875556
812.2177581085601 96.80575457218532
155.71113886450212 677.5883906698076
375.7911688793117 950.544028331355
153.60707144007824 68.63558093604509
662.2395260949864 191.84045628235174
236.36220312066092 222.39010081894696
144.79645931682438 183.35683196774187
74.66865970463842 762.9236959829074
785.5987003337945 754.3707340643601
607.4567216454257 382.9270986611963
238.56235584190802 411.8776659020762
34.73842043652708 182.75793126466095
971.0870894714539 969.6455409645603
822.8328070997763 212.51690278585824
726.8891988242387 734.5169503096123
526.5132960755824 26.58688698347799
747.5294643341897 919.3224062602864
26.09100866251963 389.134417064074
535.4729143224808 507.288905044956
956.2674668593731 169.98329120359517
682.7368072496906 360.19545034765923
357.81833004379695 651.7182822793714
774.7319592948331 274.50553443416743
617.1743885303763 634.8983759791618
323.9451529291654 780.4139267859583
212.7999507772559 344.3436881083398
487.68708135890233 928.0149860617151
889.714125749762 506.7256092369174
318.7838318931714 298.2734714627631
120.55620049681163 300.8320305987216
219.60456073813634 24.722841477971897
569.6781859428104 458.99976883472175
427.14428807179047 109.34603920741782
656.5064704786423 140.92744649233816
127.67236793706812 447.8750955053709
651.373636072723 916.3876843549006
82.28595282630492 509.42592368040715
852.2311358518991 679.0090583063285
830.9315488914026 737.2926139990723
867.1801098914799 462.918067594296
109.28660469992693 847.0416564158877
619.2523500215837 577.0917472359987
618.9195899508995 845.6321834547412
320.54627235761166 720.9610654447798
875.2372363465875 855.7446497344858
642.5166715739522 413.8525278665151
394.10199380049005 837.1187018058552
708.4029767980696 951.6106670687324
366.23279595374873 68.62243500052617
249.01013731270592 945.0431109147141
421.194008881215 252.02603759944407
325.598889808865 979.782757883202
892.7985928879327 759.4142130312807
773.722389785236 538.2924387412954
940.0695543461321 385.59671325654244
170.16055795826117 324.2738788623432
922.3966652322678 68.35444653267015
912.2757066929167 293.70707123283205
614.1745941929769 271.25750049670233
111.0855572632148 126.90957153288505
252.66299289858262 307.5294730477874
246.79514747827284 93.89127489928276
482.40994882977026 501.4479332405922
510.23896888077786 571.108247837646
319.57769381211307 398.98420747637215
772.0221285765496 102.57304674362447
295.46783007960823 835.6930173122278
941.8763853314441 746.688495818695
753.963381525255 429.59831194114423
70.27543670722225 380.78365421887804
515.7308622814485 766.4607273099996
638.7403517699694 81.28854458789314
459.41000752356086 306.6154123410499
323.64384942693516 571.4299734646821
850.8493818851063 60.27811572884086
903.4020833405348 180.18913325691045
596.807784265144 30.193821100776667
63.36947593991958 871.5051711867387
440.9391739028187 173.34351276593105
762.62112383606 834.1891123591816
450.6599342212542 758.8654846652295
550.9282354509966 841.7663398986756
33.383534689997724 85.94634144423257
576.3851049833129 288.2351017250749
595.0821682702134 882.7007069557054
601.7676265102251 696.1705939835203
148.45656624219328 786.1423865368035
858.5983887699338 133.57292371134238
615.0543220160052 216.9508935641963
128.32032883432956 890.0368978571016
807.3843470519357 917.2922061500623
47.89477367711191 456.2635433743166
52.71803731003855 628.8725338730557
802.8948441609955 412.51980580706504
229.19695572271587 567.850691251859
471.3651527055007 579.2487421250944
366.14319721235853 894.9242903144051
696.8259756598526 112.43409543364199
847.6691052139873 581.6616375669017
533.9767973846714 674.3353391836406
790.8462492845016 961.3562215477205
390.1126012934969 303.00570101786593
670.6294477287795 704.4608629783077
706.2851134562976 168.6392466671075
510.91196749247973 267.35374647202565
311.68627530035747 356.0712228716003
471.1981931938586 874.0382911837177
329.98309707433515 223.93707721010838
561.281029817918 168.01481808163203
668.258632469801 642.4339823393211
861.7785772491796 368.25182389635324
86.96901221871234 958.7513016087332
410.50037566714974 425.9206083719855
563.3389094579018 533.741425361074
616.2966504091029 494.06695355902974
767.0889448091871 214.6971862831001
899.0620354863643 926.5304707704768
941.1754100370393 437.3679856018881
707.349537843322 310.3354422946829
467.37433520612115 123.06926923588811
897.9925642704443 425.786247649485
472.9963084253425 34.003059095176795
353.65175393646683 369.2342401676719
522.1973950799834 347.2601280804106
894.1073779829559 114.20216192580357
432.0605109093636 970.5067125754014
950.9038572013006 832.8166373932178
557.1911346882184 219.59443628789688
267.68736666862935 794.8594119595961
88.27531199582171 74.56584387073838
823.7789019708825 163.1104008813042
422.7848453457494 55.30809840015657
724.2439558649993 27.83874453004227
479.75468170858335 691.5523574146977
360.4655946658849 467.52239481788905
449.02084993235195 925.1286782080226
837.9523115458844 520.9947473560374
415.8609357037675 658.2084081007517
460.7496118289866 252.65164775004632
861.6094181456674 200.12527715948397
749.5810203043586 788.3109719871434
791.3077303601823 674.276884436058
511.1575895167904 891.266223882772
371.3057195569432 578.8930194592258
559.5466292515736 711.8958794393767
687.2096420740132 803.9694708110717
734.4961284957385 529.9556909866374
893.5228363526885 246.04883512712865
33.34040846244453 829.0872401391172
