objects
184.6808378649365 402.0197813245883
619.8350759848582 506.9776057995626
313.4007786259549 346.4018515869791
442.76908521387577 38.93384835089164
549.4900294100646 307.54551933476813
239.78562801038765 548.9647218520305
782.0141133725383 561.2870779722206
400.82198216174123 654.8125757242206
217.69268692648717 78.44266123872443
822.6619070246685 185.73858934578612
357.18618177129366 788.4129409292651
546.3421943473455 68.45938578871107
187.13770441677053 821.5890023271154
638.3839436172402 114.51062035696792
43.97672347755973 368.3827592765048
530.4675255309376 886.3203471659111
661.5229445782253 714.1029598558674
151.81298459490148 117.17001016853999
125.30081738158002 336.4247329853057
846.6542039343103 147.49121546900264
684.1659722946068 909.4700416772198
480.5042485816541 398.82095999097737
925.4660290947597 167.45993390022596
894.6584938917692 91.26408910127712
693.2697380953938 818.3162377791068
610.2949046140204 914.6922945948753
84.44288409506085 949.111126376926
812.946149927948 658.0148781897045
183.1426690811598 161.88006553870048
303.7341103458312 497.07504861734384
965.1287147405154 385.315585656962
208.35309192101118 458.4313717217639
712.8130455008416 315.5484401737392
539.4779930290667 552.3155518611918
622.884791090458 829.8366233157927
118.81675324953181 519.1932800063482
453.96240309976434 914.1456774623354
387.4438512145572 606.0768900375002
58.468914166386426 816.9820416818225
665.2254699389806 51.59582261675211
39.713778207743864 530.3383825170058
974.7065033211644 515.3125662483516
174.00661300011893 668.9938679794329
406.5593115822499 561.9456723610658
618.3367056761407 785.3687158320453
786.6577648847925 429.7343534451578
776.7755730468015 879.471966165675
887.1400239600997 834.8250142017911
446.4019765182797 808.350176493265
973.4897663856981 875.1762701349179
105.56756516596606 897.352278155449
314.7150865119144 288.0013835941199
867.815678338327 963.0468590110481
940.7247884791662 969.312665563294
671.3924970863554 90.42164109567396
495.754726517593 461.23996475222725
375.6337196789426 273.2331032886869
365.89718971010706 541.6707763592262
956.4093452112081 697.1288878665332
140.92753064228282 923.6588275068506
263.21074062180344 659.4260391122598
53.76006179444156 217.96007599096225
952.0035571704623 827.6045153723819
495.85019589753193 818.5208280461707
456.92231699839635 500.07012056107277
851.6767985443812 754.0364569532046
120.0680145845145 589.7616633296799
135.864259499237 213.6350844381172
517.3340882543703 506.047674957559
149.75760312478616 465.00940939788916
757.7534120994785 256.3059710648339
890.5642959829945 760.3431775648357
708.5571286483905 233.7520158390402
382.3215819844923 187.439265573061
705.2150711935137 489.3417824597076
365.0107154848104 64.7787515899443
576.9467961049598 690.0181270132068
905.4965885418942 610.8894059756517
976.8203801972899 57.43636675255786
593.0666438212517 466.56520278760235
23.89806837756656 291.1967281864245
541.2383315773676 712.6421953665537
307.4403132461406 899.8502789397019
264.3350780267457 956.7781325013144
849.2539445725263 860.4375068015369
64.7212167593812 310.7826907138199
92.4515090927409 762.59493377236
94.39997203514426 242.31373951300486
29.784639522511753 451.3109747598442
641.471969133954 472.6293223904509
863.4744363706742 684.416424526146
760.2566049202195 510.6911888425092
876.7781056788363 518.5709548895167
875.496685548972 438.7871656963947
427.94345719185753 529.2302833894967
455.0634001120214 211.4476881809003
621.7348770127007 613.2865711306272
485.2231022723836 157.226501206227
779.5074838508896 613.6676532484595
978.4366702366086 343.7209215663289
588.5110424985794 970.0138885206125
46.00543993027786 142.36985447203375
290.93672696120285 228.42842904529186
670.3097056381043 858.4470757847455
64.05599925183405 601.0041201177459
790.4004877815861 748.3250773302153
276.63233046078255 130.08712052809238
411.1652735620279 945.7103447257092
140.47638357781466 804.2611874840841
437.47914390269153 427.7517517705647
672.3896244812279 319.48262314439535
73.74419939556947 55.19504150901351
221.52060504180162 389.6681502990288
897.3844296481465 397.44058931195497
717.1010340188174 711.9614682724092
281.2931495441647 554.1022871293155
731.2927366621855 37.95718323834173
143.21008309101984 744.1991610712284
445.58073683546485 741.3352334616008
835.7520839893407 260.73523650342275
169.4823850155837 293.3052045163944
674.9575206653391 600.6550719440542
618.0675880134753 265.1318732826328
461.522488588299 641.2298370480457
522.6188396243615 186.85077048067194
237.665052143212 597.3353296539499
675.3615153519385 557.0648115433811
648.0409277811506 424.23416014692276
347.4104396073313 324.15518044399323
388.928934555426 328.11488191304693
674.7195867962239 377.09036529278234
260.1270542741801 511.6153126432913
660.1453992991402 226.2862441820842
794.9267010682611 349.7643167126668
856.0301477819506 566.725550792778
709.372248352515 273.5872662960562
306.5700875119511 663.9723727577336
440.4904480128144 111.10165615188514
761.8414005090364 317.3450384287327
977.0137460936602 562.6445992148367
35.19469901508058 877.028239426768
327.02485796375476 89.52159599350132
263.42757173747367 777.3236861813625
409.9904170981614 721.6475644021623
923.2657977963297 878.8087460115219
374.3358643442831 114.70369567265783
325.97913793073656 142.84720610715016
318.89447459050643 561.3035316899225
170.9529635451084 569.7577323528163
216.83113365891927 120.34502465860645
31.934246247815288 73.80154553728484
948.9881417387394 103.13095476239849
871.0926837660036 336.52067164195364
765.9144059911494 693.1386461789564
944.681662911736 300.43602193502875
411.17862629310423 486.9633184626368
103.04061912068804 299.7662221720876
49.286828192947254 487.7880872568327
260.8794306412647 366.78152341895577
333.8313428231872 930.7039141461889
95.67850726667311 716.3263006780796
816.6537789511996 120.25077748400925
786.7950794556634 229.27156828232927
235.42136071838598 312.59542688203385
590.6542863012032 236.15129560248585
