objects
912.7547169396125 229.34440857380702
460.28578467417407 541.2236687907771
748.9452334322934 921.9369958670546
904.066599162389 373.9512803985545
186.86873528680547 394.3489506241921
823.6812444496575 667.9424360969332
495.791765442364 397.346038308958
183.4345499377731 250.2690302930523
650.7806403334449 511.9668789908538
589.328486842442 371.97249599581227
972.4854044792138 25.04970584516888
340.19472049501405 937.3700085654141
485.5230853819003 729.6641869764162
941.9172822678006 867.2776317922527
177.62889293817227 588.2662412049076
238.56566202672258 914.0087370069763
572.3806896196709 863.8474289075459
131.36092334053683 293.2881651559285
336.98358813421595 368.99443777828884
696.3944024247991 109.85276394513936
560.0695696846773 925.1664386918695
617.991424599823 418.8135105556064
237.64734747699782 954.0459509093602
535.7160904520503 75.7342549073644
242.52167643781627 717.5085544285273
310.5134225482946 633.424350456465
638.4783951946038 292.19273781453256
228.5050602230741 146.09666474938905
406.1198322520775 385.54321425499415
816.0612585764086 438.1460971394832
602.3327668703276 617.2804371230909
963.3456309812467 239.45434458404026
102.61336907438519 684.7551575871848
692.1306477073149 913.9648155449515
866.2248282218972 394.50202094469824
237.59457825871033 304.3606171397515
33.70196073851597 680.3937063583296
878.6510921043686 779.3250049834801
720.929118949044 175.99429114732988
518.9507593978171 630.1913550052357
83.4277381994126 788.9791844709906
838.2683148950704 734.9067829933077
115.06991188484089 854.4749595983844
637.8381841270167 760.7105361767806
586.2198618143676 48.71425390910818
533.8377010307569 143.6531693629115
697.0449894412343 25.956469781665525
36.938912084213364 486.98351930933296
635.3444083418191 638.6786477502426
154.610334275907 628.3072649638879
426.7980181150226 492.05265361334693
598.4006675162225 661.0077875014454
474.6062966051165 978.8498223251573
93.77136235510059 228.88057250616896
532.2368159255861 203.1310251729979
947.7156404600802 204.1906072290223
223.3673184426006 546.1094833671565
528.9947611400419 320.94653547645754
160.15463332960786 144.94300140468303
531.2102565881373 458.53489653996684
254.9543381970513 804.1124283347997
261.90467204129556 441.8120788194921
191.96442394537814 853.3302552157755
749.8048411265688 511.03426675803433
730.0022113911887 363.9288691884455
825.8506796082343 252.0965022625346
878.6128802719295 593.8674733813597
258.42381976064 358.18113460829744
939.4776601881323 778.5081856280354
811.1801631341929 293.9103333364703
923.9914673333552 504.6317935701396
437.2626246920848 441.09592640600147
480.8134512156626 506.163750517454
654.9545205969871 959.9360239019276
674.0629260823007 392.0028297053103
36.67753406688159 189.85520981359377
574.5785967346562 768.1415923824471
215.11565897251631 794.2327436073625
28.240149323550398 424.95514152694585
202.18629598677967 719.7461666298783
437.1297276212264 160.64885111733986
174.61340731200823 305.95554892885895
369.0751656328432 667.7167346980134
882.4701443744839 929.6130281622568
842.5808980133821 508.8090663601163
870.9715333406066 103.47906306436451
894.4840986066698 535.4234346522541
756.8429080628397 295.17187896771264
61.618364860722785 844.9463648517004
551.2075023575453 579.0584824180221
239.5605829210046 54.82651078713561
895.4473983239233 333.60143224010915
613.4414446952306 925.4688895546774
817.6717485567791 855.5143191527137
492.6771470790048 926.6294778457479
792.2030926315451 21.768356330703245
398.39158757038086 518.4806306049791
543.4437573209535 31.35207517358754
167.9209931990888 451.5762976120938
643.9236599330007 58.981742348748654
887.784420961015 196.8477167420374
917.8336236177026 106.43412202162796
286.0149998540414 973.2870458481042
959.3194459758927 166.66316192532628
811.4844564479472 916.3849990881687
411.5845439954487 52.12569475195461
403.2524909695865 631.8844097524718
422.58332161299927 744.8328165998961
827.6451563006661 777.4959335265202
842.5238969593079 959.0360857089727
544.1802678390073 825.4573191242309
779.5946891322897 707.1597453205181
104.26285981425026 724.4032292791537
884.2238104659428 854.567195813293
641.8591470260718 889.1310429793435
89.49607543130901 167.21344066689096
245.6732838638211 853.5986399233193
920.9501173316665 441.84029348818166
353.55322815299877 166.79795659706252
613.2794283352528 728.6971104579047
20.840392312200265 751.4355574000468
852.5674058187071 316.7295345236038
401.4468592300149 569.0859907553972
603.4617255506918 112.54089519319498
474.6858201471452 268.8479583462836
353.8502588010238 497.0156491171374
716.9948114789237 485.8542715088904
727.3625052277595 542.768370550661
133.0856212752357 177.05098232982886
959.7855968970327 540.8029607305197
399.3443888102523 434.53308834439986
289.02039307269087 537.6774347390697
319.32979994371317 254.2100978847659
786.4083812441418 616.8102312542225
784.5008510882558 230.92809851443116
303.71826031385007 909.9414337242914
521.140563695517 758.7726699358894
265.02184848138216 677.14821794865
58.640293856565464 572.427576904848
515.1206826471625 693.3279777474058
659.139597164306 689.6712657665245
316.1931738682478 722.1025012505983
479.6663648879423 167.28961521180213
169.4898240781958 358.4883142955134
21.277255633793402 325.2174130497915
310.4793327808552 847.0276660520324
394.5735929097627 108.68021753412854
79.71418944046803 329.322686788181
638.3677686880735 252.0363878071734
361.9502197755414 35.879188254047
912.9670294850963 66.68189947362904
728.2992496077192 856.4942782475443
406.51717037672586 790.7381028190728
499.6887137066804 805.4034370610975
287.6189283697521 601.5115727685035
462.06650327020657 90.5428869436613
979.6011468246279 300.39630817192466
643.4854412447219 569.8430704504715
22.54229533269267 603.4551416155488
44.1282398572349 925.3326401033709
449.3179952473121 621.1130744083309
329.78365897358304 317.94391309782407
969.1632377759016 615.3413243813377
356.4880102662353 866.9836824915017
100.90501864080667 644.7090045474237
