objects
462.5253291651341 795.8978763372214
387.1300253430272 100.50115845784093
24.050963802824135 602.5120650896288
351.34974420454313 74.7248176538542
256.7412377639591 596.0622622748376
975.9365741483808 425.048793505168
331.3169113044477 594.7938457016472
396.71373659382294 846.5216339506667
624.3121326543849 637.3827264856039
83.6227025375444 910.788916023501
750.1858597343194 198.11711023612344
312.950776798535 979.8491230888171
613.8288078339073 807.6874944745226
368.64639605144384 325.4421540737716
587.0923578271746 914.2495634375609
663.2721175035716 191.82052929776165
330.86737182313374 911.0933832567252
892.5639645522025 692.4681866151502
579.3476424934967 395.25107345259335
769.1769476752663 966.9361675162455
376.7885513959079 762.3763238060378
416.52869897253083 41.39945115633787
568.8575712777812 233.115628385553
891.5051221571556 932.1040994735797
255.2657960124431 839.651919899291
872.0698960003958 43.92874170056744
429.5421526268814 905.5655154142404
442.6283945999399 415.25822413957
215.12134933047082 883.4913844535237
246.29149839196265 637.9676203882556
973.6703983148882 892.0826334128145
750.3566917222456 698.9842725394993
510.20885249928676 69.09135187203243
815.336074137316 903.5494401050319
32.750671308670796 293.4317207456277
521.9020183811991 635.7882302885937
837.3610975405082 482.6747179163891
409.2719730417956 353.4959926841267
286.7557343455415 192.35734531146437
879.8701326515196 506.23052415720355
718.5303761620456 320.0571447103931
793.9546208245149 408.23393213063684
379.92297803400334 204.29189546035457
668.8166779361197 593.0307085214922
614.3295800644205 689.7009506648094
742.3025784472447 266.2650346267812
601.3762403326423 101.70557756742734
461.01242479914436 40.21228304356916
972.3206686339446 615.2017321321255
743.2744214125527 621.0092630039317
218.8644752392786 80.66083788632949
197.10942114970248 157.28907483636345
559.2042058266245 730.5512832991529
657.9937355136626 96.75200189312147
790.7579463698416 200.2121791156623
175.70118240411392 306.40340225901895
95.0708220319217 289.2999529676651
360.5177547131832 499.4358788509963
729.4965593354856 805.1059887605646
957.9338557654439 827.3388171054957
473.91034967478413 644.8955152836007
123.36522850582203 220.72139917578272
456.3144502762099 100.51494734844663
486.158304528921 252.64189820030384
521.0525270647769 971.7658616735833
892.4182996125306 142.52379814056178
140.7063566148149 454.4946066389452
518.1930301728614 176.87751007463686
160.846501967974 511.45880318710124
161.40573150256796 967.7001322996452
597.1347243418898 874.7365078992325
288.4705934889205 860.855026844309
458.7618531912737 288.057293928611
253.28766587773816 786.3123612573266
167.67884319212868 872.6383541759104
685.442081585555 955.8688840028587
713.0294333949286 849.0070369223426
327.23529083569673 289.26989740643717
612.421176115538 491.91378719066387
327.44248601171773 225.28786791962204
398.2717478620773 471.81135485572315
331.1594625547023 426.2785102146189
544.767882870858 533.2681427380213
522.0775108937142 416.5671743208913
114.98034174605141 140.299688621075
99.70302965492283 178.90334929874405
884.9480005315788 370.3991436998538
443.42331635086833 475.8364983765816
831.2655731343966 46.01480838975331
554.3475137072813 47.552050276007115
286.1686389526936 65.77983569477664
940.4929515076665 686.6148768554955
198.86810853793259 792.7366682855746
270.9485195278941 21.192460077050345
219.62959190862784 208.44499307592667
611.9061570286351 222.6833811044827
64.19803889645054 521.6610390884172
594.1539831014759 574.4564895893807
146.31485328860566 343.8816642318525
271.15449883187205 104.83043302872241
732.572636623787 51.24324535415914
390.0837107533311 577.0821740544085
289.2405410311254 654.7740693655837
691.2016546455321 276.2845527374765
222.5754933623407 731.9875203501973
911.1958121302043 897.1564512112021
402.97907023872165 977.7859646875443
232.23580212698204 125.97527927824854
944.1246098748712 319.77156369063744
311.3834472002832 124.51253594827831
934.405836535955 576.3162377845993
245.640724897896 238.0799912562963
796.7561838110416 537.7043023673621
792.9433704440584 823.2881164982159
180.98153419498186 20.36563374756608
868.9215541182396 265.8749774564638
938.048079190727 936.9663360675071
440.98169372299975 210.63155697837408
856.2487284214266 542.54235064506
328.8344313272626 683.1531957079426
485.40366743915604 724.6276649407456
552.3173404231509 292.7064510144837
114.19813337828904 496.37183773121643
91.87039128167406 974.9107415469588
705.3355353497348 734.3596096839608
172.30346984818522 631.1035021364702
289.7447979045249 279.82627847362374
533.5068806054687 125.16269573277334
130.58096728488653 887.7500970571142
660.209169374173 788.4560003391773
586.947049098609 348.42062650646267
791.9679779743361 737.5040240994264
54.48654365795484 439.223546210413
401.2890733555756 799.9328863283287
464.74463457608834 565.7188755062658
61.98224496491002 52.49937943310566
334.33674607627546 470.3624704629806
416.9757418569945 759.6233602968944
208.26605383355212 250.77833042569335
231.25421001895586 971.058493078656
261.3532627330714 351.73192854585017
669.3662405711418 487.62052190866467
551.0297141646508 811.6282854030694
886.6670200624549 788.2815046855634
67.03953255231168 113.35946888102917
171.98313995973734 742.3359281587999
283.334814496272 942.9365088502399
708.6053555015368 389.8322595015602
23.716979484256946 527.5499332951821
560.7449844756329 463.61335916455243
104.73663664052616 784.1543290694153
832.003330739777 152.20194475022754
909.6949051199596 530.8934910243795
683.9388151761536 660.5469142331762
795.3981133738585 589.4803466912563
300.1250480958504 389.8292664226224
955.3866993943102 514.6802569491953
61.99940846938436 851.0923990517875
640.2915261252987 318.4922942374038
25.997704088695464 647.0552431070216
402.1437969017621 613.8505804050797
937.0200019739448 416.4423069658785
598.8758957900026 772.0787162972973
221.399470067704 387.66404500375165
424.0734923098333 313.666349873124
