objects
585.542466756258 415.9693062809596
64.72164307258055 337.2466428932107
644.1882788614328 591.1395550727777
807.8466325257107 145.56306845670912
425.5826933048961 494.2216919205649
579.2636581552713 571.8532752102731
381.4684770843231 600.3474846493127
938.7700827119268 754.8645238157422
325.37165473038164 498.9543276289414
900.7834829831762 201.84249934596033
877.4800929212291 457.8125632040494
962.0205323537865 665.447731448282
263.362504689279 114.04554557613831
497.28303700689713 847.9173019504351
45.2852979189609 696.2056343247147
650.9320568868676 193.4516867105425
450.29156860808456 734.5362045868447
782.7768761529708 250.7072342708026
500.0795119791037 680.2901425471625
417.8180701854971 305.67236083658435
847.6230453665667 517.8719924701237
210.8560582122339 373.5178584997329
531.9428349647005 231.61772445111313
19.87393329332726 344.43066695572344
243.36233680224206 323.2097176620049
46.52358287242549 67.23119876501605
367.1310181366995 557.0144088549735
580.065047953691 369.7933626879415
107.2957173764892 640.8895880381299
116.46751258453338 65.37964846414869
856.2110254326938 806.9835721226592
907.0080770128498 116.27402773008355
406.52939210288946 819.4004816340027
567.2715185134158 296.31383452203465
653.5842022751514 439.57728697013073
179.1518368541531 472.1157496347688
979.5461621849107 601.6459598018264
464.0015942426334 431.92568330683434
927.7266323094825 454.02400512019227
329.16853062267836 681.2440988498415
642.381177887873 265.20348441448954
919.6059439691028 60.70785447881871
914.6318464188429 328.4291393930123
506.7511214774638 396.1021720260095
670.9437540172679 87.39276059869277
118.05308440224455 497.57265200499535
804.8132243265987 530.2602917794751
31.573071805695978 389.25464454902857
721.1652277038166 287.71320023266253
63.711583722246836 588.6583721920937
624.7707983599779 386.7403568108239
86.42475016221516 40.64558846608793
897.7146806616266 524.3382350332656
623.0008524520434 498.3151442483424
648.8167462691605 761.5895661046843
717.0004733858004 360.93833363300246
325.9720865518715 356.96738106130135
119.89687497669439 604.3265837875002
332.8797604871287 913.04540837755
751.6268544757634 502.4685586159619
108.29783164239541 836.5328200552524
706.7239928243567 743.1036917001347
256.33776496245906 634.2675054474009
358.10073376819764 238.08476772104314
260.5724437933802 58.757597820785776
87.37259246852771 423.88847645533116
917.2974070450423 285.65387210055536
281.35094610010805 299.2853110602539
202.34986379887795 255.68063318855582
361.372560246605 879.9936152620048
465.52432613956023 210.21128737970338
462.74659552249955 653.774970824099
313.3684153993059 792.4772319882223
537.1527172487725 138.9151637686113
280.9500415835457 344.3659041233661
545.9204879990177 970.7097838962895
863.3146027381244 571.9641656359386
642.2590861837703 127.52819057752714
744.8615148132226 854.2432172877446
278.27260006510846 768.0749528834375
408.5557879699657 238.62201512175818
566.7238001670516 902.9572752672871
720.8995370477905 529.9110175798779
234.37824126498327 597.2855133083425
279.87850570835866 213.8808553595697
731.5369093666978 111.0825280850699
666.6232509727104 37.930538461603305
673.6569429631409 930.432077724799
542.2997564075662 511.77205175902463
142.37420556762277 393.4349971245219
403.6837508529584 115.78045400383365
91.57007814270379 217.66438998734452
450.9995883415061 114.54122314579978
880.3809363361906 948.4567028325336
88.1830694204334 282.3467826995434
869.8072336344449 895.5809461519134
925.8112538710469 621.1612295158536
525.036689213137 349.2411503142214
680.8465988163398 249.61501315093466
134.30391941881072 122.15338249725302
695.3966434459787 610.5294080400723
250.36439334067205 423.42860781604594
811.4709353579896 31.677161810516985
957.1701724264622 334.2359982161219
479.3441680665296 946.0157415018394
43.28686791237934 792.9976265561007
358.5508667374166 169.17670183583334
136.32256167853657 238.81466181740979
284.6071740211825 830.6489727424893
153.35291962459485 648.9676505526456
191.05672942387577 690.9240704914223
493.77221013330507 529.9367933736016
736.118575773504 708.9958950814428
331.90370501290306 742.748706767928
385.5499808624839 391.1860716537819
34.760074882661314 895.1242346714945
864.3910524139316 648.9577823944262
203.25282309731705 849.7511172741868
600.3838620145696 324.0713685845666
593.8183662332973 464.0070948919248
238.31927661521132 143.0348211355391
614.8622194176077 899.669622811706
532.3185174379244 455.69893843559475
33.483440666451216 171.95431724358735
693.2578111038255 121.87366630924727
473.30631742291087 26.247948435253768
863.0627564249421 739.8871782179485
269.82149736262244 948.5504397677247
819.5796245384446 483.42140365569594
611.7130883504943 817.0359996594781
683.5257521740435 839.9365017094311
315.51727456113144 62.79351149912299
609.4867462535478 708.1415581353219
655.9886930590483 676.5921777741203
902.670562940513 24.294475508591777
859.9032329091257 294.54612557253625
784.5562503133999 674.2696288280981
89.11406177331804 102.05351341721334
979.2282883363172 703.257158411937
100.77789575541333 912.5854213495664
917.5494860052772 815.6167168515334
449.76902769614634 343.93516953807375
481.84175410614625 72.06289082640211
287.423440424576 666.8674881118903
598.3445989066037 529.3871691750235
764.905746097943 463.44364540168084
320.5500272033324 623.2092317067031
175.95464954593865 221.93262405457853
232.93291583124085 966.1370419694393
162.17878806000277 184.7130224347269
363.6483168781938 71.91514384211382
825.917364820078 897.3645461058292
37.966502239912316 246.78603442025178
565.9025090138053 862.4893595155356
728.8644906382863 778.9421863019788
329.5050853159684 124.3344586280288
549.971890997781 33.889551832885914
903.4973937233839 377.66783390625716
478.3593867019688 567.41022800694
593.9803184807331 64.89795677721057
164.0044940860074 86.28180005825082
182.5386466949455 734.5838836486388
418.6123410267702 639.6120460493975
112.27905601430825 545.2277861486002
614.4101212703523 218.66690061076258
