objects
733.3127257874758 117.7487824567324
423.06029299367384 245.77987752330358
211.1325791723366 202.52624501235135
193.85405073509708 819.3766668415346
781.6189742856616 355.70031048281254
355.08522208244625 754.5360794750366
436.4781844433443 636.2015387945407
716.6413804900526 684.7088923471624
874.441927004405 145.21383659794327
300.6397980808057 362.32916883506556
656.3531293353067 343.77286229840666
315.88948616774434 94.409632941556
349.27682377004595 664.9904052167713
152.22396031041785 392.7146583676365
664.2390542744779 254.1518730848681
660.1722430254983 938.247663179359
516.609089083842 394.26214429781527
576.860554542332 933.0452090008691
116.34678330551021 348.8311945523381
945.5654744582268 557.3638397300681
219.3729325665251 741.9745754325111
286.93502973695524 801.4260518357614
250.57303026501273 50.736805869884854
649.1766047341175 640.486876988032
29.34280165975321 896.0782740273798
585.9739820572786 333.7704742250499
181.84109293607082 709.3258808893231
753.2965096598159 783.5798194790914
716.2655425723742 890.1262064389332
122.43748177560545 72.20329485783986
405.82937381388683 535.6386455013026
96.83796684274954 502.3875842462779
931.0855598846529 859.8138179787816
369.66039436889366 54.593338404937896
826.7438376481173 62.258747247586186
849.656323842403 559.9774400833
491.33491980022575 943.9390122020961
411.1157157568786 372.4356583944058
554.1483073453626 560.1534377342284
927.9920943344594 442.0863813522764
212.6429733619543 387.4258085508004
608.2698025195732 601.3867938708454
435.664705992141 435.42820868162255
824.6559281463728 673.5460590379839
598.8850125908184 759.3223464407683
481.3312150211568 288.4568409891939
939.4704760705158 140.0758204756099
662.7438180682589 885.6440882618222
245.05948707749243 471.48009300375327
861.2666281835766 805.903756261655
27.246962318008826 674.9806487874941
808.586260563618 824.0177933085599
533.6464930570091 876.3407440621588
427.679928881828 915.6319844993416
528.5016471143508 813.6403964351161
386.99025803703165 799.0996666865638
178.77877043482923 554.1492572815976
104.93596122905592 284.47195534636876
414.8698241951421 477.44367919302397
244.06208503203567 822.8605625767545
332.098941299518 178.37041970081341
434.891340875442 99.09591371894773
704.8786031983022 818.3095517860215
621.5197617079716 463.73002411032866
123.75057133421112 937.5217797421856
385.9280277689091 974.066606689554
261.8383287713888 183.19251741496566
748.2996472589853 394.4180351540901
460.27494616131867 204.33201118362135
802.8846899386408 567.5587251206584
376.5147946042086 166.9165761534844
709.968020813362 490.9595640197556
933.2567545601291 762.3164620414991
312.3181139234874 33.252994525556936
51.95266906614587 724.7093929686978
932.8561808254451 28.87413430033448
863.2884489486923 421.2045703498501
784.2322685354627 960.4300395312341
911.2082453137905 813.9552142877858
805.2808355822569 148.67633528735234
852.4757466511815 904.3192612309579
52.54581742388509 99.04134268273073
227.4902406718596 971.8563975447064
948.2306355839098 716.0299844873541
558.47174111298 478.4014167040265
276.49724151541284 856.5745758767214
368.1005610952057 844.0364930079857
165.31804236992645 158.69154319021183
876.2532038984866 76.3802624351386
865.2047324561529 301.98090197542297
561.506369556485 163.42652373005626
964.6419638484465 960.3910285246525
773.4981438430693 663.7395084749235
646.1320261368112 548.8108765417801
601.7054640149095 891.729636963586
570.5047053430667 414.4819051373597
41.60329114407041 282.49439882365505
137.1343812939101 442.7981745107724
655.2909207984164 33.134565071380194
266.19629404587147 283.329177247645
307.35323410093366 427.8764225353721
616.1342805362447 241.79971441559465
497.3401270902617 80.55306237257646
620.8806126503596 142.10716051640912
230.9389558290963 601.1418975989473
158.70197900763353 973.086471395477
130.86802531626415 708.5719320218561
789.9533990970622 910.3491760544741
819.2500412188228 465.6237801371311
770.4700638071997 859.0376180799826
880.4314001590542 943.5944596751383
85.39316190539046 221.69288723432393
58.747107587552534 834.4520102330623
844.7398952144961 233.96558393399502
72.48125092562273 389.262810835853
416.29839147475263 756.4430239653134
91.25211389327316 615.6851413859094
746.4130830586555 525.0201031097203
697.5830577695804 611.1322936377185
633.4980435937914 701.8301470924505
663.9573495635943 88.21578609435032
241.74388660095093 350.4341759290713
648.4441953882829 780.1995687276644
365.95194703081046 414.8153196674748
545.7659250296986 81.50219720332363
889.6784288309402 260.6400600428087
538.1871962634241 31.400816708867133
500.4892432643559 540.9270983694098
276.07978429658095 717.2699380530019
314.0931567412016 281.7395402933636
135.98724539157269 208.75758218154786
969.9231704617764 822.15572446237
152.90425981540542 595.846464850114
968.2505023170577 474.37279461108506
720.8619375191761 195.3763037555822
48.014389739273895 183.22686555830404
660.9206131497176 195.66360576065455
210.1679199594716 925.8868496150794
316.2521421972694 493.0022067079311
436.276057515588 713.2964892158896
259.7818353366947 666.8798038117993
954.0356642285362 82.14256312463425
734.8852053391236 312.3389601120989
491.2717594126736 25.505797196608448
755.3642895679836 24.492940987218446
31.54333866655038 484.1390298340254
336.5547821400296 608.8531479387896
239.99491475495344 528.6307296767689
749.0139344536474 617.1088201375837
958.3339529843499 205.98078479399635
547.3712128218981 300.80229982362204
290.48760737250865 919.1543849658312
282.0714516113609 625.0627352466215
363.08346824259735 555.1081489581563
754.2879719118819 251.6505669997191
510.18735617858516 440.22828296835564
397.83875142388996 291.27869235841735
469.4840533145444 892.4957820536206
202.50238309730292 251.20179599998625
765.177149568729 474.2107324517904
538.3033053370657 717.3652337156982
68.44667466191018 965.7260525296081
609.9061934028464 809.8293748676481
451.1243014061572 563.524794651855
924.3727678250227 664.5034693701389
195.16993075999204 648.2829822565134
808.4216669235052 310.8021697466436
792.3321735435927 750.6214877967807
209.24027750923273 25.55343640780034
465.9839410276652 382.20576652484516
