objects
372.0786493948973 449.08283817046106
468.3990169122673 562.752772935972
407.8296792825383 813.3482915260552
434.8884102586858 145.12836132740208
852.4057484205885 100.49510959665862
871.6295939562506 938.3979824341029
807.214449080941 133.03334553440897
535.566466417001 916.7737626329574
563.1198788069364 705.1164419767597
647.8599581458884 351.82012509193726
738.4795181292559 566.7516288593881
629.9615713771905 548.2718776020074
352.16675212516077 918.3796187782079
127.68404894504542 897.4565301365965
821.0084521191657 276.0884274525872
358.87979338515 861.0716168993281
519.8281997566751 758.07712024546
707.6366498662678 443.4149616576369
516.3270568905863 830.773790566378
877.5277653368698 781.8083849456928
113.07169116214186 136.65754988151753
905.7793090795274 481.70956149986665
44.888525190594294 43.641284205063755
813.3700592311666 798.9545395163709
245.7352814834422 623.1060096461199
586.1344469178459 629.0160343530022
298.2980716083195 323.0021478692468
630.5501562560792 896.4127280744005
564.8093591561155 542.2540247153825
761.3286581746049 329.50380508483136
761.7187579185088 391.7629917497726
881.8769600318137 853.1065216019861
829.9245805893634 971.2603462654026
766.0245679259012 814.8895510282737
369.16545101956234 77.80303565946988
492.30792108405444 278.40812878336914
663.5001926366274 270.38281998976754
750.1215373220818 872.88607866863
496.9516979323137 129.18498197677093
356.0051126879614 653.1766301888363
911.4272045218845 98.00867011590731
669.0326536800551 173.29413567448188
856.9240802173324 305.01091135410053
308.3355090824334 427.03915421673304
210.88464962839635 126.39199984122642
412.85699853236525 372.41494979699905
247.63870974853654 461.66440090414534
927.5456280187991 330.93223486541086
275.61791189792575 273.1282703702745
602.2507930642469 803.4196616966435
922.5544185095991 802.1126263896556
922.3547597056347 29.559299757938348
217.93270865125814 696.7079659510666
424.5287338053096 969.0060564067635
377.74751775699633 226.3446581941613
574.5057949599166 397.6844728128406
435.6920904055436 82.80416007438475
56.68240363650556 94.98146466973945
68.59642466834043 899.7059790156175
622.5534961008163 950.0542408729611
209.60562125136587 201.5618381761116
750.5459986170797 227.55528658873286
111.75307155253498 247.07313040697423
349.2976222617289 753.7690659816737
199.0181961961875 785.7526843659125
328.4490315363571 39.01259574294801
40.130066341808465 543.5942562411622
245.18376963533214 556.5416051217367
28.521794468654303 328.5124489980002
791.1881028017744 504.5681576337974
604.7744998433075 161.51691845595798
419.07574358496663 203.10052003458026
78.82409439880755 431.2697581241025
153.58704837517394 211.48522889491196
274.4513106486548 65.49666998615679
753.0539180479468 965.8042104850363
494.1467476827337 37.17704475325185
948.4992049832688 885.5249878838899
82.13663391988145 500.4658263408898
769.7254635948507 706.5620125682408
933.7911076957264 250.62279912310493
503.9782232191509 390.4990478951239
589.9954490069649 870.3249478162693
316.6060181670769 686.8475173841989
93.4851729391183 953.1581844703635
454.7070315130487 659.2521056177907
106.53412160632219 86.06975153938544
160.57522206809236 673.4067763400944
695.5692618141684 524.2902245000143
468.59598778180373 795.1822574121754
329.569419238886 193.6038547345805
136.77016960066834 807.5906018227004
188.9845964239884 470.3199710968675
54.184387142565555 685.0797535682832
202.56592489539594 963.203417042984
40.78968175063459 813.9030969267246
873.8545294016749 255.8721056691705
250.25004205650131 826.0109693461611
359.129721664432 511.22679024420984
770.2177041629905 621.3852166233467
568.7933972912031 75.65790047937972
890.0061224444078 603.1843153653865
824.9044230767995 696.2880574819417
88.44900295379998 189.80179662110478
670.7096717454058 644.998344528369
322.3489462853772 370.6376723344656
271.5635915720336 887.1740841450653
711.2023003215693 818.1421661716524
711.6209409671912 703.7369557973832
297.15284541765357 802.7357167077953
905.0793723310444 208.7824820608838
641.5208136436934 34.55640488522469
694.1086357069569 966.9695861457467
888.1771379342051 357.41583391148407
214.02051636143435 869.9726324604333
561.273814934443 291.3955141455035
417.9419165162069 760.2267461732806
302.9318795262105 638.7485416899065
931.8617752820239 547.2383224481605
621.8938684647935 444.5633511442508
715.8304732837285 272.1367996991659
963.0174734006191 838.3808541087894
101.48096773953203 594.2038436599933
154.1780735144103 948.197192615643
928.2318638733832 952.7311669229612
257.004468293612 353.5947865546702
418.14448090115957 884.2477301901677
417.30263467295697 617.5266759656165
842.0005501462642 364.2476564814546
617.8599487071797 80.96993556820384
573.4764722553193 347.12643434418663
124.92502783878555 343.3952209475435
502.8700958116704 494.2034984518415
70.82393149043274 303.16006814435053
810.7190994450787 40.4520463039697
307.7086983386412 549.369622595409
426.12051022129407 37.31064659186309
687.8623299598057 865.3065524523067
679.2605691508311 586.9167506898059
35.823566730930295 634.0685569848486
130.3408146523333 712.3564426089008
882.6228149032456 409.47265355157884
533.4017900627298 586.3461767804197
294.7528616592108 114.6471931724306
355.3156605573965 802.3568929445601
550.9178471538125 961.260466244586
43.466288719255154 940.387710481067
246.52969455609403 163.605031521129
649.0941640905735 762.2321900136737
857.4422267133964 497.14870371621885
809.0003075296149 859.3348081973022
862.9467063255743 175.32465549476035
50.05285523778212 239.29679072275744
131.83998832039697 512.9243898999925
832.6122687610707 755.8841852595497
622.6712952732832 692.6349202017232
618.5916822324905 232.66477957897916
758.9204433782484 762.2559707547714
332.0261163503812 970.3220587504834
839.649023340656 569.1290814108718
869.3418341286895 645.7405382629652
776.73009322944 88.36227374673948
565.0515481397986 232.0088663504289
922.3815326055151 162.42858905998642
957.5509890346568 636.68425846782
199.97560469132625 382.1303897427655
662.0688725566913 114.50718600370033
44.278216017698 172.47970488287902
696.0621173514735 374.97103917735376
804.6848230030228 914.0718385771358
