objects
769.4767662075383 207.9599809009486
565.8806791461309 837.4565207483186
338.752164455733 742.4747900527539
410.72824215675456 835.2759753382513
974.9286156160217 354.2407593228043
332.4713098398487 440.0327407299052
946.6386589332342 627.1544900755966
244.38278878412336 815.2958299635884
883.121179977267 478.2030710632894
800.6384130454217 621.3401756617811
729.9858186140539 380.10995549492975
912.2358744083442 969.8828735740806
894.938017587431 702.5990893385101
851.5593807107471 811.1701430537905
310.46914476870245 859.9855846243042
621.1806297368996 790.710415585914
154.1644660324741 338.30300767616023
620.43448114527 318.4840289858242
719.5210239965272 52.64818277078395
840.0012402018449 580.2624181431001
131.81910419416772 473.2709155352672
907.2916168872521 415.8907092123988
526.9718207152048 880.856629228678
68.46859124487327 627.7684091624567
572.9513140785805 550.8165926426402
623.7586206315377 166.4684916862348
118.5399440434478 169.10106776169536
857.8835096960083 862.9981475430016
924.5865094948538 49.83811368016173
241.98323455920212 86.3817003976737
698.0562023028358 501.1427982837703
484.91166623187416 642.7160196227835
762.4847521793376 144.415687264998
431.6986606687017 952.4339111237316
333.0330373888876 331.49390403948587
789.0769112849571 341.3530313556097
475.67616373279276 746.1120590345843
752.1546703651316 721.0380666676097
695.6132072109153 315.39403776770286
210.95582154208444 41.92564581424014
567.2400137397901 352.12397807602775
719.8145996321775 459.22971821980775
492.4533828452268 327.69295172571276
903.4543365871516 764.09927515715
879.4879827586951 268.74939944526517
927.7765746254167 901.4873055726378
423.41826534675863 323.79571816536543
816.5796827954721 160.19787568479228
789.1132649519932 693.0796229671062
966.1623531975547 564.5443163602883
241.23948409492556 756.1914436561356
726.1300070736097 836.616991162444
198.7532809488156 967.0348122650362
265.1982374691537 443.6451852370007
496.27833226769286 569.2881422135542
897.4242205664959 824.575746264987
624.0320225401465 391.85183468280576
844.5417181201228 724.6275739368971
565.5119568877433 422.6011187643095
948.2493622222717 823.0580754247385
499.0403172754047 392.61030161401175
373.4815381172991 414.6354102659001
656.5498203261329 439.3761783270432
122.10790948347662 33.61879720492843
253.99291306270385 634.9661621481296
338.14714243081187 584.3414065444604
177.37089549222148 905.3582090160553
561.8025866160617 676.7172846750377
25.4189216801908 810.2814485454999
423.7731674372141 405.76837360038235
921.6207390394234 108.35308920251518
423.6649838427849 490.57684887604336
30.374934066412596 324.48113802005366
121.2524185819362 716.1077402474684
830.232369110543 462.4314008731342
872.3543923495165 933.3667300520981
85.81621540368974 447.71673277634295
61.613736823387065 892.7196022542889
750.3594247385324 644.3603349205343
631.6554432907344 650.3336578790429
57.63401768285834 379.9025291689177
574.2134221886104 605.1961914559743
384.4335737155527 37.664880495458135
961.6450325835774 719.6103517668275
720.2950932436993 680.9149306355714
498.40319907215627 522.3657915834722
341.38755135928994 379.35866164265065
959.9788392980354 948.5991108051676
682.0855142383532 805.0017916627412
707.1815616271813 884.7566387882291
594.8520653562057 270.12430628827246
136.24379346692064 389.2034063972977
491.59257450047295 228.30806093705095
338.70395549682087 62.607978867816165
312.3314800039187 247.7289009167626
127.99641217129542 216.16676425734508
794.0963012970292 431.59706225209266
119.45633462612788 81.64306349562304
810.825019963442 508.6451612855804
635.8798095140178 515.8411519686933
770.4348556129428 876.4605399399327
667.4664806483031 688.6834944312166
405.1001848786923 643.3299563898704
142.95323351477288 625.4105587391302
207.20828788135216 355.88288357484595
571.0057434686262 495.21635181544593
285.6261696341542 343.1208209739195
808.6633771147556 844.7274699983602
259.59011120745663 580.3940807390325
189.31021757352562 235.0651183235223
841.225519238088 227.00035657992112
124.88510446036906 270.0272655800728
290.9368395730466 908.2434047110075
334.42541706449884 635.7662367455312
757.3458749184663 973.5521898465277
194.42659189731566 137.12729416788358
475.2266665491027 451.32488628077266
265.51474089372994 132.3623760408849
812.6938700745288 40.30055195094917
690.3474852857673 133.42681091168572
494.5166835951569 33.36405257760767
218.1515809507839 185.99967709032944
159.4687646129718 522.6219002047344
967.2818835810783 206.50296369400434
79.91723120747304 964.2356785753545
834.91722091104 965.8827072757888
401.1785021294457 589.6818073758402
253.91403666215558 699.3265391090772
62.885207148756244 734.8905836172457
696.2863127694841 962.1291409068992
415.0952572224104 713.7640940229576
562.6214611395396 750.7346358758341
335.82569460462184 201.9467113317992
764.0384406196888 582.1909990593779
634.9983774762168 240.33668137607637
193.82506109057996 724.7467964917835
609.3606922338658 119.28078546223595
398.01112558184036 239.78593537129476
368.3940813860437 895.6948693635579
165.64507635114367 854.5292340598965
35.119399210837 114.09704174095727
337.4060927241434 962.1182255687813
445.16351365657243 871.4679496303997
615.7074413096925 878.7156806114149
233.74702661957758 304.3099672232074
960.4009390931594 483.448214478397
401.6073428488224 765.518785475284
697.8422142865361 581.7910023159404
501.79861135201185 827.6194511752085
45.543137165922744 49.4243409355303
129.56494055442965 820.9147641698107
914.7603456464637 317.3668948778353
572.6603349065019 172.49909948786635
627.6852018771406 64.81934645006714
920.7244470763633 233.15590750071212
922.0131911306835 536.4372843953201
27.7644235172426 260.05881217448234
878.0648693220705 159.87522505542594
707.3234815059875 220.07360763615645
397.5848831948218 538.9793826867644
842.3073415625572 662.3186807939519
477.7107643843023 970.2871314692209
90.65250750607194 773.6169826896044
917.2858569923467 591.6477264319547
809.3454736373715 100.91303655985529
446.35040152452484 793.0330125441546
261.6917136320258 249.9720088652868
26.1789633752243 963.2430806884993
447.33587453490975 59.52032961021479
559.507371111001 123.65810336157604
