objects
812.520227880365 893.2663675156736
124.01667685781534 525.2047421223635
486.13340162865705 683.9746385275992
904.0859139110976 692.6126921906297
454.38752440501537 375.141317129245
348.5392788360992 572.3155289328744
620.6298417366501 500.4475951710351
181.65103876512677 909.8209264197135
779.3669614143023 584.8528284239828
917.4417837055346 419.76914179338155
724.3868001636914 361.6875477681113
544.0482571238939 153.63660034240553
270.6359508711974 386.8825593812286
769.3331009215697 113.00459318966965
253.21330453913401 225.9205778330628
624.8897485965585 908.5748688919298
150.90480047082374 749.1263814903281
114.21694758771906 311.5591135388766
655.7789129655438 706.2234812599668
96.9128844735537 146.44115985442804
