objects
208.0344306210364 342.0546942068047
292.2861126006325 733.7329310050551
456.69920940607483 727.3780468470867
493.46704704453896 283.75350139679455
105.00244034228974 110.20167301698832
776.0539715537384 654.8583552079432
534.3028249656127 871.1285593168392
906.2731215837184 259.60947231958914
382.4832740149351 437.0515716386187
383.688268807578 116.32829865705165
718.095867350481 885.2901050310664
613.9233452477296 667.1865651547691
757.2443557458477 419.3468735524656
246.5746349961958 526.9532481862058
599.9606348111033 101.65154015006311
168.01881973247862 912.0250731103082
136.4721873939562 715.3928423650783
903.1772307467902 535.040124990488
866.95704290991 817.2291097384027
577.0210048225831 507.155990517554
