objects
114.28660332646305 289.06786942334725
269.1012888507995 535.3063774005952
882.63167603905 554.8122997755622
497.93670446980167 299.4782656804367
405.8878506328591 621.9776094813722
909.9233359329916 401.4177886783838
669.9068768479515 457.7328820375356
705.1878791198061 739.5829026795508
723.0493326335802 291.65298756126566
186.7618763339612 739.5573843700139
329.3393323341959 816.2745127995353
102.86423136272074 887.7656548985318
565.9788110613878 920.1125843609382
101.68368554640423 131.5730719608801
87.16899618321528 512.1204555616351
870.9880457735023 759.331118509978
286.43644661129514 85.1356769490947
587.6367132338399 631.4623721954383
918.3338706013662 111.35350539969176
291.88833921875226 267.0557534329283
