objects
221.67222944092788 753.2238573810846
583.7888946585996 131.51097431269858
262.9041471979889 130.96217827455934
828.0417796173198 720.3063521081718
553.9273684349904 900.7303633658672
450.0309073037042 289.7666306159858
706.3859475838461 296.792585943711
139.61728922501908 587.1209394012399
919.1944488000116 184.65610767231033
500.45495618768786 715.89779804123
110.86730018034851 173.36204448739892
753.4395721420009 579.6522395198492
917.3556534255683 587.5957638640883
680.5524314273556 808.2054976266376
100.23074486772394 912.3471987393777
587.6350246319676 560.6841336193996
381.46984975437897 916.1833188862879
240.30633935126463 319.1469546932138
748.1082951125311 128.38052627712858
425.1707792133684 486.4427005997238
