objects
677.2352725135103 181.29871476309324
545.6576522836453 592.5280478106986
443.83305292113806 351.44115108948057
156.32386465412682 643.6237656740105
474.3478000451429 741.9091971721153
251.86941858877373 909.9136936139593
755.2820032648114 813.3498580786548
787.1993580366243 443.6432157561456
725.5480929316491 658.96320288545
518.2044886940412 92.64397686790602
348.7629475172969 522.90753835128
127.6675678846926 106.50258036679303
212.22136017875232 385.6045884431775
298.15484366926813 748.7591319755446
850.4653683258589 247.67943376287786
906.3616424998098 101.13975814994514
641.4330097840766 375.48859819587915
101.68944536343966 273.4651661367976
912.0423697377688 583.9056240655337
326.955428522909 230.27985884430933
