objects
177.04538185858388 299.1436420463032
58.8885951064309 287.24664647377915
460.0659108618071 62.63607090058207
676.8078889464184 535.0615367866816
336.61232848937027 281.5949271644473
910.5554999625577 690.7427750869563
779.581535596288 371.5437931981408
489.38281179273713 867.2804476197061
500.33904710506636 383.63431395470775
61.977137445311016 469.69223432076865
629.9151415825837 923.0182734495372
87.50442564241996 912.658041771863
485.1147249188208 732.3241844951672
334.5161178186111 480.27255164188523
698.1879089322845 819.7243254751455
904.1101306627563 325.1237959064058
435.34513174892214 532.3441633828029
601.5998506976817 58.71920668169216
584.9574752792523 203.43355929776305
195.3706051242835 751.0855529698377
108.86647663029667 588.605241190358
82.97684946268254 715.7008721269415
222.31058925644132 885.0750055137894
697.2400944255195 644.121453397268
859.9779420098291 563.7449350223186
888.8601484474256 837.6166594175322
757.1612954544765 194.9738497923046
867.588021230661 74.67213669868372
334.22565789357907 677.211624830973
220.0791037028525 513.6288507794657
323.16097779578126 157.3296548446619
366.09509804989665 801.2921308181496
788.7547967579377 741.4979656921523
459.31885264793124 221.75225713981393
772.5765973894721 942.3267001266701
528.4992987798558 618.9608249415751
613.7161769653442 341.994661388871
158.91723008894058 59.12434605514958
747.5202486880949 61.64274951958338
920.217631763099 456.5763960279922
