objects
664.5794503199061 85.9491530047455
732.6449786765435 252.89911286975877
106.09543027593196 329.052619725776
503.1207989321942 820.4239756392457
751.1177094012965 774.8150591952443
778.6838068595262 449.2348834253422
546.674404623762 579.121811027033
603.7780811824853 744.2302367448009
293.79800220588555 353.59174770545764
388.102872695391 795.6927664042881
831.3016157973308 105.71145277684948
445.81811112060063 359.0703438407781
267.65752873903045 593.3926259665591
729.7373797132354 884.1726434809959
807.4765285494616 588.1331838343995
936.5630562700497 939.9143741224133
416.3662280797404 925.319103771792
235.65050213214374 173.48554797603575
248.2163518960852 60.92519337246949
205.68944811929546 766.9506247215469
59.101172188877115 757.6641732149778
851.9165744435229 312.00337161413296
667.3108220293674 593.288253279312
348.18839247137043 169.03082084073927
613.6612229494106 332.23911969660764
848.9333637591619 690.7703549928926
441.64761849955795 71.42519091870764
83.74913057293956 874.7991399584803
539.4196195458269 192.78976429994424
940.2377682427368 86.21065469006575
890.068875576008 822.2997725682436
398.6066537509338 538.4949022068728
74.55646196699749 636.0326167970716
628.9933330297807 943.4975217386191
941.2674820084194 243.4071018278508
90.93764046843033 153.60504875000203
301.5181802492434 701.8769563457081
923.2597261489265 522.6316508100301
198.21552202249538 503.31356575928197
413.90285680142955 665.2263154241856
