objects
399.65304983166953 501.5625623578933
204.97658306574536 128.07001535448
399.48722741730666 711.9536754126802
726.6794031719876 199.7094326127827
116.04525270304566 752.0517973540847
361.3868709033253 282.51939728365204
555.0371096848066 925.3508523491333
717.4729205431711 904.4059174246266
528.2048535963273 728.2967982498591
738.1830642859105 82.93364463833704
105.24077639067356 580.4742409831537
821.8058780675624 344.03505557274605
895.2940788190909 624.6530349601179
424.35741289307646 132.00781157568645
920.9590223284812 423.31817024627514
249.4937977752296 908.6738910771168
64.78624566931865 167.77025579584134
660.0803502728314 515.5808231124608
618.6788426762605 654.536130575867
525.280612353382 350.735453178312
73.13613680452131 460.7851208828183
231.39388502285 260.9117573429885
835.895058504137 838.7256780608767
419.9879979890338 913.1959442584649
476.9247719935382 627.2466244150846
786.3644049480492 474.20334732621427
130.4545692371623 865.2305113921226
224.63270040768552 620.4912733963581
942.9830024775512 136.57552449379165
691.4171265292514 343.0024285199975
734.3697901420935 759.056603418047
277.2561531590214 444.0372413230223
929.5260364059956 258.2668622888365
940.063060092547 920.8053329348846
610.392842791684 201.1201768332377
468.96005605313735 249.09727423308607
550.2088618387993 532.7811621803874
318.5193990926477 57.44008616793723
97.23019731936091 324.16980406856237
608.5302934343001 815.1628589056006
