objects
940.3884682207256 300.75988318774813
64.54875317225232 484.5437218395784
786.3444430515362 854.4167999890491
741.301187993125 492.87028282555946
248.41192368673023 714.0516099286166
369.5959096979017 419.99417427843315
254.12052754144958 204.89104176122376
182.15518248203188 938.1283996918324
64.2961398794083 201.6267794351799
852.2050566326973 82.84702106029889
123.97932348776558 342.1498642319859
421.4358607415791 240.54457158824133
545.2128737071293 173.39102144544697
197.59988081474214 475.35529670729704
691.164395659285 773.2690009868279
79.28358553643636 753.3091247850515
885.3759911221675 675.8945150757102
618.6590990262488 542.856819109194
658.0745839522034 93.02314122041767
731.8686296231039 210.07519957040654
523.619170566108 332.2806167809493
550.69484733286 661.9039191593428
580.0944675748052 897.0956679399106
490.53813791286046 493.4241390445118
624.9830446720883 259.38366804055005
248.9832748595396 333.20613859162387
383.29576789266986 637.485359156878
926.9003282731517 438.28155127964163
920.7661228255728 562.8622886401953
275.94582913322495 845.0728814668805
457.17812237899113 66.41921387497393
72.9063859258651 610.8910753828849
763.8277624563718 338.8455547379818
313.15624538932883 545.2946922531786
79.36298335451787 91.83541475931894
426.7426717888048 824.106185153591
249.27181271865382 70.04704434984201
682.933303141756 643.9630597040712
904.8382659528617 852.044104408634
340.0322722006032 937.4631706887787
