objects
517.8070450522378 970.9306608825693
718.6981945412617 802.1968987785722
514.1609224813737 680.903455697514
413.16522255540815 798.390330706383
445.9642216463119 377.4453614863937
246.0327600152915 126.12718345293713
230.69375377413488 250.26176985733218
607.3075172546693 99.03863203047658
249.48571434866136 824.9644615656881
185.24745794200453 569.0420566814918
61.547049274648046 208.7087073155235
425.25861090547187 666.1204646671124
189.95866925157293 667.9603204659483
186.97824739312907 72.74316022904657
64.21725262802511 554.4131889095614
294.2067200884088 790.0481147484966
970.0671648677729 275.0730348444041
205.11423300633092 376.1459719506937
276.9977643645626 407.20457722233914
111.30848732416084 906.010068683005
243.12706992316413 568.3582845954967
484.82232601774876 131.24403553335125
436.0282730668738 864.6481731209274
190.9308014734861 969.8354176181556
913.7017389753655 642.8126513125607
351.4430597666418 730.0695876483674
107.3441439683237 73.01291981042081
611.8271874507922 595.6179676382997
225.86996851870052 715.7060547123541
191.6801618346719 815.3529978069635
911.4161627397027 185.97528105085496
784.9998337691451 834.0452518088329
653.5561979310916 398.3002758215606
815.2239758392977 127.42636585164529
512.5984625729386 27.309774254862916
58.62397562628882 142.85015364239837
801.7656662410344 257.70483376072264
94.9032783914611 245.18000814421777
621.8702322978554 957.3173658734639
621.8208451798345 770.7595362201562
578.5119929879874 799.0998557583089
695.4461560466988 677.4379376956266
880.9118167212105 117.24189110940901
244.53997724714043 473.4873154717176
309.986766023139 191.7847928270597
871.9429047194607 550.5839949803411
933.1855658289724 956.5200559458649
274.874206104222 634.3419344399208
368.8155325724821 632.1830912401299
834.5995433432355 848.3110358045715
453.43520568888493 608.7364944537059
548.810139572373 296.55138863634556
287.8448995795047 39.667250583297495
521.8242715496265 175.00515281846748
435.1712082983165 455.09050145203446
746.7514230284268 533.8588497898197
763.1856732768966 755.3090784300867
547.8592142877534 546.6458398457916
466.0252793178413 281.59690319138235
34.99521892867557 824.6347016724454
577.6150881137662 902.6641268280765
377.84607509917 583.8121007531495
830.3208590216377 954.4092606984138
377.47270766806344 880.704995716108
821.8555133729039 311.3623822346714
508.003068158279 742.8306110918539
624.060394879987 685.7261925458567
460.04711084311316 804.7495750653867
37.82232571693013 32.03051304842699
621.6019178671847 272.4906408415426
586.8393977402471 731.709356835431
847.9249237813415 612.7634694424711
731.7351186340297 318.36309001501115
937.966849683494 790.9209854699635
308.8345506230586 491.90491943353686
743.2993983888089 196.90800957673338
108.74761148346626 717.1947358657817
804.5596293731105 561.4990499123376
59.39914055911632 895.523276831284
500.27193694794585 73.65850573125782
193.6993122961406 322.14621053651115
495.30445866365164 407.65348602222593
925.1925159496869 847.0304934427493
127.15567336697701 463.23891107451163
517.5583743630277 802.6598045131133
168.22449086836855 888.8785713539144
555.0696627032904 64.69530703061514
410.02733031047114 125.33013092740677
539.4927873121948 243.39006516631662
921.9989800026431 237.18576234860495
458.01863543186835 921.9103817470138
30.32637735672332 339.20117146767996
52.827369705528184 667.7640947524598
784.0643711159689 356.6397540533119
87.09641800487226 829.7645957185393
869.4299485291683 251.53376996915088
795.7480388315179 910.8687703478593
704.9263455323094 386.3634479378743
581.7387396103928 146.67219769994858
371.4869524560354 932.1027804925504
712.0950764499512 947.9954318030141
758.43442564026 278.95823691698945
824.2085827991544 174.97784271312906
608.6337557644425 476.49670222833583
731.3606663958217 627.1390725895831
656.7575219311718 234.51236836805018
724.8787706177558 58.75072341156061
774.1272053379521 962.7804516982912
605.3120883236306 538.6397129839296
418.4176712085366 537.7164073286771
946.6384281761855 742.7539574036706
31.198915970803 430.1857650287725
241.21266135352036 69.47966011441446
681.0552394245069 627.1765706181043
79.48402372791432 430.3250800861214
184.93012116403386 470.75532043751184
347.5071617401936 333.44748516159075
927.1259558383539 58.287606280893414
29.564470000316703 614.4612806848611
821.241496697061 453.1830625136354
345.11095265498113 53.75066186385227
846.0760414751607 746.9841048587987
806.0420806973397 651.6345240438135
603.958266356543 854.1245067281402
462.58919065650707 519.0027408557066
766.4529779158488 118.52875504484862
301.12472046047606 586.3835072064452
602.059542600812 320.70548412869493
136.7770823291783 806.8836497635995
217.39008608190332 608.8262220024014
857.2299855020027 908.8945296645146
714.2294549641241 157.18380336906446
512.1658689880809 622.2529600245615
912.7811424429731 509.8520488964625
77.962493794988 505.1034445038722
732.4335342479611 881.65971942336
320.1221920151927 263.0895443141621
578.2526999014698 423.419755922218
30.9765308203475 971.4283228134129
349.4579447164739 459.4766720275443
145.0521569257234 206.67589252454476
482.18101875645004 562.0095008187845
398.91829459185874 367.3434646332837
556.1190501059295 498.71970130384443
51.01910053215862 745.2675416781558
435.98466149162846 326.47483248894275
974.8606707343763 165.35254812833153
921.260968231681 288.22024629114685
137.53729564493472 520.8080101758152
174.5856723301411 732.8185843778775
966.8519319723858 25.48248130349726
318.6303434454694 859.7492101781485
851.2963362192709 355.1877463384668
434.5603244718136 226.9762562788332
487.04875997602676 850.3751069249557
934.1289172300263 412.02553806636536
941.4209043096315 556.1430710720614
296.47935310112655 117.04539539486836
29.093926921232942 257.09721075271443
719.5441205957421 492.7261986085375
390.5976900949821 310.24424361627155
164.10370172915688 273.85364635364056
518.5724251825535 906.5390670610138
57.24280584408673 86.77873187181544
582.5892116265609 661.061598631286
