objects
178.39855010963777 117.99743588207112
595.8829213112915 616.9593473338043
340.705096938991 308.44434421621236
808.51028757357 432.917601161177
372.01557185280205 966.4007460769428
876.4054541297131 472.2318142323169
488.2759781682795 73.04544379311534
815.0491360264022 810.4829636941377
87.1736167983111 172.58310299123858
77.37707742404916 257.7415366943008
265.64985941143345 875.9559612070609
465.45456122364544 298.00351129145713
549.8866338685843 451.1962302074169
503.73458171754737 528.9159296026154
90.72680964453988 586.893342956052
57.90342151931054 414.8774939837226
602.0295332985892 703.1609603764733
237.93288866108173 421.41034602564093
143.24231013973667 665.5805745650441
525.5068251138684 578.5619472720203
447.6223138525544 542.7249076701395
476.77583143644495 754.6946712885762
823.4492263896626 351.7175235358535
269.2501444632803 676.178331138176
82.03818596471535 467.3355985283017
416.8038226304444 925.1763849324922
552.3318174832191 142.212917671897
128.81848551137244 520.0914974642917
176.1676863165363 885.9090439639991
390.8497113241815 68.75559911195356
761.912231217876 560.1394068350412
917.6771011704185 71.21948405498688
887.4498492253299 588.4840362939644
371.43650645353273 119.68897575495468
864.1310797516953 204.58678411485633
287.88253614702444 621.7216222548841
585.0021782299877 565.8036315859493
635.3771431266777 86.64371899159009
469.7349925697051 385.8482355576426
750.0958291252559 54.152565853260256
108.74299790221569 107.47106346059783
405.4248404098305 513.8998868229205
797.3850889944672 201.5629423515579
663.8745012008287 146.28363166670394
712.225017293299 896.7058842754219
198.48785290511967 654.4877511101759
381.6987758115969 199.98891062645657
948.4933777609729 507.35228691920827
426.20944340270455 721.5147046372953
645.6544919005973 662.650412188583
440.3071635937205 119.31222298274328
646.9859772914722 717.3698013165638
152.04930692885253 240.45492467424268
315.88934615399774 688.1188924461552
182.68662289431165 175.256962305433
881.7702346403462 274.6539976345046
37.06707109854523 225.08843915958425
730.3734276988401 396.8642593546
78.92040278290754 935.861443011804
41.319383528187586 120.42489148314424
434.4765271290589 460.9276494801253
222.60838616174973 583.4647615732367
967.2316857933027 182.09362126777003
142.48455798818418 34.33219990393354
656.3153483267582 480.56146896394375
766.5686210843564 149.93910578962863
571.2299408443766 883.60506458545
565.5148451997334 234.79989737036107
326.3177505914148 158.00771184743382
495.66475860735375 898.3768944908595
178.31426045274753 505.43809949226954
89.76119670385683 710.182604680403
239.41044579007055 922.2240817861696
707.0783300811034 354.8752411672443
607.0156570952619 193.3723462573141
41.58170334353359 533.2078462744498
552.0050941067392 53.38401641360139
803.9910529633868 495.29421064610233
827.6202306180508 916.2254498545982
732.4943480749047 598.7815134883552
398.859864922936 338.8164875929233
692.2488934359727 437.9648643050484
360.5924593395216 911.5009870280713
144.7300533337932 585.6613527082268
134.93889788847207 147.46965490757105
964.6195107811528 613.1049481712736
720.9458608139157 505.7745175256896
360.2081082649129 382.9631763341321
931.9759636820129 225.42587410511487
225.438217257777 25.296974007496534
776.7988734771698 337.1579338186556
26.838133707918363 683.7193844146374
284.83048503552914 428.16938352888883
495.53119071697427 817.3612211332226
215.7028150823959 774.1935123640208
108.49755577312483 392.7828852428469
384.13416291131114 686.3373643257339
276.46449331345207 135.92164027611688
167.52236288758556 817.5865312933479
623.8778422061737 398.8217608702115
671.2796740406986 572.8187309329459
163.2693562137397 376.23814659535617
100.74942142780768 855.5500416637296
309.86766349229856 835.2774374718954
136.7070660113701 758.9824434380309
610.928606522365 348.90851829923724
691.1316296503039 940.6103644847872
737.9411021873424 791.2115826901909
432.52795424312114 786.69890819813
725.6151910768899 668.0428605000149
948.1685815024216 861.7009384898964
621.7186554253236 836.8841720013949
181.12578491750935 320.3967388782121
626.7663217301686 903.6546402736147
440.922295261002 45.27149908011241
307.6123767606141 750.6543749484632
929.0494033313778 368.11790554916877
716.1314962153865 837.8593920844299
388.51560195253523 266.04156944449153
930.720653530798 138.1939430511946
312.2437879050541 204.34696532798188
184.8270122923113 69.01423696987422
474.1166736212265 966.6551042327635
135.4015090378552 338.3657510834763
353.3663579624831 774.5735944550507
403.4458422526649 607.186928725284
189.47063658983842 714.6294161207959
431.57991651554903 197.37808903148806
582.9744374444966 787.7288981343207
907.8095989043908 956.2510392396395
829.6852426482415 707.3041955813197
224.05902950787316 140.89683064234708
860.9800995879532 968.207728043714
261.07669528353506 523.87409429231
221.53172376976343 239.46044583363488
629.9325849178126 544.7755698693659
593.2646790033864 295.2950222101098
972.3544841185656 286.24649830862893
558.3907855825433 683.1734124487324
305.3318983005196 346.29979732271113
170.2754920322431 458.76710181072474
953.7160221745643 784.3729599593047
829.9697062534786 53.54965640387364
49.38974419229035 851.2523638880747
475.8520964803939 641.4791692822247
395.2268997736088 868.8910870871406
893.7136262735984 729.5267811047554
694.7380426288621 284.83381772893085
145.0052889504842 921.7473847142381
658.8230979668402 245.22592290144289
254.63729656990944 813.5343382811667
273.61534394303726 36.125999304648
969.521234311419 51.37248646494851
471.86777290201746 235.1473519556051
868.2598269055746 124.63964757377428
555.8223734211472 949.6194823151675
780.9282697021179 684.1294544654661
922.2637590112678 649.9751437810235
288.4230713164843 272.7969806326972
25.185597335166012 306.9701875561036
754.2940225291595 727.0892852011519
296.29832504699243 479.89277890922324
302.4424822258404 965.2695364515902
59.329175379341116 359.55482899692265
972.6200377594978 345.44603145722806
