objects
384.5514088406337 326.97670133117913
216.62840342542844 713.7082062043095
425.60496418701814 295.85688556105174
443.9150510191781 412.18573782752856
368.4778239671614 454.92610971041927
946.78190073054 520.2663484186913
566.3929214430907 623.5966208765968
838.466823658837 125.36274333671005
536.2673686074809 243.69515527702993
897.4392420187766 441.1937790497627
471.83861192139545 508.4383788208514
551.1879694674761 900.3378237417421
909.5132847870648 224.41489951929591
764.5981313761556 88.35289301951397
921.5006260261042 67.3075541073689
494.05817389016545 852.6015956308546
613.2232874135566 489.14519548595695
757.9750818198966 897.4599728171684
621.346345885133 768.8391947557955
172.60048257400908 194.02423265438588
116.12145828384062 77.12140215804808
585.8801375489776 218.91992211845962
409.5615845623446 971.2822239120928
949.2065781861274 579.348675179912
435.0574716776051 893.8129631478469
227.7044718048512 441.8401275509683
855.5961733055914 291.16166655285326
496.68644805038 24.495466507434745
948.3539658969647 24.86409994771523
102.09683102488307 245.55019547925346
389.71542651613174 791.5226130639685
78.94648697222948 151.46379635808364
900.0956781242256 838.891209246182
446.75046575362865 742.5458647668199
106.00212223267371 747.8817191465488
253.31988532889577 642.0449962141312
38.2528421585464 533.4082604829474
217.8340252563926 876.3530933968649
102.74605875155606 594.9456950084017
356.02689869170194 974.1188060203398
406.3678499389864 841.1892543405121
821.8707436753234 750.0903295733779
778.9502860696647 148.6181625735406
360.4591322220531 208.85184554947446
671.5383103859621 132.35997270073977
691.6272693815796 633.1180145285784
637.3794132411776 965.7941499938477
524.4373845645764 157.8848218571581
788.9275303037753 236.16799850394372
471.1064334241139 266.4456131731861
611.7742815810353 827.5882278001638
50.37840705450654 578.5223188922429
66.03501880347082 209.55154989894376
205.08524478430635 521.7902630685509
856.7844009678183 811.4680333423275
508.36808133431987 99.91299926465004
357.33430043903616 754.1036486710617
28.40687822794206 144.78559738262464
136.49509049844187 509.1739932698024
363.1101960252613 892.551248107953
279.3644797256162 183.17347886363234
520.7637248948996 811.1357441500066
167.75638370454828 339.15999268948406
589.9424227275213 138.24514231477684
610.7554365927127 558.5553854751815
353.1830065033746 674.3692648550375
204.06151028784208 652.0795254224064
856.2416953960246 578.0331697469231
181.1460482849689 142.46804407342637
846.4934458617308 707.314613826336
964.0475523504308 724.6358628725585
947.1910863893297 783.973482939096
715.0409644149335 279.85545619419986
586.408357256888 708.8744624282951
651.7779409525057 532.7029113526453
262.99266376589594 953.4577788915417
846.4204578431829 447.61451115870955
162.42204672194555 241.15630295271933
662.4235017575475 728.197071582729
799.4738979906481 26.990545669266197
310.6196698234262 635.1715313040938
524.1092614088005 557.7526502652415
708.7161006054419 96.97143232248462
265.726276307495 101.02393258622772
959.8860661197344 282.9061731582003
283.8399760489897 257.31959137652257
843.6986475880773 235.5965926126117
212.63755695158028 316.744343853622
164.86318524471315 421.59190939917266
125.11238630380738 199.09459184075257
511.8415401985553 431.8439895114549
52.37285060106353 375.4035377895892
960.0587678400501 663.948188295981
865.3105496170443 923.3949449848651
203.10076466176704 38.95306064166538
34.22569078184674 870.9986301667194
212.91642306152195 97.27565402206454
550.3852521697299 773.4910469758178
205.98103512657272 939.3556983217323
410.7067406513705 660.8916736519085
410.99867101331347 501.69288965648343
866.2908255413388 36.71513361082249
929.9259565869095 899.9413495409516
801.6267300911827 464.4702287813202
588.801138694018 45.49298444788188
690.4440100997926 833.5219409769262
609.2611575581236 356.8604331894692
277.3270923155875 451.44813810795506
34.036851074253775 652.5296494000493
412.2110456892859 251.23881785813236
289.0611075670364 321.71961531783757
326.96273526594234 557.3179123245392
108.08507499999702 364.6914915798767
482.2619203818101 218.50568395174278
669.3222910081302 205.509456927789
972.6052079939602 130.8553409314373
290.7487465242315 55.2788232673741
485.9572207044632 961.5313488143482
614.3016621969116 308.8840815403356
717.1914502056294 781.5762392034162
499.9472448848518 319.04957388058244
631.663878754465 80.84717066184669
697.0155147783807 908.642270026024
368.10032041571344 600.6735340943013
406.1240605726342 120.31482558045879
103.68414140536817 928.5729301163159
810.9105574527988 564.6467555539432
290.62991295950167 512.689788323613
323.9379221508017 852.0821790849295
914.1598827250798 150.42152485361305
244.9450560436508 366.7692139100212
895.0367419716555 740.2129105214751
344.1149683676209 359.612709898797
164.87504587576447 575.4537397401197
735.9287005442503 344.04387702696
450.13615033905353 363.7485538447852
152.05078914152978 24.165886765219405
687.045708964999 444.3361313763984
974.6706367878933 432.39955972361133
496.30671451278465 901.458603116038
154.55155209411117 793.6872332509996
767.7284276262095 800.7678717600323
575.2225522374439 277.9502734358825
651.1812806516253 875.7919483969781
31.61048183546212 458.6678345913417
151.09035969353522 726.388030416513
882.5802435814782 668.057508179979
724.8016719298407 170.75324498739724
456.6781555513991 105.38536412740524
145.949019301928 637.267960291987
811.4596864013685 651.1522693225929
783.1745412213821 856.387013438036
268.89689664560336 717.4708527004985
443.8584723834774 57.96891809357746
745.5977630999589 594.5550026194795
871.3097364142918 513.3908518676195
291.81319023488334 400.4028520122896
648.8284635070492 610.2005212058567
585.3092645001967 956.0391915462185
421.37324028303567 175.19933541594577
927.71217214658 322.07521637673744
251.42162171444733 579.7055891767641
47.942493435463874 82.97482097020212
495.06926704530827 675.3699645614297
907.3309872840993 384.68156353600705
