objects
764.5780704961134 909.6873918169225
228.54285491807084 141.2079552437192
911.7696151694314 181.84756785493738
940.4477656647632 334.54625458246585
795.2004980029527 487.7489440004181
382.5869811551836 197.8445003528653
627.9774036811315 327.3135223767258
553.656530486544 745.004405047551
136.59436815361624 108.77205942005116
921.2967587050412 92.79450384902935
404.0922585813382 571.1224953043699
460.09594185058563 892.8108342966823
722.5567855968011 955.0074533212703
343.6567374527201 429.0249669892369
786.6904661986131 214.9655904056378
951.5520563350486 927.2128069567559
508.8308916935887 546.2705628059364
222.50866989910034 902.0128560159313
470.17909146631587 492.55896954587513
334.70762688817933 963.0434363501281
629.5484401071457 453.27373581108986
300.81222019224515 845.7814696996548
707.5072474336735 313.6000445183198
566.0051053252555 53.869565549631275
316.25895853133886 356.31594866125306
857.3087797030835 525.4659844933991
850.0932647355315 32.83613389129632
121.41817071242738 574.3398795822861
456.88570868104046 251.172123526687
519.9065365816006 874.3989389777953
845.4234197770339 826.3552998723839
595.3632731574429 650.3275791740845
524.9318715808066 790.2416339323319
608.5511683478684 181.98765744833213
233.88257519443184 378.6157400441024
65.03820610653872 69.4630463393348
154.7820387384969 888.0403828085758
674.2120085820931 172.42553755891396
32.23305933369081 860.0345183261501
773.2126205085364 312.58784828344244
947.1361298257548 436.69118133925804
638.8655081489771 119.32293901215613
183.24796071165608 301.4922377690434
189.31624225532133 60.781994347144604
884.6608711947854 869.5698123715757
722.5763097733713 703.1503199350473
519.3887696212686 363.95916806085074
295.8042184234687 581.6173248946712
263.39253679699266 784.8466395897876
606.0685580702732 407.52895174105015
370.9332845701027 721.3899768201293
671.1550732482978 33.09366976002902
727.8470516153135 624.3911990101486
794.5598432997376 852.9740727622644
475.80784104331485 649.470627042949
470.15844328072785 316.6879805343634
789.4311436908158 57.360128168681655
692.2213973476046 77.8940610358722
103.30004533045866 172.21331685826902
835.9854720643021 340.70705132099397
433.3331537752748 112.42058794151848
313.73595830763315 70.60798751317799
68.46004931933908 589.0402339662198
450.6324558399007 545.9889056907455
380.4441531130567 106.88392511764296
324.5562028972762 479.5257209898074
718.835415022016 416.2297035410294
662.5000175033454 741.8098292161598
856.3531212100801 283.146786528048
792.6112744197922 382.22357202724686
467.6874014851451 698.0013507431961
808.0495067869293 753.7760414497875
632.0819195281226 508.70540696093224
345.13854323266526 882.1528747233627
679.4717179776783 547.1403372063885
760.1499343880006 767.5220035150874
413.4754279559247 667.4411422066768
157.83137528547428 682.1962952701956
598.0787746753298 862.6268440692407
503.35107716978564 34.184459574290074
292.25627949035106 688.199606081202
888.7219825871604 737.6549491809823
974.830642153049 576.0002503201067
897.9375139696814 949.5682375391075
966.5056115981374 166.8077473749666
186.89132239966904 723.2945155609566
562.931360789056 141.42727564408517
273.85456964665775 884.6416300920329
909.8112291291559 788.3382983505801
212.26972082432616 958.0447402448325
236.36146860184184 512.7877501411076
489.6317342140834 213.81076000375384
498.24147137001887 107.58895694768607
661.1293291163048 907.4054527149663
550.6583047294296 917.001775941228
512.7735003715705 609.0132704946272
389.46894369982465 399.8698244564581
622.8227846100302 974.0459199731337
581.8092724741088 281.2217396937191
206.47376123670261 185.98821787041854
258.88539438770397 313.21757030042363
707.905209705831 754.1215200193162
835.4322189625848 961.5961479330031
226.01593296057678 29.95262855610925
34.83045086310622 397.2927979320632
965.3863023147737 853.2929491067686
123.66212431011118 256.549601402057
625.2181940438094 578.2408371603105
460.5952217957889 164.97495043672237
135.05833147837006 424.24644801040154
56.263735437693015 908.3370565103234
424.87621670322994 335.6418986335641
563.5777455440665 514.3421209171161
750.1157689858047 167.12842161862127
679.4553021606265 863.2377064463374
177.99832020982183 382.2606456578659
784.2681808942693 579.6705248332603
798.6605990794307 654.0817722868877
82.66446478689619 853.7804153118875
764.1909033202178 107.29284876829323
526.3646509273473 303.63190512071253
144.8703044775584 28.26822352198236
52.78864625759421 329.1629602256577
408.1247911257908 39.58806535910146
88.0712699373032 495.80507609423375
56.063731936551896 731.690862210849
882.2246651582117 368.4950301042686
659.4220235458137 409.6309039745313
734.7258132220678 461.2446983209262
850.7728513684857 585.2994982460972
612.7156129627355 28.512562668209846
86.49808784082293 372.10963048065423
328.98100728139536 139.95995353413446
446.0902036966844 409.5979075383028
922.6601563372998 278.4135242659238
536.0556711754795 206.40577933702272
863.4826918409481 200.73681185767444
260.500771324415 968.6060000722404
189.85046728758462 808.3196642856102
291.18815379029286 273.96528807063254
358.25661919461766 35.61649239234603
417.95191062581955 810.6118470934395
957.9292103921725 728.8279320808845
45.062852664372755 127.57608024845382
349.6356517343147 268.7998273999783
556.1017339668343 829.9117379647406
892.7694311896836 612.8209108929938
566.6308804836568 358.3129685332898
241.96549105435074 716.4800520403797
233.51298398621304 631.2462344085707
240.2669254451803 581.0007110081152
421.8564309706005 462.15367715178786
83.35260737430849 687.5731815194124
834.5374887705219 98.07892609651118
160.89608784668965 972.7794346308607
30.92927771987557 540.2243665376668
92.03557631822072 797.9497757086287
972.4538550603115 786.4360984626243
746.7860429895354 541.1277485622702
851.2719331425069 459.45908928532924
311.19908272371435 754.6228381449467
590.0755264312468 788.481805482598
760.841756764216 820.3637074441324
251.243833708996 448.0017113001178
27.063490120950156 190.93306450127176
