objects
653.4503873711355 82.36934375654948
618.1500133752658 184.7542616623786
474.2224833184506 452.3005447066656
629.1262569816871 359.57177035838606
878.7186741326005 486.8935098241142
36.29325414253272 842.1705881350236
931.1628670294181 670.3366578900101
394.69043356092993 464.66378194297977
458.1312284516574 229.70778498344671
93.02498511282137 268.32182348519484
756.2133799244764 459.20582801302794
668.0417236171444 700.4860388094667
905.697127366896 552.5480317826516
200.71868221578012 872.1524321205569
343.1900334745343 397.2432266486346
823.0037397508363 507.84288520935627
884.3511315605192 140.8356484171353
420.0427950742993 903.7515236236327
634.9351555422245 478.855718433529
595.5233433091119 951.6412544191065
769.3976906900829 919.4919278769012
38.12356859460292 104.54813124244068
300.7337279201556 726.0845511842224
749.8549024459916 872.9410255041912
356.43251007380366 684.332917415197
911.1175936929112 188.60093388906552
213.4302556263791 619.3533032835375
621.1422485994275 414.83755583044456
389.8551708777924 68.4316772339115
296.4621515818608 45.565712067000916
535.6682762348119 842.2132251251116
930.6411869669075 46.02207715393003
212.9276925795693 44.04628096828212
36.139111803332284 56.80081103762515
734.7332225891928 335.0300614274994
444.2776778249622 83.25400707863474
663.6541821580282 833.7213708985341
235.29123547905098 567.6602685167353
918.438133308908 348.95708929887064
193.33030623138185 931.4593424044281
232.51649381636022 210.40030605483634
321.60858175425426 612.2252110280285
831.99563560873 660.6763732185555
333.90539981265033 952.5798925401938
136.3458149775035 71.33030868473497
545.401116182376 445.4947913118998
305.6862698054549 447.40141405002055
937.8537925214863 107.73722598339066
720.3053001086105 654.7165509144583
827.9397598224109 180.33249787639022
827.1371567324032 728.7070891327364
377.0424938013821 733.6747859587152
382.3555167058719 209.49521892886702
55.338637456927756 582.3645385782012
973.4661018203943 317.78202575375235
461.3899209410463 674.4068883498801
846.948843033442 298.53738425155325
799.2345097507367 837.5139513816522
343.3367171555475 110.23913926333537
775.7247733144997 366.1837374221402
605.9825888092722 692.0991636379849
907.8692422946796 277.18307869936075
422.6680994198648 628.2410171853824
433.586449280599 187.61116249399902
257.1726299885182 376.64823912705765
607.5473583978139 307.6932664801375
114.25721423275226 465.5777330811861
142.23238940397712 267.54697848637585
235.56310055890717 681.0288391152064
493.60346858400953 499.9831667044149
484.6983838995492 174.0509704830837
522.527739168675 767.0909418140328
717.315146562491 906.4828072416678
866.0113399709071 694.7718986784473
733.6135708500145 52.35080715342718
480.93873573524104 291.8921626003166
768.598565969403 175.46664969685813
924.9722960347751 822.5249863916389
439.6310545969384 536.2216253197192
603.7173199716116 780.5523878904054
969.6296612000518 552.4973098085001
832.3236688917153 111.38752516950275
578.4956818083323 572.294879883676
512.4238879610991 411.16864177319667
951.8449366072552 260.0257972598083
878.3767492285104 383.98431073463644
697.5195618963647 593.8266869285532
854.275091989997 608.8095451485684
694.434895672751 448.32885288276157
175.98342998622184 178.7538504081447
157.8798840017147 438.5825492332167
582.7224819581323 27.47509942666611
650.5985803454253 971.375555209779
203.4876746889918 102.7169696003437
522.896058275003 362.81913542348605
111.65462399591037 565.759165655719
591.4381634329976 854.2056143712398
146.25969460798132 643.436103334213
251.0916135988883 145.15722247395982
678.9791490895971 270.26524489511166
849.3373166968433 24.80200888083941
101.88121801793761 615.9566162190096
542.4602234242659 905.8380482071
98.02699964666213 38.39162198478809
316.7951461036819 512.0272218325124
96.03238328619175 147.7998773053775
645.6463544955512 901.1430002184995
293.3101972554308 239.22340827223593
378.13733001083926 514.1255705932904
895.5038993347705 962.2572900116494
38.060120645954655 714.6778094052643
352.50919581394544 804.6948751637315
52.9754255145064 446.66657072611815
485.6787167570915 734.4636931300918
417.5643923531277 826.9295262174921
338.3549867359876 191.43876795251694
805.1439889872357 455.749952096005
859.678356654339 897.6224081400627
44.903445288016066 343.60349417466136
479.58021329155736 579.095255939706
466.04547115810783 885.3350655390627
768.5183012902046 785.3854522380082
182.73633560309915 306.58845236929585
818.9856600751579 938.9819217587324
735.2953075747154 217.2617061292443
81.76211158157746 506.99167142737474
736.8448877593397 273.2373689204197
181.18810962572485 389.9836280709309
114.49014448292967 708.9349292803657
387.46621894960265 965.7042676418647
826.7042690345372 341.7119996460433
332.11991457406316 864.275422152708
380.96935710789364 336.3954470317685
404.406831811197 685.8244035257318
28.53931067116663 287.1898353805989
757.5979098502951 557.9408361637362
382.49833669967825 591.217700051077
536.8417066695168 605.6267842056437
192.29105302447337 527.0928171604426
768.3319439272316 96.48542000607092
973.3741629519894 906.7174810011834
200.46753145170567 737.1155348873883
320.34588836279806 294.45922175941246
653.1337600879757 230.2832373986418
497.603746633313 971.1156940057375
708.1500238839335 381.5715086169214
134.66819677293097 816.2079867341445
948.5613506826837 488.0709926287701
797.0447418971659 262.3034794196876
106.75811698794963 365.83978029756986
845.8390065136839 852.534247009673
369.21935363678824 271.9440291651962
547.8513477896358 660.9214626355758
790.3703828183493 591.082522772948
97.14326318019705 413.20898231744195
892.2075457511164 429.5541164815628
118.79158541184232 974.3407635098002
815.7669811428065 394.7848487961393
578.4512220258405 132.0829936167466
684.344412534943 784.00286547647
416.79150563706776 372.25799798140224
540.2184132873334 303.72388514034196
576.104317667286 523.7671385236442
533.340952792671 74.86933646317898
944.2878743481324 596.5347506314129
