objects
452.7983079138676 308.60410058401874
595.0538973598889 430.5318202911882
470.7708612870756 187.8144237917621
355.9823235181052 555.1131041534929
938.5766885270637 480.2928648678462
58.82425891163641 429.5765939047652
743.3485803353435 457.76188150810526
848.0262011534699 865.4857733000134
235.85750262622096 630.5450475776719
55.95532977969217 895.5838947191854
851.9358444403508 961.8404780064992
122.94088611631224 415.6430994607982
817.4143355454672 335.0600615792829
627.291322295184 247.80330421598566
325.1620766902299 141.12091360410346
803.2598424788282 662.2586505733886
762.4710954375942 700.3128763150677
352.0783501646338 649.4687722118
907.2046153844219 672.2164561126654
827.2879675155772 617.317849165707
334.2280594167961 720.1338390783269
671.4901989425264 958.3002745161012
386.69738268498827 180.86514499931033
415.7864263083601 134.00094435347637
694.6728379872326 67.09937318998229
680.9752129406756 157.51475173477763
651.9222459310007 548.5563767291486
182.41205358173235 870.7509722542644
583.31936627908 891.1767900603171
624.6926762186347 117.69683482328747
967.4561340820786 709.0899466867626
377.92806409606703 427.02752675799957
693.5055577354827 789.1941195694009
395.2897475219429 596.9822019176022
272.9543717060003 567.0198216483701
549.1756224552485 330.6214947627793
405.8596555076583 341.898555977348
410.94777412115343 502.6038620196333
963.9470155792739 883.7841481635593
182.37055471082323 444.079265810543
77.32754188735069 632.732850363444
109.38747416389818 587.5129030775299
867.1199512300542 562.7404946245135
918.6055456877456 113.73663243182824
611.6025859392212 334.61479090780404
804.9033831659582 51.927287656611
541.5375453180011 130.45979116863515
95.78205244396723 272.7192728843969
641.1441972170771 462.124335273573
693.7033128895421 910.2111955334234
244.9868048436631 137.8780786422967
485.5049137101586 671.5720330316416
255.5456668190232 702.8525369198298
940.761968324436 378.2589948407058
643.7448023455208 871.2388299845516
377.86896107644884 701.3091533190283
774.3760903219151 827.4447478162733
497.6377112866013 84.42409581534571
669.6437220010863 326.9596188311607
243.20028427153275 488.69439358440684
88.33049551886732 710.1394721978619
49.24660550941498 191.42861581145294
463.80344465238454 590.926983992841
525.9443716352266 549.9191999878
197.28744990403163 549.9498401905447
151.7668524949182 782.3876324723252
470.9567606677747 969.6103359043675
156.26479560351535 72.13469148380781
346.57987924306053 330.3768326849803
891.301050035969 760.220916117927
541.1053558113122 428.6494852564666
874.6010451689784 167.7906872432782
812.5146181651709 450.7827993655509
822.7603037214546 274.9808098327578
749.545518914328 32.1544677241465
83.58879272791235 805.453475783061
479.19940653437845 792.3246976691302
259.4125653330065 341.58423031134714
427.41123654475086 950.2621554451711
497.6364676925988 146.43290734407708
243.38751532171446 818.6459281331374
155.96612670114246 350.3160224935714
882.1824020013657 234.25929449189508
317.63935426762396 436.7264925575944
142.88855244137676 529.3859948637308
462.71796511803234 735.7759837437956
106.16549526369207 495.4046481838276
280.5662966164815 68.76542626604895
614.3265178299489 679.4651653514585
534.8490398231784 754.4988994678008
42.585840438240524 368.5177121084016
370.7090071942986 95.8680764360956
225.9558624525856 36.263655223635595
343.56772474134266 498.1278852506365
418.1573442465034 853.9575286460811
121.6050771444773 213.40990311594558
548.3664456299969 704.398156594444
909.4574629449751 893.4662486029735
180.04440153352633 492.86402886119197
948.3012969192404 947.5098664330608
821.7677015905289 909.41967654685
700.7887688131655 569.5649287514289
385.67823377373384 889.7703516530487
622.7759988958384 185.72605481151223
103.36113512803125 359.0479510784769
582.8068505056308 600.1955781412431
209.21394376375926 313.16623049295015
467.11680407652227 358.5098621858102
284.0442188383356 639.3252294724804
344.6978422264756 861.8106827215854
406.94941960942447 769.2943762211005
796.8430396059005 105.72315484242218
38.069518905692256 487.3486417677309
784.8509656224013 780.7633642632596
357.8792920749886 810.6947450623401
623.3455757026121 737.7119596586238
193.31808372965804 207.3176428467621
701.1030608024817 363.8409447965762
501.1731123153344 310.73423343085926
858.4007731292809 495.73562190154803
950.8261582628926 167.042870379588
614.9578602832844 44.22093946791959
939.0675197280761 818.9209369732032
891.5727864659301 446.00893688527174
174.61700303042224 623.5298670586722
287.498239044417 961.5924720890105
194.61853826704927 696.8409687490657
959.1430951246733 271.8285959296791
41.035790474915586 134.7429597773352
918.9370633323518 621.9711830969363
854.9644947421091 413.0207544244869
700.3711279767709 660.0005947171138
836.193431526568 779.073334473191
490.1908677923444 917.7091065055165
29.85593459491766 43.44255753808257
911.4183717464676 40.36594321412724
136.57953779588354 716.4945491578765
792.9154968707786 520.7661390580342
443.0367160143744 40.04317275898159
299.9280293633599 291.21624342228654
740.5913731062142 862.3338059254099
177.62815050756618 943.9713569142785
701.4527475520466 735.1719700885557
394.2736852039227 277.67454729173755
586.0053142996317 797.0476690870897
949.5966304540061 425.8198758016541
410.43829700841786 643.6088952383328
237.88170897997975 233.17047591269844
346.0101795211748 939.7060684862959
113.41197576565074 877.9327074320554
951.6089646032408 657.7122506797596
571.4680460240006 223.96299427721513
456.07098717377085 519.266781031355
963.4231822488769 95.51633342648468
107.79189239515861 945.3936238718464
857.6630484507353 701.6490692269655
775.8670454148091 590.2796837898977
580.0952536769126 960.9850010276377
29.70347869205864 537.9086748974032
590.01228318898 499.6437378949215
334.61727321942374 379.9113239596544
535.3386128733115 186.71573337181306
733.0514559975301 962.3377510955013
229.4172978115102 895.4933833538432
859.726541391772 60.87455213910419
