objects
692.1806963191162 318.86183532343546
409.8630302621093 425.1408921942643
77.776709899118 551.0319435994481
317.73136892848424 96.40801261267187
891.0237546993992 338.214288064775
321.94802665236307 938.3098636791
35.364861378080874 963.4003858408391
928.5359823186658 95.63257047731655
299.1856895320461 297.93726413702586
35.40470722706486 704.1040551060157
579.3558820963816 482.9020102632305
428.7943001153093 907.1693914859152
343.6220520608539 846.4241238038916
802.1933971078203 561.5329429902421
485.4644370666671 355.98597323617923
797.6320294713828 215.26497706039197
684.8695495673159 751.006505492207
306.1501499909929 393.12808419958867
183.67767779660895 324.47507734419594
504.38005326020175 638.2516619173495
943.7532312994913 487.895922532834
467.4835017483641 944.0270587870734
934.0271459703067 767.1742800193476
278.05345986829366 522.1045768149642
331.25378280292784 677.8170264303005
419.28820556305936 688.5937918016488
44.42314368873563 851.7741054716086
85.27719880421274 668.6999434921797
106.96448051349515 282.50443580281717
807.7563942576916 155.87264033324973
193.50022663405178 751.2389063482577
932.0654090720182 956.5964536833219
649.3484092413179 491.1662634102935
479.7262810619767 780.2554572094721
169.22881328201274 905.3585217585475
631.5740593642415 149.3241589427392
716.4442731653893 613.433658766569
355.92190981554666 570.4238750149359
207.81497446427807 416.24719234436964
163.64388484363 796.7420513312213
582.2982790635706 71.5509391142048
897.4910816856983 717.5330136235134
269.26161456469964 790.8136646427756
581.4176807275578 630.1059820614552
666.3734794396736 701.5484716461172
343.8811093008296 795.2198486550317
579.8091649309517 574.1139108392234
292.4203525397162 650.6050134878581
45.34779345037626 801.5649284108102
537.5851830770064 165.76320240035167
436.27824757983467 221.7791541718425
300.8288195094609 602.8019605713674
655.2110992918946 426.76993766977205
969.3470414040302 229.4197546830349
675.1033910029249 868.060153133796
715.1707724653658 951.3611412575317
774.6862908830225 32.350145823720865
217.95059981092095 529.9450334003799
620.8348098674053 743.4755428383205
592.3420471837186 825.2785870611115
549.3184260157332 949.0359821376118
36.609130863820184 125.25661607423658
280.28887911080005 153.5418105273978
220.57087923538458 705.6096905680954
634.8370724748007 362.92945667143715
424.32591788456034 831.7504998921614
938.6147008461531 403.3166594532099
878.2235063506117 789.5833133556877
808.2301769340968 874.4839199857271
222.67076122514737 109.734747824693
947.6129701343183 346.68642910777146
878.6609069907021 588.0646748375677
110.21228320755114 139.01816152969906
472.54601008135023 729.1094858482237
74.01900377015112 401.56919213876427
160.39266689313672 206.12219441988907
504.28919271280574 43.59913090957488
699.5725123722985 665.9194902575008
454.87471185810455 406.5869005583662
434.4196786662209 314.87230482182895
414.3024502485624 123.5303666728383
848.6436469893974 636.3731647010546
696.1627285748727 459.88004892131005
78.48372418157419 473.79068625074945
796.6893389344611 662.3084607558027
246.85853142218318 348.9950546760665
440.0099955618043 167.4909070304671
68.62552899436585 181.57521731787668
882.2953529068574 267.3882602966416
42.535918002818846 508.00166989728564
752.8981983191646 360.4185172786496
105.759151680076 44.83572470574947
236.44906777389633 878.534044960338
362.9458597870595 621.0449753993781
933.0423484669737 164.64332010806686
971.4639095072525 710.3006454486911
706.4932858401502 24.10097509843645
138.12865625469084 965.8737535727665
308.6167261164917 877.5238560406696
379.71724810188607 508.3800847528005
865.7155879822145 516.8654828613898
151.44837564842192 66.36783069683656
636.6579709530931 85.48690784609434
228.1025188040466 580.3137281271684
67.90510250938556 625.1801888067677
456.2199687370561 265.3801297658631
268.38554483179877 733.4898820457755
733.3051511161292 113.82624054950205
472.8332109622173 599.0743632694571
896.4645423618878 131.08332364407048
249.65955944573835 31.405185056366406
886.8455681266164 65.8500275752449
745.5251655528999 881.5328820902664
585.592502661537 328.88547846942174
777.5586923218807 930.2148640878586
907.2527154708827 547.2300988974016
220.89980355388923 815.9087659508432
587.5208910505426 224.47464130201973
966.671680873316 279.30806526014976
731.6070297277788 787.8163506789201
377.8163818283816 77.53562643212726
238.11033906160867 630.0770980893369
539.4384170077205 842.864819753707
554.2983000214598 266.92329447954387
353.3395031214495 416.75226349414174
78.1835036228326 915.0847289004041
251.635496477126 197.2765847610918
163.25220586692598 579.7568096463654
254.47853967563796 260.7115235299166
355.5927768682036 262.6868276063659
396.1823089035686 379.9765795856481
381.690583336131 751.8612742237622
159.94509982965232 843.8947143328202
432.35248921436687 485.9318393794315
431.45680099766844 625.2001251839899
229.53264410180657 477.8335686929804
824.9348144026864 789.5330441479483
617.1603020247303 267.8184572575081
485.4627779291476 219.93048024037
329.504708114605 202.34605244138638
405.6512215386774 26.943033687144702
654.8354701879211 622.6657348822674
504.5890291977141 494.88270723886444
759.1001148025775 446.5502833280892
597.912026921244 961.0472438826479
866.5460483404129 919.43949215593
589.8809176077991 911.8505368331378
719.0518000046619 841.5458647476486
538.2789747061504 689.6848014434674
597.5711154739962 688.9917273864702
575.7734860796155 385.2164246442959
894.5352781683458 648.0477060098352
116.4385575270397 588.8610887825762
498.25429003805255 299.7249384480074
893.9360403587127 472.3639238795206
202.713613337859 170.0299140095489
307.63398627136996 47.09047390655461
806.6377772456341 79.48333366359897
892.867458889504 221.82871955637512
840.9160140868265 44.05507815882439
778.91620953597 274.6760356354452
546.0488484824006 783.0568551264747
796.6063824469934 722.9074698595366
842.0124632502461 302.14963749392336
502.4000952215149 92.64512479083156
