objects
589.7950423950305 579.6091022904491
749.1935094736034 873.3159847830527
718.2654393841074 107.47841814482767
179.1579748404627 911.3379076073809
367.7975511974531 284.41347315294047
851.4558688026965 24.55141606418615
562.6187079364606 348.75724413509136
555.4746034663343 438.34617976613345
741.1966632460866 507.69368755364906
52.083230958752 547.2686816034352
412.65894664654013 630.3382247248203
590.6566883862511 840.8418957803302
635.9932218522443 242.75327437775488
689.1220352796287 697.8870537132711
881.8833578748564 875.5009825524272
918.2245098101855 410.3593346797063
780.9622991554444 216.38551629125618
336.31704701725687 64.05011254331865
241.05039824739214 380.5568419841844
536.7106446839259 199.295389637853
515.3942168912833 668.0363658926037
571.6996825456133 502.34473747928155
632.0050224466398 936.5432729405945
703.3341031778631 306.21831488674934
917.733176661149 187.00991003105818
804.0854491082647 393.79785538212093
436.3860697982061 302.3982511934631
831.7886588354945 133.150037452648
263.93230484014805 536.1776508579866
459.04617982478703 122.20015039641322
579.6439365194052 656.5053059727956
757.2044425617329 432.7775028078987
739.0222329035984 661.64545093917
404.9716135120059 940.6920439722841
388.94088445177204 711.4040213153587
236.70147226212498 732.1981936016213
244.71389425807203 203.45441223296402
796.2910720791566 972.9038078770471
899.3965175897961 132.059622374884
758.126402127804 721.993039600112
833.6517095546005 469.3974572512344
561.3959191692983 924.7346398597861
502.2543184207509 598.9476798033672
589.134257199254 305.48594308598024
286.2505405098253 833.5247033363903
129.38057127782128 706.0091034823919
680.4634276481844 400.4568282495237
479.5056857966848 45.32704793704281
471.4526293275237 639.2728353339882
166.4225000587742 271.0478487511033
467.44759151490734 927.156752552433
927.0421908989574 298.8276292332522
193.71484174529326 164.86272942399432
864.1070883715902 406.94819903359326
761.2849651623424 608.9917184677563
438.90971321060374 821.9822811103736
397.877889418897 871.4631779990417
235.01969136248098 786.1719708138895
783.4421821161983 542.7274574100015
84.13602815965162 745.3292334081119
730.473344614754 948.9997402019031
308.53336332044887 689.0304081056216
438.98128665943034 767.9322292569811
339.7810498832662 636.0617194853703
178.71154346967697 402.94034182092844
127.15328792156033 917.4901965747633
134.68323620498109 560.8928289025743
648.5633016985865 822.8357611009303
917.1438869016085 582.1163689003513
348.1435775508595 392.7720155305898
290.40412602780316 893.7195722407671
529.9040512895042 797.4139391983813
100.34101661630324 805.3332222070555
864.8657258567434 589.366426882263
150.46909229611725 345.62746761990434
256.2111512407205 658.4078896273992
626.9727604835483 373.92635368499714
441.4225862413524 188.00300292153395
538.9815362070625 745.7096895115798
290.09901524882605 274.86083983413334
603.5822122899087 130.51798936687103
165.48718382335187 828.3484153995436
319.37638890701044 532.2405267150053
883.3673146208835 328.10231500085604
800.0627125145353 751.7635719289814
324.77888665089176 114.54271807335334
316.41248369196205 954.7359214525687
467.6242104663131 476.68841211449273
123.94526505041416 512.3713206703644
555.5716754769514 28.417721022256067
930.420452846658 666.8505126674941
348.2752380581119 459.2672645770966
475.643811921046 334.32628465489313
256.1107480236874 47.546539095322316
389.622988126928 525.1906955635984
710.7852088222705 355.7072018221029
171.86548165451532 762.6536690426155
214.72817363247796 600.2322166087133
968.4233871039092 782.926519304986
410.7355275814416 246.81044216136837
843.7332543323024 963.6435597635151
82.83412481007181 421.5882033532155
694.154627362209 763.3179275546463
71.03612348342449 140.80249783021418
707.3610475274044 608.88284315612
202.5007012256742 464.1090786592448
341.28460806699707 866.3281599174318
226.71663941440823 894.9207149849423
519.5408698964893 104.37337971848295
828.5939890075965 893.4320049526957
490.3120466777999 838.8678104102253
30.046379182235018 810.3094083843129
144.87694004774406 86.93017912855777
498.9783321986405 419.01064639993376
853.9080853700996 538.3079213144907
148.90084776590282 36.74186289486032
95.3080288350231 77.46001499780358
833.8894759521071 189.88622044508045
448.60503845457606 710.056904041099
196.90310257453132 316.43723031570323
238.72338079417372 106.10187678988245
307.76005710837774 325.46612990776794
508.35438332216063 241.92654931498566
425.829466633577 574.8981455819561
966.6729160768003 261.102164745019
250.80038685353801 450.07594400147116
811.443489333383 682.6871373742399
29.38920706278074 605.3273483245436
181.34835227726253 509.9828932395293
969.3670928181486 179.22337726447847
511.7238139074185 536.246188369361
105.66887254281376 636.0992598207159
399.25266861506725 108.07557371335373
736.4512907013964 245.03557406846645
395.0077925061013 327.04798671032995
652.7945507587245 138.64397269902764
693.9239189108434 182.45860037594986
314.1397827485247 750.7187031563446
610.6017996507471 55.34951987987453
769.599773595325 320.9899873419697
623.245105707074 192.00689049514818
833.8666692410392 267.94627657760367
289.14458054701026 621.274048333023
866.8839372495319 683.5251458324559
37.404152761130334 447.72027280324426
903.1591422729484 478.95010161247126
35.04040413012857 697.5210326977257
795.8052667570131 40.70552504565216
730.6554962276037 793.3337308554752
50.752567838387115 59.65595284911833
65.3181901936331 498.38743044528223
862.3747301508371 809.2013732236818
90.39462088679281 960.1425389027949
702.4825701085751 445.64796594213
628.1180381349661 501.77109190664305
577.2712563349189 791.7610779439782
965.1937655401955 85.99769172834772
960.1401308678397 449.26127440837297
64.22423052737439 364.89745895885846
401.5854094810438 374.27941826931226
55.98110857521523 240.49581719726962
893.8853586427963 971.3291310377692
799.8018294953085 832.1784788224762
676.7602522990296 650.4744214747302
115.77416179285954 188.9143338752852
