objects
346.2516361801763 787.6124981546766
586.331791237483 538.3725010264441
230.08977323341068 261.54523162344947
707.6497183778821 412.8984873421517
617.0328398708804 451.17331277548885
248.698486989273 559.8752784879449
600.0445194865866 386.37993716346296
150.57155763303166 465.6995457090759
380.74646376847943 56.17191080070494
385.7024016749169 687.2880651306768
103.55285218615752 513.6578651245293
678.3178949047399 99.95597528045244
915.511172075613 879.140508831228
686.4970130099114 146.68737880895932
655.3655709429655 682.8168630822026
741.830300489777 696.8049869400166
676.4064401168082 222.31476201534062
525.7844742091538 626.0020331854626
207.39604475447095 183.2820900120504
194.93435699248246 895.87151123835
274.46574976601346 203.5835617902626
542.5597993886732 154.38564624340424
34.7984770228453 289.320043439683
125.04089836311299 144.95668872506758
919.5602811908414 36.98863169753922
600.5580208760651 279.18753465737484
256.2366444708239 831.730945095905
305.0801585953325 835.3674436452358
155.23609906460206 738.473420084348
33.85826133457772 131.77593618629663
296.649368385852 82.32334701935171
672.422195903476 600.3888295578743
804.7674701225764 386.90397461944985
410.465536548748 479.75405333405774
325.1394696637785 336.8567577788407
161.1380321825629 532.1081556844613
400.64411795692877 801.4620607942562
445.79985268327925 644.616459753463
70.434404658956 960.9195036179682
315.9624777741499 262.2175487324275
282.51274065136784 896.9736191919098
803.4947118163908 324.42655438374527
854.8860371127829 293.7832907797658
793.6502405280349 228.4112957686134
718.5280514019357 306.9156311704844
355.0281413539508 172.22535253944383
526.284764960473 526.0118347583362
205.13503827198312 717.6207373290841
89.44496602941135 438.80567831348367
62.53382548226872 194.516249166264
52.64653707873404 892.2552295828118
840.1206246425112 533.5756060612506
645.4818047642526 32.547825286049296
155.76055202735307 248.14348826449495
573.6953604890646 613.7774941025864
971.16424259206 279.63822055704327
556.7326284894592 856.2656801665574
487.96410874322146 421.6123165030215
680.7384120912399 940.8912396276667
495.4073108291807 337.1460346724658
741.3462044969993 199.40377309104483
478.6994357308903 240.6019325007073
206.2193770452447 417.50331760424683
379.4296315804776 863.0384687275218
66.95350992319493 598.4929145916191
878.7071863226913 408.2170011687226
664.9302356186317 359.2125752213909
220.3358457233584 355.0761031319689
914.5831695396906 598.7951250871602
550.0782714866423 62.857539524799456
424.4332341324358 953.9157150086353
255.56791132230728 434.94452089738274
822.9054307269421 67.12774884826139
282.7060561126011 602.8236824951783
456.1988946470848 60.36546832284068
523.2426662421085 739.8266921354098
737.4540520001437 95.84007866419547
955.28011597264 727.913262112508
636.4181690990264 956.569624850326
264.54096298102644 691.2832900797807
832.4548772824971 438.2153990590616
49.03601987123221 471.27973798742187
882.6855431650815 79.35849184710835
553.1810090749017 781.8024230117975
325.8543782103942 950.4185927110713
693.9596868834954 717.4837938324468
504.754276033005 572.1371008603703
760.9423473677723 265.4074257718389
243.67893483222292 952.1922012660204
378.1877040362476 749.4077247192986
627.6133832300554 758.7858907666586
273.1360056836911 28.70457526668172
973.1699237450578 379.9077199365338
61.717888485979714 87.74444431154643
445.48363953346905 760.6125477233595
952.6680181688251 794.7791743010483
532.3679844911538 684.7139054250725
163.78191953970602 355.0747718610453
785.6757882485899 496.3663881733529
795.5815572735503 886.6569689903258
308.22469851628307 436.5860944111057
644.4127390493577 893.2982982555312
708.4406990957644 550.5626287738875
724.0112381583044 921.8092945962175
519.9855069771403 473.91892305177475
169.2848408847993 855.244717563051
435.9714407177835 343.9058323468952
797.8771307939578 774.9778792999359
246.58138568043472 106.84812129579096
624.3558936878513 161.92331179231695
656.5917745096484 512.0040501858305
597.7967981495078 105.7619090734011
695.7631621575928 855.0564128962504
27.81439380692263 418.0444689899439
337.7236847009631 547.6273281803715
217.5467241891546 469.38810311879615
737.8917269283753 151.06427837268188
717.3259651632117 767.7316388066699
867.3261196518162 686.3965530198394
635.093351652446 817.3433613063987
895.316792243146 834.1472528902458
180.41684641704978 32.667893731048544
693.0255740985897 49.6766866107192
198.6215284222868 570.252426124556
958.7312959660727 854.7632049253623
952.9789860828339 455.6538631529893
962.7825821147547 633.0944717265792
873.3574244883629 934.5489489081929
27.94367965540558 756.309423213564
922.2240141642573 335.09139631115954
440.3538869582511 542.8379534272682
370.9660477587163 507.6524995529844
969.5990537670938 125.21643323110025
575.9223056329749 958.7397151735088
813.1034082394988 577.7491916032949
353.2551433625647 638.6035969168536
868.6419716468629 633.1286516146523
381.7755887025444 238.4204483213967
395.97374985727583 564.078144069047
499.0849806081318 844.4804067665859
331.5876596271256 894.3480265619067
974.8988586050883 513.1415562646683
534.0149771023389 215.72763267307667
597.9579881629098 26.80890647395429
57.09068126377961 365.6692771775698
431.7976315383214 715.8114947697569
34.616746937865514 237.39376201609042
374.97316280471614 107.16638423614171
654.057490801659 285.05128496988743
387.72656877532336 384.0523980127829
876.8307806466299 222.98894078787708
280.2374643164205 322.8771147487346
551.9036853796184 265.9844034414548
596.4890950617395 212.83076895604742
128.91729581166226 902.4290130571478
442.17151307100505 280.7827673962754
897.9436142027638 270.64088842879926
187.9288489535075 798.1209444271524
715.2526248950262 477.0693485351884
325.6005245362006 125.4265072090615
540.7363864616735 400.18635964868554
941.8765089367778 966.0882605312753
77.98137783165609 653.2880594546501
447.63678507022723 158.05313534496005
735.9208390074647 605.1330904224112
