objects
833.5684399003625 193.86030767207322
80.4612841657764 279.8534945783367
487.8988575326652 249.87266490522228
470.7929274406229 431.81967118339617
542.0324358021654 697.0005440230005
522.7780838031122 942.6932734734175
264.2112386375812 158.07879840332038
274.5665978922724 40.655804155180576
588.3333499914996 829.8038547679578
296.1642643387741 496.0147240075046
403.1602923826613 303.80569644425213
692.6948352110652 135.71446458127664
589.5248793103364 137.13989356710465
676.4129370770057 589.0047430644003
490.4146973013455 374.9629202472838
368.1010931791957 704.1335943162766
376.05613726723925 855.2467601576494
511.8011566231817 856.8232472153549
304.3640514411965 301.5446207764736
676.5189516007337 688.9300762199571
803.6246956655264 515.2652836788877
711.5004284295726 872.9176459709906
878.5074125296944 394.23566787642693
767.2097158594754 775.7318934570945
432.8905685750488 647.1937941167708
575.846157541792 42.46673559219527
336.70819266091564 398.22301603861433
211.1771495294495 289.9887770964102
962.4076624125985 304.7636441918053
464.7569101880069 916.7001460208418
33.60037132755682 658.2447174651617
516.1031750845509 595.6421204193557
72.20986310705536 704.5976029828474
96.90627123071482 515.959114755574
200.46104470985622 356.52584273747595
577.273621533035 452.6757394452772
46.91669179634378 559.3689100530967
403.78236356216087 172.86253194251807
773.5492532395376 686.4223077727853
891.5810981486494 510.6294598547084
