objects
596.2685872235281 47.62293257922759
861.5007093603573 545.33418869939
484.50958741905305 433.52557954676666
143.00618898330407 880.4694013019111
125.80688350541718 535.1627096242642
210.6695965051599 701.1559301285318
249.52359881367806 122.62806918435116
126.9861416356568 284.25968004192123
836.0835457300818 656.626311840267
879.753601882298 137.0472924411244
608.0537611939443 432.6828781739879
296.7200848239228 555.9638356202767
294.1802808780874 631.1618432519541
909.2578686462143 745.3213424305911
46.57721667587134 318.96284798090164
678.9660215977584 924.1378052370032
613.8642430780066 592.628917747441
362.77715720433247 388.34206467079366
967.3395961391597 392.98663650339813
738.9332048685834 621.8903993460534
292.18610817343796 691.9501313739952
959.2057813201241 881.3224080037298
183.14175045907163 617.8271304958441
194.0308897425262 551.3559412295602
127.72737391942809 640.050029864279
582.8253499059961 651.1186731146611
679.7154818676432 319.5362890346095
73.4200157245595 256.23743946262607
399.351486711612 835.065566106803
831.8535792927804 721.8406953237238
743.7823050302467 839.8715192617324
171.49521655982704 963.2971870596533
32.05518699862425 387.368276676337
612.265272707374 231.34242681429683
395.31166369851155 134.33784593714833
73.68460232059077 449.78395703395944
322.2531736245361 877.663147090361
806.4661206105349 497.26200680702146
684.1768991159522 38.429655626917295
529.9903501538934 280.929167422456
