objects
198.90306760888336 802.7743384419143
950.3665364299943 751.2064230991398
71.01042980640392 647.5884122310761
829.1717527260429 248.5326128034176
305.3209031528807 634.1407553408884
199.65124677902423 240.27723002162045
410.67485553005713 725.2812867448434
64.92606726948857 253.51043274515175
639.1516786115038 90.21375623408804
596.8512716688931 917.9240178500777
423.6667221870338 135.82471140335318
416.1098538680235 863.7981234778379
575.3795529276812 550.2902263507979
569.9259542672811 58.13576320938054
486.4428030505515 252.37320282720506
155.7017277796611 931.2007683827696
890.8922973625765 62.808757323502036
356.51253325026516 371.46517475568106
253.69713602292097 277.4751252516758
248.74242490954387 670.52089274311
713.7757947251147 559.658694608448
741.4965530547648 762.7363902083323
438.00348455577733 384.9574876411012
889.0988867071459 247.49236216869474
271.9513638962544 120.95912113347694
884.1057627416058 153.18038730073397
706.3459479653272 877.5503099743123
487.17874985057455 494.7319218426546
381.3594846369338 497.67100201214464
495.5987350597435 380.30194966650885
895.564726991436 586.798958446544
85.62378052785752 71.44518401293622
279.5760458823913 183.53007225837194
917.5353335654655 853.9734460636503
96.31647238739043 431.5749149950167
861.7449832237373 907.5743826615196
692.4568789350625 75.36925458284452
743.5278074050253 456.3306553256902
200.64271475838794 452.11579008156565
750.4990042445432 123.89353563410556
