objects
823.1553236596686 701.2545042245663
699.5314432900508 675.6872824658886
870.7919902497373 165.7457474410943
397.0112897159897 505.76995440659186
362.394446735423 428.50891189490085
384.8304061958647 882.7073154868782
89.06302333439076 689.7865242313517
32.938077925803285 502.85268181970173
860.003596081157 971.1781521099464
258.7699144962255 453.926982467075
592.430728399651 858.0814227505791
393.0599620927215 612.9845901454838
635.1054285709195 336.28224076801376
536.4279123170127 646.3989769089455
256.7370813652029 835.1372828234383
308.41761033147407 79.84317129092052
68.8478167962558 917.0330997769004
427.2629059174061 748.6460060852896
130.86472237741526 260.7996897472654
69.4201556074072 340.5902718712306
435.480683856862 674.6861216948183
717.5011141474283 301.9212282677006
662.2107370595655 791.7144964824071
734.9280268756473 721.4504908836162
739.4204976212336 942.6675262857121
248.03906804975227 216.64502804182462
904.130192037441 503.2410109188275
773.2261495030126 268.28642586953384
512.7998296064546 212.11502514242383
170.45456088423833 868.0303351600512
101.6505269725155 144.6410470440787
247.27380541345153 634.1368657089596
913.4231786917069 97.17600114751669
640.0560982597208 692.9310310689427
826.319209367076 550.6933652615348
501.3695015026574 872.240985679299
260.3813746792454 344.3925963124764
157.3505059310668 632.7592322473027
543.824602636534 952.8015847749137
884.6464612834438 278.1602440147878
