objects
518.2631310714677 489.1186120762611
252.32975162258472 539.6685878222097
264.10837208166424 67.91116742579992
284.5912793382341 290.9127962037157
109.47349200431064 562.8006484023618
447.6842510527492 380.1267619039276
541.3719440740349 611.5781995220549
62.671327222389706 93.12845303832854
584.0235725173329 866.7233581511966
527.321715878097 545.8314101797537
803.4980568263585 260.51961837196467
75.52026420570553 275.8769511090288
130.97380545042333 716.467025994982
180.7742329285973 14.872902553972242
59.28758499664488 674.0318780166765
693.4302345004296 91.40910185358061
517.8747859554903 64.6760920180575
449.54277181995036 832.7509721477155
60.253621604039296 453.58032613839157
759.7018211267676 54.49504192591367
48.51696881939134 914.0050327277273
765.6759630822444 232.0077364762441
712.7344749457939 566.2221577836084
766.3705663184347 25.074486643628227
457.19923047361294 429.9573860580282
931.0285467077535 708.9435765152589
919.3241910022924 257.94998240109186
682.9815627466455 610.0145948330118
420.9835444670832 732.4229622899777
54.654862817995166 874.5036705160086
649.6298463543808 623.0458804853828
41.66588688659826 711.8573632885144
15.123378005606291 583.5813636194925
125.01710494033014 858.58906767832
24.459362206448105 511.022803819811
315.54055807793156 387.5196162349387
436.55750591170056 35.16060993879876
803.0204843735174 194.30735140335725
670.8753257576794 370.7099621634288
715.3599139974687 110.01176638410381
710.8789791465111 271.84645130759316
965.5187667870445 255.2721960137955
302.0903350559756 704.2927255334305
144.64315546103634 77.97013460895771
156.32039142371255 919.5803025915038
605.5421929725402 445.3630054861746
876.81334839186 181.85750233931753
525.2102699176567 925.4081288110465
134.98857276912557 196.65593493286454
375.6310431474456 206.8460201171353
684.0895402677564 23.738552634352544
489.74536186354567 451.7983796204421
494.02559671321103 783.0789255741312
644.8612735891029 212.8008837095372
475.62150557383814 493.15245758317394
735.5596560208775 408.54311014120964
149.77900944947828 886.3883003386911
75.56318252552126 566.8824745207601
447.25888571798265 233.96887646244926
119.97189848908309 781.5776686963789
882.6321275792378 489.5782880136891
602.0224813259154 721.7155378835678
680.9068092795819 898.605290710573
719.7804751692598 535.2956780781319
851.1344028888914 895.958543964988
409.13234885521194 82.96245684812587
490.8340818118833 283.05594235082293
492.9903631542638 619.2989155574664
260.88303282340684 322.2476874101017
447.40660524174405 647.2898298397274
289.9602931041234 769.6010068835842
351.8971502309475 163.52761108920598
283.82779802723684 164.45051243473108
786.9005145911412 785.2454404597738
152.9910680685452 592.5085514578318
446.8509749889096 605.1518061617602
406.25756773748805 183.87104079072512
485.509373752716 355.99709602498467
861.2982862077274 951.3650305866415
629.2736826609565 792.1674467857401
298.745307323594 326.2941067045063
871.1391522984878 682.8539724236675
148.90600463907907 163.27816094415613
972.1048760553963 167.03748935402734
580.836790542888 785.3488119826081
949.4259130384474 317.33840276216176
39.89305701422929 602.9590027438857
286.1728600845787 214.75013939337987
797.1827421164265 55.98111623657003
696.2716992809274 190.71598893581927
87.22930515404997 828.8692971623227
621.474255266733 984.5628199785982
319.4146048034927 33.67906838792329
925.4398546539659 173.28468112667483
563.166430760369 160.63223614521786
425.8481449855411 872.6334784340143
488.15155421374874 192.87234738672083
369.7507038151725 740.6070898838403
915.067299304596 828.9875057670705
983.9826798313854 920.2193888035313
369.4134915394094 408.774706961932
705.8265900772807 508.17502031554784
176.23967214346447 648.5277327588627
442.68884031807613 920.6447043730158
927.341197725072 477.5917371391051
219.22029725157424 267.6355277761501
873.1582461073107 59.844181413946785
791.7493668387492 362.06677347396874
367.88157421632684 242.6365748932996
379.04189806173486 573.9206703705888
86.85776249632791 923.889530110892
113.34504026275395 217.49951566970174
813.4375840579883 615.8055044732012
782.8407156616059 824.4860082051293
92.34919894710583 195.38371475330578
461.57299961968454 78.71496000609228
20.789017382606666 265.5360629215003
313.7195061415427 213.3070951440478
492.2663189392578 898.2381204572702
906.5145163469876 559.6893638720895
662.8542613191531 491.8764894685557
392.1607697671428 447.944074520177
255.3706351378295 219.74485507037858
525.3090008597761 304.11075958178003
263.25365365572316 27.20411518387779
681.8122759525457 131.61290517939344
686.0650750794883 769.6223138960504
616.3033317382503 220.2681850136307
573.0599486707184 320.618855938677
460.55018479689807 460.60501358634446
693.8987080663583 653.3374436633994
774.0034528265094 644.075999995341
21.19491760088305 397.97966736614734
552.2882535960916 234.01008755524023
46.758870906885164 945.9379182163867
323.96323666499944 517.4102803264682
907.4070595201937 221.53239517151343
427.4219598143848 277.4517412683292
116.10476403563987 969.5228126494986
902.215005302417 671.1375575743729
826.3907347721848 687.1694065959823
647.7553112921219 859.3002323180408
534.0588491511938 132.729259462208
71.93236034635079 714.831563060143
916.8080767273699 418.22584418347446
21.071811411460526 622.7269845293574
972.0894980519856 612.6414755554338
484.30172371524 541.3966741829025
775.1634930327193 923.8219320564804
234.30667170515017 856.8101476147697
414.4856197483146 563.0188582829763
467.55770050961047 811.8136890554928
769.474711184801 587.5497217427109
557.1841262487733 908.7184008692785
221.4875383047243 654.9479074122015
644.9533805532586 325.7233818140788
412.27911948040895 911.8916834457908
893.1591801795934 37.04799102431844
537.4779448966899 814.4605019025224
286.55921459705 49.467081903653806
320.52597703338176 751.4656921516425
869.1718538810451 424.84429515459806
392.3440048176506 983.6702245571995
694.7216414224779 161.11784053751282
859.5828682102367 647.2655619979154
325.8301081067809 827.6056558592356
759.9796921681807 900.6848167988621
851.734382360503 729.5567484544844
953.5178029510563 859.5665282311015
332.6854408674763 719.8249139932345
733.878254560594 506.2661334169617
338.30739446270474 937.2856000441703
60.47750767980632 336.450934403464
822.8295276306915 794.8516070090785
368.76785124959304 934.7158292249617
