objects
86.5430640481779 567.065960204262
101.86974332128044 258.341835560433
175.6208452359957 899.7410401461085
494.0473595697974 886.9386947010644
917.8951029639975 601.4333970549048
308.72390704340756 833.6681580332643
750.311607426057 145.0393066244607
596.6215871776941 311.9429800977929
777.1781301502226 617.4477602346086
359.45313790328873 789.9550083134883
49.04353232315745 314.8096549023393
899.5703287830023 200.7834041968551
783.5545241629507 703.4431470821759
812.4703582567003 270.9578066053682
54.25351524337249 815.540369143115
291.43539751691736 53.590619081740755
637.5788571676701 430.4722509129636
64.08543180203458 40.03989501912568
551.7509697533459 88.79708392865376
951.7411266493444 704.8743468980803
559.0600725722207 679.0723070573358
869.0953308668171 95.75889126709903
612.0523907959413 823.684073214684
188.0922871974719 273.60041568925624
342.9596426129541 857.7599307482884
909.7590750693901 571.4904359641412
228.51812692864462 641.9975205456
964.5225372474894 329.11620279648133
425.02558809092926 637.273424400792
751.8185902913259 402.5830860916303
249.65524432096288 191.46477402350243
459.27133570148544 109.23365191782473
621.2498784991121 876.7578483853816
47.292159407802686 181.30150944825917
360.4922709160621 478.1612000905556
614.9960785940937 390.16417510003413
807.5747395660258 807.7469455139668
749.7772106077128 807.061699836269
581.6299012981611 787.496861492311
94.47146746018174 750.1510445651152
881.0125647929342 804.2917897670536
750.1508631267636 54.49550426818048
622.8196690090574 976.3493283750042
231.950062290033 17.620053946027795
145.1524867621829 353.38487678037353
894.1968193326674 742.0124371473814
57.98147223495805 227.08606949613622
47.74440217373305 391.65238976853465
193.61299168221862 410.7451543899708
963.708229399875 369.7674165630713
186.7938972544288 210.1742301779902
332.8119238919823 571.2746466682584
117.7408873850084 791.547165991924
307.0944098512174 27.64616108409511
694.493377058966 893.0828860016493
550.6208911967308 774.8256763844342
48.471404346828905 449.6352562030907
202.92989097314745 918.392526109214
303.0152868860404 785.4941235496373
140.64668905848995 559.6255637687843
308.90310904904356 446.16315351691975
907.1832251620318 968.9171571862735
370.99721044189636 633.7064998743932
277.5151459291498 760.4401878122675
834.9704708870697 338.6445292409685
594.215501017222 19.705312054251927
430.69881807157503 391.948828792711
980.8677871533348 58.84933831738918
446.42395041423447 292.8290314536717
892.2268973800387 675.3507880986101
953.0520581476134 145.70122744875454
583.7037161639132 152.7813920052842
801.0588834511217 655.0290689037586
396.1164406656849 437.6729982308929
647.3562969877064 487.36045325375324
288.03582741313863 428.4681217460628
545.5868211059283 370.1073242361474
775.4300950067989 913.5878161269025
312.3261273667236 517.2941394812638
457.94818339142 927.8187218190225
601.4064608872824 914.9660716034609
766.4436235731596 33.41587614850864
901.4728309577605 898.0246657654628
516.8200039752422 962.94961739838
403.0836308327876 226.58353209894352
980.2198406286202 27.28038464240339
154.57244318311626 681.0603202862247
787.5531305963134 123.87788567579622
257.6349414242407 491.654782732416
239.1956703244672 697.0671246438634
596.8190715839006 533.9430027596186
143.11865130445312 706.0567854399821
804.2788488555757 974.9768437474213
883.8989681949082 937.3403883110861
778.714816254362 334.1716659130088
181.78237990158274 569.9495386936953
607.0157133161302 464.78713450555574
627.8271714946351 934.7663517317563
58.52966844685736 270.85918134134835
408.27122438334493 675.1617669404986
453.1313250061884 789.3423028201445
348.88091418105927 258.3182600242135
822.6964100733686 894.7126297192348
844.607699704756 954.5804945606407
589.8558559200401 344.34051892508506
907.6520350078588 653.1959404309179
966.1194704382048 199.95892855796413
163.78565970168435 94.76880113401374
511.8538624670916 861.3319319068686
673.0801874643895 776.0822065174399
136.22378235897122 16.867602560232772
907.8359464958937 706.2261723912043
968.8487380068963 928.232855655997
858.2779654078128 304.756689158762
864.2444355304317 272.5857811031599
215.21776687190794 763.7912560283554
138.33131844990916 619.4900970284784
652.4339173461532 267.5422312678156
259.00351119985004 397.81998379276934
929.5052207140806 278.57794109609654
496.4719281815829 576.0429333309753
672.5763582704545 478.18312703353325
654.5938825828928 859.5364183087913
559.9474154159271 506.4173269080825
135.9992327607429 745.7656636492827
647.0488728152201 583.4929001345067
417.1169634340291 201.28192520462605
262.41886294984926 557.9427861206932
658.1696777558066 812.800701643249
389.213669648859 101.72200062051697
128.8358932256744 158.19272090984504
701.3861909262639 612.1372154164272
14.366007022534964 309.93932713161
857.6791492647283 202.5930336854622
596.8550927811666 411.26862883476383
454.53211251358726 529.4904821616003
106.13945581681757 892.0235750668876
808.1264125280948 404.7387089471899
743.7875408963407 683.33116817624
330.0848303227271 809.8851593466735
444.8196145921834 243.7099097488147
175.94254943767726 358.4688407095754
537.4341714274728 903.4576477216342
392.396980456745 352.6929405877912
473.6590547276931 209.0497934819277
568.7583567110179 202.2887738286194
390.0168063738827 410.2751788987969
493.8720172379286 788.8898120028249
488.22126644582255 403.5866828474842
554.8783280702243 961.9977828869452
409.51208423209283 934.7437639486762
216.80371844402427 499.3943396536115
301.59750772701653 670.1121528144747
459.88065539107095 499.5114167358709
824.118700802488 223.73239866628526
544.4099334929222 853.8830019924135
625.294195481749 160.49647630075185
227.98614930463262 286.9182019384256
530.9423326231637 554.7479568198503
334.7113748521741 403.16902485154714
433.95047172911154 50.50522499364233
217.92105532188697 442.61686405065205
895.6818077699683 337.96003143335923
806.4093632983851 355.5389669504144
439.1342127618476 714.194159440618
559.5600551857111 556.8581153990514
600.5069268093575 681.6072837372292
867.6081768687586 897.4698876368651
829.0060949837394 664.9683812591196
402.7578979510468 39.80083566285265
922.2024920378961 487.23756221628804
955.1750110309129 434.4137682907428
393.66709365994393 699.5172122012796
302.63718976324736 124.598308169426
239.3237415221036 740.4364128539684
