objects
624.2719682746929 696.802047432798
532.124533526149 107.09213775102789
299.84915778409396 77.85004344486977
680.6141244369792 937.2956889385957
318.0948727342028 365.9501283289868
877.200616388474 232.70473095194777
878.621455538498 830.998525745025
594.8383601450977 386.3236457127272
126.15033444922572 613.444708200736
924.0354549688485 15.975611868883375
733.3485284533477 740.4417653792439
884.4900509921674 415.23317970521805
349.036786695964 702.8614370318118
183.8301254471223 241.94524135167035
667.378632234646 379.1146454351312
983.5193971081717 734.7799278297831
897.5828699227122 262.29022017073606
542.5428260050835 974.3470045074959
14.057052560914125 742.4211728899728
240.2627867418464 669.7061810477998
825.4988137624644 955.4439532635047
243.14303294366604 566.3919690786806
967.2652161599325 130.52711776895512
216.91889281803986 476.3267360390798
643.5188183319816 276.7617149087464
648.0993068854528 403.66225844869507
564.5913877788469 160.00092560863288
60.54781406185167 752.0666671877606
29.956196259713625 512.8080575384462
259.94319082900427 223.44164679527097
15.714039912106077 640.2958632008355
951.733048346421 687.4830547021908
793.6325441707685 850.0328744369236
967.7545463408777 542.7080279186251
288.38590330883795 903.2662294754701
669.6481482765996 891.0291176131766
408.8668881322254 321.9726585747417
120.12326039172055 674.9077446369489
83.83904306684278 276.89482487585724
187.33678221880322 463.031243133949
96.50306123885407 324.8785906616603
836.9120206670005 198.00195102516764
527.4876763010801 603.1382000531903
239.6054821342686 342.9862049547529
787.5695951388881 289.1392045916556
233.3835792556486 296.14207615282504
970.1746180572795 707.7813874401396
375.2494672544406 900.8265317791537
485.26533115802346 198.16768948989193
168.15817898250245 770.8248601925776
982.2242840817353 451.1760393527568
427.015796018423 927.6368554878545
545.5887089570286 760.6693437356523
349.62987525167256 859.922074958107
57.21841589886732 37.04629301930446
137.65035506097578 951.2663854383998
741.6249472932399 538.0632859177626
143.72913928238253 400.5269962450503
921.6597295094807 122.59502574001364
636.5190780745908 945.3382302952533
220.61056711199328 977.178497987199
733.902146333529 679.8512014801938
258.5436687479851 388.85632385008256
379.16761826630324 944.0650184962396
419.91181211070494 106.49130413614387
545.4166983607 278.18884731207027
218.06451963416762 442.00125871557356
935.4790269510086 650.4269541173992
172.75829828781943 829.3210284393524
913.6425504413005 170.6860577360016
692.2140644688676 251.26631607807425
608.9316858660985 732.3854025070921
700.1695950210946 461.8330560709344
745.7997498990784 287.20706338834776
591.3307177668479 133.11989727005246
293.60573867996777 508.1916622539706
944.9449619695324 931.2673978091175
85.92450243099222 155.4959887035813
231.14963729509185 760.637403825638
862.6745552045847 152.98857843358942
766.50685743836 226.71305388475346
196.01652435044264 566.5219610231047
817.1389266280216 668.5642882766593
630.9276463886185 24.42561674662761
87.52456363573651 391.1679407354136
281.6453531429975 596.7863981788796
503.6161626159736 540.1289343467046
226.7898729387302 125.42183639525587
699.0128708981231 295.66339586846544
810.6763595374568 151.03636956481932
655.4662333120223 810.970972601584
808.4596551579491 394.640542476381
512.055885670177 849.1843597567612
372.2739036517823 267.09082110419786
768.7211901956604 638.5072746986186
387.246833501047 779.8097958972215
413.6640673250349 802.6159301148182
407.875011940627 860.692474804534
895.9141765794716 627.0362650946938
705.3062655120735 94.8584635579306
233.69986123657728 78.51951718070752
840.1338106975478 227.7788601129
860.4593169281917 110.29709211087588
328.6646278353552 772.6834703927585
814.7114371747197 461.3310463580012
822.6205274557711 842.7968106270025
44.41431320918103 843.8476428031782
189.79187427045582 903.8914845982125
961.2215779306053 353.7402429968358
328.4802160257932 831.981430219558
23.49839402925681 110.62161439155022
501.70162442432513 244.4742368155295
621.3745256825846 70.81032430351706
235.75436758549026 162.21465122802826
801.0095201338868 322.2251574039174
311.84524505327903 263.5770208972925
844.2846058380429 765.7645390713399
939.2863396590521 496.15703319108314
730.3551387130111 424.5957448798337
25.554699633168095 35.42615916128808
543.0861978809745 232.08223609611966
921.9855108335706 392.53002231190476
728.6293550401165 861.8123862252093
549.3363436128117 918.6446551962313
317.076333802706 648.2038087984882
849.8622688433014 701.1831741765726
570.3864839677027 38.39500840865209
970.9368121434578 475.9339714632651
149.9569986303458 287.3812740073452
578.9569501602921 609.2734234951282
132.60374521885132 132.3309952522265
14.212700967980597 406.60318159433905
292.93084680649457 145.39284783170226
451.45714147074176 595.9478637598529
986.0979106015096 522.8289747195481
499.3712740047657 414.99391072681607
36.80150172914696 795.6295444071965
79.7238629521097 76.78515628192507
791.7811657316047 905.4656065780752
303.2968151483874 743.7198536626436
612.6939016552524 294.6292024161967
304.2261828223578 804.1129642089495
60.770518132340754 665.6707893070349
103.35726219349291 513.6368703737511
495.1977285210569 976.4792698099571
426.43745091563585 402.1125080063755
124.8612816253557 813.9400315448501
14.821484412446399 344.68677894696515
571.653803341906 259.40577166984747
714.2759105494903 785.3759803089264
396.31454784078556 548.041655095844
143.2340513889889 689.3975503989172
534.4848190623826 193.07545874320232
63.04724536368536 351.1353356779383
703.0845652792254 189.86529484212957
59.33130214346299 612.3839674041034
710.9233787515011 341.09806158759284
338.3043684138205 288.9251232163596
21.019552735741726 437.3781984488463
650.4275000587438 775.9312072912343
916.661835279824 788.5107487488227
817.7390818601302 565.2510121997354
353.9293378466923 420.7623112221543
598.7403689225698 107.42888834710048
207.97632085195042 334.37356419234663
272.8480620383848 52.9526056099929
17.782039112146496 929.2889099731557
970.2961012798493 182.7694178359909
192.3665667372812 139.51474966538194
564.1559927526234 670.281229123951
174.61764573812712 312.5777357462988
84.12935868695821 476.88778532013515
795.9115790985 488.807147319355
924.4486092465283 303.7134828362357
862.3254616050439 632.9823748518716
