objects
917.3511313768465 82.05613440604279
216.94257815838202 910.9508321566678
497.3087384096013 867.3828579205584
438.49289494678595 538.2201278333155
576.2570240361822 223.0854891898075
462.4700624094747 768.506271710359
581.1186450757175 526.9271443987614
106.46129662527406 346.9769143383429
812.9752601964644 813.0521693109623
35.74235170578031 131.79083942684147
351.1673391671922 855.5915722536571
899.0121532513866 740.8781214402773
944.5304869556793 942.947205327795
808.97177340346 873.8460866191043
802.0344547012434 101.26703481878756
162.42907245516275 381.0052512851436
657.4243061248463 392.1565313714135
877.6349833406147 588.6480366264149
356.2832559981403 562.8303550567841
510.20134936690977 121.50855817499689
658.0750897503857 578.3096240079208
423.5650989713803 456.5728444489088
121.23014524849252 825.617892472375
154.38340480205972 915.6461953578172
105.13881506717611 964.8082259205135
694.2984293915029 81.64334528082146
765.5644334371569 455.78838225990694
333.48869209152826 767.3437121882536
792.9261685418014 621.7769444035025
45.69685517344978 943.6424996964115
599.2944893826717 420.6090143856585
335.78074573345424 729.4144725589128
384.5759580653121 870.2389722189042
678.1614160678104 130.04020543447606
430.96384914739633 754.6691595038288
691.5086693485791 956.9196145480815
70.56152379428215 249.03949801653704
927.6851906953016 114.25338422520778
657.6407658193917 685.4308563887422
337.3303897682642 144.15650926929547
806.5285864451579 295.9486095072737
766.6134418414181 36.53235791208665
619.6440663249899 859.1040699485104
118.33982996504152 219.36987431540578
856.3641572297175 756.5809266430197
483.3404276618356 891.9695260215186
860.1246246890493 291.6228698978187
917.6510246844448 550.2146006125716
418.32403595516786 244.1169046483487
719.7129342134831 802.2663451427163
957.8855700951871 334.44807053280834
48.893960538678144 595.4735655194542
778.947734672045 115.64744464078626
687.9962640302542 44.718580486171454
667.0950949043793 75.13838897439285
298.5801581020699 815.9563241836008
67.82629009245073 859.2191693849605
350.0765808936969 99.05040260877033
148.58753046533297 662.3273802041282
123.24548155871597 367.0952569530184
411.7874079352963 643.4450113039785
579.4464858044349 794.516101537613
727.8019574329596 365.19439940114455
451.4240834153193 677.0519467557173
369.13394669620936 338.4865911685866
155.69485635688721 559.910719501439
175.62761567893386 210.8506054578537
361.5753300748443 598.8402405928043
497.50416660579987 599.3945628501513
816.7237516878955 31.983430985660277
236.48353755240996 795.0879381017583
895.9213611869794 513.9441276078962
501.5297623533357 354.54973482542147
629.069051883819 922.3150748296629
57.008658693252414 360.09424625267195
842.2063362601859 216.03189344469635
782.0304632866821 546.2233785974895
59.009168613166764 275.9960523851437
847.1987915388033 33.53764074722429
465.3470248416806 290.5263086344645
924.3880778577017 426.717243108638
96.06306660001567 32.4774466947627
565.2187804604679 59.4441023900459
395.9745114059646 708.020871471835
17.5453570208311 157.34207961884638
252.53857526731122 165.513742908049
510.29738335780223 432.0016074058086
40.31724493720267 98.00455934344588
89.73528782091941 297.017089094417
976.6124127410425 929.5581652493029
268.30412835512055 429.7976131896118
361.07295710984147 191.42993263414678
853.8611362164443 810.9405179857683
630.05511598812 432.5284648721857
626.6838385584971 269.0346700068719
313.67378749721667 370.36869580191535
762.9958251463627 344.2319302704584
982.0277963577623 486.89670085988314
219.28115713700498 500.31350716323567
480.3487706680723 140.86187822913598
358.0125778830602 229.4885654136647
786.3938520589162 957.4582745450625
203.4382640399298 126.83876702749751
342.09206758987807 250.87630911881797
492.9386794625447 823.0229383774142
510.28197595788055 722.7283015256583
605.6323481198492 676.0716626436431
533.963141848939 364.3209306447937
956.2892203440937 237.01107705324821
878.4225692683964 906.3486976049035
449.6517676009671 204.21657210128126
199.01499592672513 808.7152394749277
209.2171771780158 197.62739628172184
699.3821342831001 556.3241523488141
383.8611093819429 542.5881982246291
783.8494728244455 147.02874742815877
600.4098275408147 345.5764247224444
511.80061793588584 525.9293842376387
625.8801584695397 694.6621192566909
106.42845791679603 722.1152524192335
371.0798735687177 743.4327119473656
751.8654866814531 670.518089975316
595.4053185463474 574.6035892396459
158.0074523935414 91.02501414612546
716.4663458540618 595.7084790084764
885.0570438798541 428.90569598315926
573.9625400446387 461.83286776676675
444.16797257951316 865.2607867045092
857.6713092094689 928.9263872770806
89.49533144102429 647.8055310655386
492.48589166430384 217.7487363887006
445.8862605552198 371.7197054751974
854.6704349372092 111.14950119675574
41.76345410431894 513.0142594568448
308.11023758265446 504.42017347428913
158.4794450978617 747.2201111033439
570.9609771562034 961.6431400761735
599.4569387358459 34.2953909319655
626.0934218375254 736.3091234517497
859.9767009581223 439.10886094744444
469.0503902751861 326.45503468072485
925.5643846697002 219.80570849134028
147.01289035883443 25.313453857799303
802.8541136413027 726.6755354604118
205.32401137423378 706.0770178050722
957.0943885195287 742.8120298822842
859.1667122293876 510.81220371760594
92.06080051789601 169.18855134906693
377.3046883883259 296.63659569219243
246.92761525207337 490.94730047285316
971.2764580113349 181.91896783523973
631.6395780125306 61.38302892424343
17.011339962218184 343.24910615809193
48.62221223519731 741.4367363578617
366.9090695778415 806.076119615141
749.6661973919315 568.9461713221219
234.5793748657306 714.0931752352342
132.97519633178786 782.7688572900164
933.7868345855289 784.9375829375747
470.71939200606784 72.72246631718475
527.3133716257087 765.0123691824293
685.1986511216164 666.9924886105786
776.5145129582714 64.92026994348885
888.9531109293539 94.01258681982372
42.116538283041734 442.56890990651857
702.6511553581067 312.8569395241082
640.3435535301275 656.7430645989223
39.171715956382826 29.688730799400528
224.84203265319317 968.7673523051512
763.4186558560665 871.2263074736159
876.9418990990137 780.5786281931403
952.1559942832451 559.8153899476721
798.6882050430578 658.4242733542628
898.5130392096959 192.5704318895166
20.79955725584081 638.4838560489609
