objects
422.5230298746055 835.2451682735532
334.13998668386756 642.4286115166211
441.5371911844245 547.3748585532594
61.51255462438142 828.5125788418679
24.686208213063278 920.7110851641742
180.93385012682458 608.7123899655845
245.18285244067903 549.8610932076411
770.3993321346568 53.4656814104565
312.8634270665251 527.0972664139125
339.9582252623846 29.74929354042711
483.0160037767738 641.8688997456486
100.75054577497644 935.8250060767863
311.69350684577523 324.59055910644076
66.86390713586484 147.40987706219587
67.66387873485851 191.931626523093
778.9154468641295 240.58889538067297
300.92930123726455 395.8254346526069
332.01381145479314 161.47657138479286
298.86817893460204 556.7878702176736
303.22456217474195 471.6452263208526
212.60360351225523 794.4505485794316
342.41101338911983 703.9155474849446
829.6045928487949 699.1300893008319
314.68470502555635 773.0839236617123
98.88493304187749 514.3299390349822
638.9007405391503 57.41650666680718
78.39051906056633 350.83922678888956
591.8555536184904 385.0147140226197
684.7954482603275 737.3352041655486
225.70803684343196 886.0184723378409
522.3528204116778 412.2765972762172
134.0004231169569 190.0899468123192
688.5176071411947 484.122750129101
508.0001824861625 861.4269066192863
23.652457823727225 137.55515689724004
565.6887801771418 137.8562061674493
236.02733039265024 678.7588116858906
434.0070245937978 482.36761108044533
724.4939141448905 501.9896810654694
191.33852492441648 819.8607827654236
829.711957044745 622.1981893899024
144.8596769174177 561.7053343869435
48.06974556040686 515.1346599115616
401.85833130973253 969.966017493694
610.8951835686479 825.2990465501049
346.02958232554437 940.5165521775818
548.5200588478326 756.1908161188856
729.0009365881542 713.1249875417469
164.7742088587259 504.8547238304788
870.0248028185939 172.79932143604663
495.4166725359568 976.8836203463417
80.39008366466356 71.39547008528154
779.7377292191314 957.3014413302518
466.4546814708562 175.59255894388355
130.42050275773775 808.5135878247373
552.1791476603754 31.34799030007233
122.69427691101258 890.5110104740742
620.779809526478 929.3247178041266
554.779541124526 285.46827652505937
265.37327054790484 664.3334941851265
249.69431251155987 245.73338636050758
404.9707897850739 82.61849727321969
849.22405004171 429.4005062172867
185.90393625933194 464.5987540168563
493.07250818043616 679.9539153860383
223.89794064649305 58.567887762533275
130.77579510193092 617.7878069508206
37.03185582848274 808.9695844748998
923.0208099733596 567.4340574224585
951.4005288098133 593.0313513092253
565.4502015434706 964.8564672149361
915.7057673658009 734.0235798392957
32.3490953465398 232.5835437844676
816.2021082993687 857.2813370303204
104.47496235784824 639.5256273693052
741.7448059501121 773.0204042791862
562.7327478211018 447.0658474721717
728.4062170644443 308.4897144359498
901.9198763518585 873.4448126248191
446.70748514635955 630.0769088619357
950.5689579366854 150.10949528204873
874.9069657216555 116.94619991619491
479.72241271853994 503.0780279411658
634.8235497559224 403.42171039524135
586.877429104801 429.0547649558878
935.4701768972614 209.309227210666
809.1943971554533 969.6337494115227
212.24922280709097 378.0067248331992
661.3646959375055 540.709960487072
850.3473137371225 740.6036293647652
587.5968655863732 985.8453998966163
807.8772492782464 773.880191717044
151.90045642420884 873.8958186036249
181.35878066442922 390.4091839188213
437.3430758035257 201.223605809104
644.613803783492 676.6936208464322
634.2224721889895 167.4528308488228
418.9132627864017 757.573076223508
470.5684085388942 235.88017494797546
419.9900981557818 113.28771376393824
248.41408294102655 483.3395518182674
316.88268835976015 432.849371113378
230.14863019413963 831.801639160583
160.13673528468053 929.9575985923315
688.6792441204141 767.9683591096122
822.3120006891793 423.06958075385637
363.1265691911605 971.4978268186875
619.6895149033686 291.5726195684758
93.53808644837683 459.7769247194301
900.571960457103 447.6016183537404
763.1986446059191 716.7542787108961
655.0839788642268 973.8255097641528
363.06953723418957 653.1175104208633
781.4869246504654 611.8680438546025
475.3559322838193 379.3564941381975
196.39224674185155 251.09040063574952
258.2362105645432 375.2773359252212
488.0583885864546 802.2755211959613
549.4327605128004 320.6571469549308
40.10808846249427 92.22408663299608
947.6857555915258 53.1716101856111
404.1785798758903 163.27129356767105
549.8586112272012 204.55029672284527
807.3637250846207 741.6626992047636
778.1109754119606 510.442042100454
533.2627304234692 262.09995011627205
896.896838351316 151.86685306109229
952.3032866670869 231.510684127269
331.0154931071904 345.32177520274064
680.8520257552816 330.73444051614337
191.27302161670073 923.8022061073812
651.0641387387567 741.3649732449867
597.3470854245496 460.280949760135
716.7123832235201 924.2942717249006
708.5620526140303 627.126522997256
734.8332196353267 93.64838271882394
98.31340380450249 386.73383048261854
822.4759112754293 574.1362932280213
595.3961532827622 869.4959301399847
20.53104563440521 208.3209742327305
431.90293290994043 686.9511793326187
284.8188666906876 439.62862036670896
796.17077227079 822.0357193984962
814.2305437989431 184.19150878231213
422.79154447428806 885.7523601835957
550.0195679555013 501.70760469887335
288.6645433824447 90.87809247930517
371.97011346388405 462.54152210655303
612.7372182456569 41.54746347184661
674.8748091069888 209.57202319691257
751.036508301704 675.5359021600736
668.7591576033805 927.3347231023639
615.589866155702 645.0795600707448
240.41343757231303 184.1378030687561
936.0899005426049 847.5113518820273
682.7787204997722 894.2455935418473
968.7064835718184 950.6665728709174
981.7186675163885 577.671257480294
837.9484656765944 307.0211543109055
274.3645476288472 114.08707669688725
350.5068329243469 387.9502548505528
490.5449356270359 556.8237887588735
334.4910037241313 551.3047003421316
862.5953703738796 52.74038687677154
747.8415375624514 740.7615325414722
361.00649709245056 774.6938333336527
266.27465160954296 870.3432951539597
705.3157656103671 345.14919228264864
983.5152834761 743.1875915009239
125.36413136187375 497.51464111048887
410.0130626630584 704.7240435007535
506.1599777101462 498.8272749257471
308.02285893466757 914.1214413821419
171.27573797870787 336.0025142366591
689.9762645423806 660.6571812241999
