objects
44.71488915298266 890.1105423836797
444.3512779615477 796.0234675618096
263.1583755245316 697.1392747792931
424.55294060741033 581.6655712615102
911.8657602652473 185.46953759267024
120.44104179126396 229.050193761718
717.6127633089484 705.6689064243135
606.3710678011722 579.8839815078915
443.06604384613087 495.7373357207978
893.3080700375178 643.733166225853
664.2981978188201 340.5275783603627
507.39105290684205 112.25494662513219
449.9233702199086 319.33571801977695
608.116161506826 326.8987639101617
526.6357657486383 954.2050930281241
640.9090842274801 729.759358011437
204.02649120342562 403.11303915767394
237.70913341724227 898.4172850332624
751.231892566591 117.76464171220245
346.483347287307 179.41791976076962
917.7747167385387 345.45925150028404
684.7423376954658 848.2852713411572
480.1432697724902 726.0889200355358
844.6135468676 349.4446384892188
633.4636592406584 775.7025028704408
797.1623222892462 569.4243450787105
691.185678009658 343.948117541716
650.1601924221311 889.0732772195058
53.34926832614761 808.3985939347707
391.7441908182438 143.7697517120729
803.5022448694066 15.662281427280922
354.6127472775062 479.4356258995523
916.024556075815 711.0434185595417
87.96484648689253 901.2471497782185
326.5230698392419 692.5867883454182
670.7282167093994 280.8428531074078
560.105354394381 562.4263057023429
710.0394060303897 841.975620991419
328.72735204114974 962.8028121966944
651.6251910188897 441.9230530045156
141.2154776723355 862.5650083902113
322.17531365397485 75.37764332666299
445.667584556519 280.5914762518281
668.2048489066943 741.6539009652771
762.0182647556694 505.2717492971112
930.2520570766313 640.7633708628279
522.3474991948104 574.846903345108
399.8064622629219 875.8666919622084
761.5017072988696 892.4609651478888
62.99500326580586 110.74019390655883
476.33971035178996 134.17766420741597
959.3897022075582 860.1807866511393
509.34339687521594 796.2440844818532
552.5601282681848 228.8220578280723
815.9292122951765 782.6962568911031
190.75691014792528 633.6478157144518
193.36542170896217 591.4327002980862
463.8330821041014 983.9516433849845
591.9801317693995 39.00569724598668
651.0712911149736 248.6980097376181
421.7230780092413 377.12489262389494
84.16099461789786 716.8504701611505
136.73643303014836 44.4061762716113
712.5157902700299 70.29581509106785
813.6679832433548 264.21519369218294
690.2364863351856 445.86666886870944
141.64977383425804 777.9104239300767
835.9938113969 758.4071456124425
495.6916971915365 240.40791532259357
912.9444289070417 461.52231956523866
616.9837974566551 146.83721559204142
77.88573471682679 863.0467955400151
692.3270153749111 928.4525595848652
302.34636936277474 755.7105106850571
156.54845655281952 512.1929438367971
786.7068144458715 422.0300390966468
494.4072282102398 679.5170597956487
555.3976997680942 459.90838581603606
347.9688809880423 553.5966200019824
151.12712498376428 119.93508445554984
536.1086264349067 146.677100973164
379.1246353560304 235.72081649112351
380.54804251464634 633.8115841060736
97.35401357047948 301.7998415201986
203.95344130147737 746.9121125002614
951.2120917394722 212.13737672562164
366.7949959654164 599.8614307993748
14.682983639875935 461.9644462506992
88.32898868544258 663.3064615670138
29.96685280755945 560.6351278600991
205.8217210368479 981.0879233945246
947.2719661606179 952.516217801996
164.05939144568057 234.60704774146174
476.62194966160723 479.59521222877754
211.58979871959534 202.66820300664165
564.0028634144902 964.9518238813943
599.0498173177892 188.18810301094848
588.7490198246979 66.44518199920043
675.1583986898279 686.9155771723766
538.2365481235264 97.00903635736746
297.93240051005154 414.0598152536099
801.618094355312 891.9920485218995
57.65934792347301 502.1558318138819
542.9832115644058 401.4074228636693
977.1781066882223 266.23962584599855
382.37896154861767 466.034612329271
748.3803408648007 65.56401695323153
357.0639240947486 338.18048761897296
230.37094548311273 605.1428608162826
258.7517465566184 939.9328941599521
761.5879161550849 273.9424983297218
222.39516649044512 145.407318053242
396.2939152295006 85.53772718618895
283.6492533960974 155.02238694349788
675.6036564940313 202.84741294232944
111.21955605371876 470.82445999355633
885.7125837396237 967.2999637120358
511.4343382567797 707.9256087505338
713.0137688924628 615.3306647405642
384.9793182078929 365.46403433459994
283.62429085782816 453.9708484872071
887.6407624618084 118.52364759959588
720.6767392342555 524.1784126713329
834.7838672898982 685.720077449031
174.45128435638446 284.8730531417777
504.4308419809619 347.8068085980757
337.3907667874553 925.0141414454827
416.0832911709863 231.0219848624894
912.985185620205 301.6362887220814
194.17268682599305 244.18969045606443
777.0894308342025 56.21469354818427
340.4140663333744 296.467792200267
236.16170607501675 721.4290793405135
621.9649095542724 928.5232648234536
829.1653798090074 207.1937375321306
859.540484180402 808.1322612230558
653.3933922401312 825.7189677966417
708.4309691978194 479.22431933242984
50.87917575827963 162.39953118047293
907.9394364400146 17.42631329700758
282.8769199394982 81.77987705514236
679.0262943860192 125.65679687707377
575.9369452941653 348.345071577313
818.2124923472596 644.2874647530829
877.5147845757327 729.7177752247135
560.4832832265919 776.9552675602102
661.171406262444 627.8076449794715
55.43350157713482 605.4301405643894
405.0984373126757 844.343271941043
30.218687268342038 285.4489439742694
582.669777998711 476.2163491927253
118.68977197849976 390.2155721122961
195.61104420652845 437.9432506874282
93.64898084014624 634.464994561843
105.65481055285979 38.04219183353318
299.67733989817367 205.69690933990225
13.854340471166235 919.5825809317005
304.4343628416095 97.9309801455085
87.24648494252327 550.8993023285614
340.84193243267885 25.74553574536632
152.3506547284953 684.7996045791656
286.1279387889172 623.6099908441518
973.2247217597883 355.4742370012213
215.90972421011114 552.9955849029622
56.63649635818183 27.246773020904126
958.5378820108244 513.8229559940205
811.037577948614 107.96148209997015
915.6924648293751 752.9811738416861
226.05366575002412 251.81701227980454
246.0451010758431 633.6522168757256
445.35208678261375 671.3711189207269
606.9749999784955 458.78155222671904
287.3440850768318 263.79984781621914
863.3020129840694 240.1235092071002
844.3240677964235 444.32240245049707
