objects
30.93129048356081 743.4916347245157
226.03076695909675 953.3512011764792
965.7517773228228 76.9057938880121
682.218493710628 866.7568687973635
363.20951131672416 707.5084653901998
749.1605532728413 366.58265014902264
657.4443812587751 431.93018098820625
43.92889922025897 795.6821267098308
54.372666801993475 448.903849082921
707.7941228148336 748.4675080920038
333.89155970763375 669.6944771068447
209.2798068678255 182.91317459390515
331.007775347061 429.79171604952415
474.1078325446325 468.27374538883623
425.81099130674147 743.2879249722736
115.20679113295701 697.1234279063895
415.62916176752617 522.6440978513327
641.4908881575917 609.8795066927877
266.2250411784466 762.8121063208304
445.32009044619144 65.96164266465927
767.5004037778085 958.6604433190294
887.1030683370119 657.020137274243
280.8789972997163 720.3181120536906
312.39790625405067 390.8890787655365
422.7064011312099 562.8959331140451
482.96519634185853 576.0528079391481
768.2710289774737 761.3620597859754
970.5331351447736 637.7914444984283
656.7913498374577 125.89201216620891
402.2790204736111 471.7087923187595
202.3253888295972 381.81272985965694
418.4195094969644 877.9969113947874
134.68010235894639 943.7256809300998
320.5779898123064 808.6789575885431
841.2833861724041 388.59671139555724
938.5561184340992 565.9340059746994
975.4147891983457 506.8759062502106
94.03489301404841 915.8910834992104
816.0272018349324 680.9091677178646
794.5888684148771 468.1471596048472
598.4088242031702 842.0196856335501
915.8772801216867 517.6217644796388
572.3643692174319 321.3402109214141
214.07672811275563 80.94536323290887
35.430950220283954 911.4638019965057
610.0580582511822 433.6060692232724
506.23818198138736 219.14930700988447
503.69723809585685 252.19896897611628
149.53736604766667 330.17579198768203
792.33392286777 292.548107300013
36.76789057568104 493.2940090170392
573.0556512579068 681.6187050532182
893.912737651905 63.6217544537854
551.1232395364109 21.260999127461133
756.5214310466288 153.948376835134
688.6139739681471 165.247161769375
387.04700202166777 305.7048932614819
53.89922960947682 670.0812254290811
295.8569514897702 64.56267415291262
550.8148734223212 651.7512127705809
51.36525084354784 588.1848954823587
861.4114010459418 21.475414406005378
584.039761175031 981.5068458728174
303.3250502863953 738.1767759064737
15.903519714522176 951.9162047888159
980.5217759327797 165.07594613550552
626.0341962247217 281.1270169215522
718.1240951399944 485.57862070987323
752.4673825344473 486.8115133854254
347.63163557372513 841.1457090755457
396.9149453933985 771.7998468958976
259.0010984677452 449.0504263563573
701.7146963971356 351.28218854904554
605.9709849271824 137.95090711400633
833.5389730083352 111.6940908601661
472.08753833068164 390.4748697841587
426.23243195429563 306.72565392340664
95.10135659606702 283.0984095824497
364.86843439928816 278.30506883344475
211.42838672236118 612.6327923660834
151.6499766507237 296.24399170847994
145.76565682985822 136.21893817146196
657.535661318859 312.2776913085818
77.69936324861922 548.0084942621025
480.5646647039349 915.0844194547755
937.8110671765917 130.6619890339977
301.9781656467212 633.3522620776068
498.68850513807394 678.0498001308191
637.1401236189315 558.4335738738592
826.5499497645698 52.62988257684053
446.8282815496044 653.4239895641438
470.8761284860171 832.4545908004596
889.771980114319 877.53982441668
163.6899095020207 835.5527034788357
879.4600917306515 576.4404104361194
309.49466998069664 180.92782001059328
820.0052583337742 727.0699050016949
30.670772742703576 387.27161066502487
941.4735497025114 706.7986403333254
668.131070878474 398.1856033989003
752.7723451132098 269.8889119411267
164.25445252161674 356.88112735032627
763.8933577087616 51.92673055262236
368.51488677743396 981.6389952045239
744.9742141967589 713.2308840203888
246.82267191033912 338.2616877844617
718.068924224022 394.3975429201793
357.53240427688763 643.866194905384
262.68103813466735 368.11566994506904
946.0874455508934 334.4708531439206
773.7390187299154 444.6308404296147
728.0058774148215 797.5038484269124
208.20081324827004 475.261329080722
275.94876032302557 489.61912514229664
256.5112648601207 128.02406860400222
405.9211157462267 367.83897507310024
453.4315024939993 761.1713716906238
600.4556423978685 674.3629471259283
192.37937138334735 689.1002479534967
870.2256035965203 818.897102376778
544.5157947843129 371.2011042908214
85.86478308837347 697.4381058845761
776.5538023727228 820.5126255962042
898.5498748435821 278.4576041749361
234.25762645226308 867.4413613711176
363.50977704320485 322.2330380878162
889.7278179935003 405.5414007897601
122.99398752225835 315.8073359561439
320.6444302232509 88.57981863859932
472.6538635197889 318.5327753589864
695.6870146435664 707.9259067372194
659.1295327399876 839.3106159972469
366.24808002395514 766.0761949362951
93.97606772695698 222.43873600813214
680.3870951816535 265.19571128379016
485.9583065046974 717.4251903247614
246.11892450600317 801.5913817930046
709.2095711514963 930.0493496582206
877.6369670232449 236.69326156006005
310.26160271508735 979.3329551239827
537.8689572341843 242.23623330724573
234.29784705916964 379.77151209914274
142.32122708422585 724.7535625608797
279.7414466286751 577.5777679813708
44.511204951829306 414.9297462811626
731.0386651535191 591.7981818476453
636.7729066707359 673.1104621269363
376.7276535423275 457.2441690709286
925.9720698696709 285.61140096921537
130.05799218904318 192.53718944526025
