objects
451.160268910447 864.8786251227995
544.5511675023101 157.7369638781934
281.7737837294029 343.55103216791184
705.5712869483281 873.352438876089
983.2884294417323 923.0465860954406
763.2136977620453 102.60727573403106
721.6733273077969 247.61466476733372
765.272651129889 132.48292031463865
277.59169429178877 139.65839251721815
617.6590513363011 124.02946001444796
611.8961995382444 838.1390398375382
519.2167611029441 726.0746896026496
891.9186638636182 520.5159966802668
219.45594058305457 224.19360563518254
39.16529407932397 17.127081070176338
170.44942338318714 41.07269682207531
899.8615179521217 964.0804675705087
627.5737351846371 577.3689677121698
848.0020112207774 863.7698916660619
912.5303956927423 739.5884709235414
300.41355167351287 450.0602268024896
465.8677378460891 810.8850726681784
193.67453310352818 501.8574186784949
294.31475530010556 969.4679471488082
835.0696920697952 273.7987027675371
858.1391108389281 547.0597333078131
566.5260097460299 925.4588591082993
754.4956390913715 745.1539329471475
401.81525815503284 122.5220228486103
626.981186837715 810.7433544368743
387.4330266271191 574.0619529840801
63.20537020963657 494.5437771123303
55.396081026960715 857.9874105157771
176.39261620389655 329.5876587633363
252.05663530622667 557.9593917231695
271.7688365112084 300.0669072793774
161.73230805031756 598.1944696736747
258.4135993632905 370.36354683896224
705.7838471038732 431.5354797651648
604.4227277840955 18.890551681063556
264.95723936336435 189.98660632874504
793.0748315286688 254.92558332223152
390.224440200891 341.5008353305312
425.9792657727408 215.9001212767694
337.7353276707487 967.2029727006254
110.0834906519415 673.8839442811877
378.76360651600515 93.64659144324847
481.37899622634257 364.8281092088011
623.1858896319932 268.3489202836415
553.384179618817 22.57644628017249
401.4823305347141 24.997082860762927
127.71902136910391 802.3456812242147
515.9370992666001 320.7871421702259
237.1732942373934 813.8382467995664
595.9461321916934 511.92617656023054
489.3194369620689 158.34433093611491
961.2964324616062 407.43514568409654
569.6602954532428 562.9193968330525
707.101634144772 645.4585529425966
649.9433416310379 669.7784495678975
463.6712616805178 923.7348808250672
386.71414308970566 797.6729228020125
496.69945886015506 526.3313173275828
560.4428607006956 478.7020958810015
286.6972627227197 634.4999714941903
659.1857146105899 977.5670907588793
423.8250340460992 314.47624924007994
314.03253567270684 192.38739588658598
742.1387940553387 968.5111218932608
811.3383705702006 751.8979103667308
921.8934936371386 403.35047519255784
19.10243697101245 353.08221840583394
201.62816857454882 955.2243186989841
258.5982620045025 419.95553682591054
732.634976119399 571.4812903844778
164.3677353106953 915.0422310692842
359.85292565547263 191.19724487872105
899.9369625646389 473.5409622994493
413.26107981720486 161.58708828057894
623.066494500181 711.9928020836444
402.149512040087 376.3111421106659
197.08775245737863 178.96239630090986
811.5843867089588 722.7488904126176
106.7441646367415 157.1481530437352
554.363106232531 698.1700624244206
922.756779948802 441.707394175361
741.0347287495194 63.90901141480363
718.0467356987652 756.8150960663974
65.41830267732317 163.3601947042063
296.7556346749929 52.745267200847394
639.7047092960212 525.0704668480885
285.60138843449454 20.7207288236202
628.5156127177124 436.25748119787085
468.8781642893102 57.81893663407217
199.69197503165296 436.84668058914167
275.68604055342547 780.6369700633529
102.34562867891499 829.7119827167036
254.96392047588247 974.1958646769544
290.9698487024328 848.3592389396337
337.34481806787477 305.73346170467465
231.34096560808655 593.4153687063158
659.3110275376152 913.2133500014021
489.96290079339025 191.58834024341436
446.9104767755641 111.12722745659184
231.0592354395693 320.593892611356
518.0990280158873 765.9010700209727
728.5983634447888 900.4444194111117
258.46816316863027 945.1396932819972
347.89748918166714 616.8287538027115
367.642621967833 923.4359091646769
41.40689287153835 563.8120563225505
824.2940966513632 351.3903113163262
872.5536350434309 411.7996713646577
293.3703174630568 525.8496890100033
631.4267529843268 405.7201030242796
839.2199207845406 214.86785611453269
221.0147045611655 104.17469247687845
579.5361096258581 793.9363383723378
255.4690420633687 450.67706929124864
408.173741687392 598.0812029083086
192.85015236748333 739.6829301889219
529.3414895402633 923.2071614718215
926.0223926155829 897.2842602488063
776.906898429381 690.9310735513844
424.2459026890711 527.9311861582122
825.7160853050176 932.1184187905382
358.18466857962954 143.61096368866328
821.2819099065599 474.46639376023927
104.68789986466861 917.0008899522093
783.2287853956535 441.5690223460412
710.6633087369462 689.218576100514
526.3175309958638 192.57631719571302
910.8806337151789 872.5912682956357
369.5171706595769 397.3633004453845
70.47672094565804 673.2882005857501
99.41270714323996 109.405741254047
66.24316457234607 392.3250923386517
106.4047254217915 263.11500023827256
926.6353822781699 640.2456231878383
51.988217038914286 906.0082502864817
855.7218384761447 947.6695618442134
818.7247133675673 31.51272614860645
763.7258924728752 525.1052185827957
705.9055546196112 514.1274089865308
327.9412750479966 260.0731922193675
750.1687356274579 927.0638811448721
144.1240363294808 723.2356088540281
470.83998516138547 840.2324957736183
359.1904561252453 818.4272386259869
480.53026850743333 873.7375785989964
