objects
155.1998827611542 800.3582129060978
833.8099740564487 410.12401111829485
82.37627999582544 220.44817473295927
142.52324533299168 939.9580639675081
555.5772583511266 186.8340028161809
930.2952088705144 183.87009415673015
764.0903955431295 254.52258009372832
669.8128635040983 827.3331037180235
452.8111186270013 386.03437069232814
145.91978068447756 233.601232938225
980.4505484954202 471.6924790679293
303.7595646034281 890.594582190761
496.01911410960463 554.3205287227598
641.639878753798 655.6558133394796
55.38033634150973 156.2343097224849
717.3495659045888 695.9203717337136
365.92747931202683 559.6786034802168
320.56864517964493 847.0409856538864
188.1078193489077 743.4198381281459
321.90479786330286 512.3383202214613
842.3319630091 904.0275956741625
419.4527348233846 819.2854464680472
686.2591037384507 198.76262933392792
236.91815936876628 96.4273323612479
445.7113737510727 176.50979081104475
417.4485371946333 705.8193407067291
637.9544348437154 548.7063358347051
218.81135555853206 969.4486472216967
246.0157578820182 443.839437981556
78.06561746514028 375.69762107540504
288.48969455382405 131.08608615304743
391.5177078866134 296.73234737278716
316.88410914855194 422.197031463703
857.848400620475 226.641098858551
729.9515326041923 568.5973135717683
97.11903742413416 690.6373501463316
28.886257963416146 888.3425986045531
207.76210678418562 537.4100230767175
840.6491062621208 110.9979429113856
765.6634748139696 877.4031422041134
246.32847153193208 32.053592151811216
476.744460687764 974.2743219348673
670.2730904441463 891.8842878483758
522.7218618959439 592.0715115228232
72.96381377880778 29.93983909456836
948.3927814272579 726.1163535953699
976.3741910640769 321.2816096394916
412.98463375307887 571.9669853304719
140.8863372122881 57.032888631813506
414.88888390147355 502.02133594604055
764.9437339789791 87.38090647985987
473.499398975087 627.0200193565134
83.89648120335299 322.2763634279285
767.9108344458855 618.100088963866
446.3517888963136 876.0245432163533
884.9695759012333 342.3997777154126
667.018426895532 454.48803176154905
585.17299415672 863.2497515042471
631.8342583815313 264.4279406997311
979.2928355143887 504.2405710089146
356.7185545580507 472.2306389171978
558.1852577778433 687.4234307964776
451.09964720009066 251.0242810038206
744.4806440670981 36.79488664421001
816.434425034247 354.9701659188535
910.0949318847813 371.26120276328174
108.36462324205021 279.93001038279533
315.1232799914968 784.78215742534
560.3019511517019 845.7389343387397
864.4010111299218 846.2611788886984
473.77064430099 585.582633641844
568.4256920610751 621.6401460278264
291.9654991843369 393.21864718429754
272.30571561153954 271.5035162560692
808.7484056889383 862.1514936415851
553.8608201571678 402.1070856020155
97.77877865417541 795.2199526062359
274.4493911530649 88.67767365329205
303.85525953421774 228.6746032104034
966.2146929414216 427.9321020687894
236.38826894733256 920.7514753161487
42.913098290281624 741.6823722612346
364.39380428729874 231.66425028305872
174.44908031167523 470.6918535994611
556.5251922262812 276.53227096002996
791.0178576852053 524.9134023173962
417.8692361079935 360.7738455651663
422.90700580174087 448.0151463054527
794.836181657164 963.0857057244118
207.85492838449395 244.7583573332381
316.08242728843226 63.137866251830914
868.4411439942377 677.3245843622728
778.9364162729298 456.57879871199304
499.38040453133766 929.102875590144
76.5489109133664 61.09874750650826
359.12458062942494 55.99141369170597
907.419032443157 201.33801759094564
154.18563741975927 657.0029003539572
515.7769828359203 639.5076882687803
137.45761638472013 526.098098676021
675.8112309354443 303.6401036041992
506.7139841452925 771.8276162013447
793.3463978969356 565.600904095313
149.34796214140965 895.6654714856961
607.3280551058083 475.6097582207158
462.5107083957282 339.61721118103446
773.7882674641285 114.86414230835915
87.94712719687986 847.5253824281858
440.39429175157 128.6731693750006
707.1388405598583 485.264612802912
251.03173055294894 364.5636564612114
321.07533446667236 369.0232502251749
912.4370968226397 898.2174163031293
251.71366418527126 780.3942310709517
170.85830382172867 432.4927828409943
478.99829986366063 219.31157628695183
525.3537954600797 374.9967635635996
668.3063912568682 673.2396273402576
415.8671476074965 542.092435365954
650.4399895521109 357.0934057355846
841.0370135762103 706.4337091580674
727.1653910466763 444.0368055217461
885.1542774924898 478.0268156402595
536.9978072970034 316.24932851862604
640.3670032467978 305.5256565105188
661.9957186706098 742.1399093717472
596.8516086732335 626.7983930814349
941.7403318280928 98.22991583481519
41.87457568480369 346.9509621689933
894.3468420665093 299.80396921181676
486.1763318530353 814.31188053125
726.3151300485587 854.2125157467691
115.14426996758863 223.31797926864178
251.88541996932085 513.4142672817637
826.6897258046375 184.51966804463467
39.80124757302578 653.5222069375434
851.0709476933971 615.6770168826921
707.7357814623741 794.9204725098011
800.6993938646807 146.0731510378168
253.8643479315141 192.5046129819708
131.90902156842657 306.32736095390896
478.57699828403446 445.36288986948483
419.3128717463708 208.11214359816188
905.0284416290871 754.1833084003257
61.68647006337591 594.4421955722125
908.1141255262473 689.786805609038
454.4086140023233 80.5856613186529
600.0107658182926 94.45130049594826
848.7223604610712 295.8688861621677
707.3604555953771 74.12175935203597
