objects
245.18141346577613 840.5228493299885
135.0205670077674 358.59096044416367
939.7723653143311 371.670519002167
964.5309375429227 674.3088648816758
763.2302054270493 727.0515536658144
588.7514578046547 379.877832809703
386.3430065235282 283.6681568465939
936.5513596492974 956.4842347547474
656.2262893443245 663.999320824778
876.2867991053853 164.58798318917172
810.0475611156018 361.75756279246156
928.0849598783449 827.1397042785405
156.1829326696716 897.389513544096
791.3329347476513 561.4716747114219
74.8138306899599 433.22245419959853
676.5140750504567 354.7101675374237
833.9730810876645 715.3325857089897
323.36268681442726 49.43317873993746
261.5934231598276 610.7834028629243
86.07328386181788 368.85453045655703
895.0723075196449 283.27888331026776
33.9368505913294 227.77736938345566
766.3535796756995 897.6539552417896
715.8256667055571 948.7758625819745
401.89052045130575 621.1134409552535
72.31574709479627 932.017054192753
341.94621385740106 823.2629022020906
204.20913953054685 662.6996345684576
813.9302075358481 415.20230841498375
390.867110382743 554.0577052783766
374.53177985147363 687.8642712407757
569.3537322105603 507.53138208165774
467.5991988311566 923.5928246414736
380.96021995881983 880.6922603495419
63.84715767471556 821.8541811827766
359.66016604290826 112.05792138633397
860.1302889514436 760.5021917168593
116.06770003116851 184.69746616952793
643.1883961682591 884.7045312726043
42.92074472507837 290.9122169385685
317.8444149995455 425.50859278569993
973.5579428698909 333.20926565433575
805.504493245915 82.5749667874388
224.51748799748435 291.76644208206045
84.73304774990534 650.2776595717545
651.1730888241011 548.3866286681217
244.95830009154452 961.466409040296
405.837683432384 790.6265784668477
630.6995198257753 228.59936522600324
38.316152852386416 475.6885758594758
