objects
134.2245085016404 189.40255815283905
624.2108192698718 86.77894609383497
749.5158776306307 441.5293076211845
725.0383057657502 530.9885725234067
636.1479382452816 411.21408115247914
557.0069353530848 223.57654712525493
119.68068341066811 636.4273306527172
466.26164693283874 99.63650998980988
783.929198680113 764.6301220273425
595.5593141799505 922.224608354439
473.97001136769006 440.80667683276516
944.126143446086 374.0527022714578
864.3350586919787 634.427698761509
789.888435341593 885.0134031021588
159.35799145041418 351.5033903784415
181.62884814266016 437.8006103578971
843.7250583350693 161.5916008564111
717.930515953786 186.16111466225365
343.1666875449671 106.6394946559653
645.9745784290036 489.92127239348565
585.1082758985377 159.6475619036794
64.32885004398926 849.4992834264426
665.9417359563607 28.086255293931853
112.92656944576764 709.9954292306495
188.40940448709623 140.25771423118533
72.8107029164321 136.53567529567877
243.28818396066413 265.7105238152876
836.6497740482331 214.6029852546685
633.1070847823033 633.3786345120842
346.83871782827043 930.5649343130093
382.44812364572823 663.5645941187877
146.32830553356325 553.94936323652
529.265624864792 401.90050142426503
551.8697509188609 811.3499300975943
406.7691107877361 592.4107246651749
697.1527480430362 677.9877398069232
782.2667409007356 943.1766842273499
429.9397515590987 677.6520355931191
26.684898078779067 43.33607576009055
502.38457975976826 853.0377676442126
40.630963754157236 384.41039040022207
762.6227204553038 328.68129021384095
223.91184007985157 737.3373530100672
579.4776628079018 494.58516321259907
947.4559376347642 134.76807133455375
389.25447087251325 159.00930877175946
126.13283451769516 304.2463812213294
969.1633176247909 583.0429493279337
708.0862825342974 381.2521248318248
841.308817155369 792.4378794194384
