objects
536.6883143817346 155.63070571837818
676.0341734025659 431.91382349109807
724.6094529367955 585.7258396356762
445.92863718003764 452.9653149694637
475.45702088364703 331.0370411441582
706.2941550276994 33.5899673313743
370.192495520674 346.03536818727173
452.5462542283542 144.65809961556852
544.6183621422084 643.737777943901
615.0685588626084 810.1128953920625
620.1823234262686 679.5292971442659
702.0608383405375 324.2746692866216
787.218378118338 42.94278337502648
577.8715496776537 535.8457058458664
100.47648400113614 391.2007808564497
214.88389935349372 495.4241745658844
390.2948985510273 955.9615749845597
104.23706582890733 824.9350810237372
325.68351799159274 716.1966716296896
587.8178230477788 757.3009515096959
946.1190991407759 102.3225524039958
165.7111960392492 79.39484667036146
956.5748856763782 891.2279611311419
890.4891612708866 353.7800693597005
349.7031792256556 32.887722030000255
553.9821753783114 859.159135071581
587.1707655063442 176.0832724449077
709.8775997629374 687.3381621133905
184.32383710576886 267.3663173924667
834.3115916141476 775.6846394633259
703.5690849221411 523.5665832362241
272.31428143720444 968.468630423103
297.7664414376634 360.82344779303764
292.02025810023343 880.7199765522284
145.45050778252278 705.4005562408852
891.7256007882138 662.0573472541948
943.6276850958451 422.31960065870686
565.9367526502008 297.29626972991133
794.3176769106881 878.2759801641366
478.4916782879954 72.50172409897338
937.8061199636037 521.8444489429442
895.992472991827 962.4086930122945
959.9662505942142 631.4444492899283
398.65696252304997 617.8333302629843
288.03466737053606 174.98209783388015
109.03928401636904 972.927866809229
163.526865450229 151.2195293780562
449.8299217106086 545.762132014525
36.69510001764753 531.7772314825771
705.527486556326 636.5896494610122
450.81846482001674 212.6741051261522
749.147840722239 763.0412064133017
573.8554830994913 968.4330503460756
38.06148859604467 703.0387464292315
286.1298582528965 514.7740862992422
727.603856257437 147.2740933547245
465.5415732303847 864.2121916623418
328.4967382238332 274.9343747367324
78.63069189205014 308.6740366990948
248.3076121925616 310.86673789341967
817.2480847019833 426.71229827745026
287.46820654483025 681.7064939392413
875.9598130681013 261.9195207103902
49.94039703654808 825.347695522105
750.5691667756118 968.8519012366828
77.29144577708338 568.1134232160508
329.72715768825213 405.86713661439825
841.6437064340079 974.3054610790899
626.8856538108855 338.4305288521952
757.4073818525554 917.8338465350163
767.2492483790331 447.8084996887049
455.616869467515 762.4828963508896
778.016803770191 278.9643251468376
504.5509463175683 816.6727150117204
563.4816955880358 583.7029002983816
845.7197387781448 504.0099021666931
509.75282025449377 695.809623550268
884.6716201789505 101.27079090869094
846.0092976627856 571.9029883134167
507.9057662699008 285.1220951840812
523.1686839330667 405.3837177642135
331.9757644298355 641.6345820810591
286.17706829041333 578.1012347636778
373.9088356059848 77.9064081871414
310.17056342256217 70.3987092445563
136.10254543398918 586.9373888857378
940.618754698135 221.64170621085572
418.09520472653946 707.8584347495954
55.83958547605394 480.00142028691874
222.71825539942495 546.3180732801749
259.85013704223604 813.451942514238
538.1609028602335 61.315341210638564
75.4922734937695 880.8788532570612
27.041648440889343 79.77425229692818
575.0691834200314 404.76815645726117
898.444340505701 847.7496399505412
907.2869682290616 607.1979082669504
208.19936139543475 636.4770359300018
200.44869500740273 889.2910590107276
240.02853077860033 243.31862840084386
458.11533968375596 971.0289620517538
716.8693822443296 390.80378584004563
515.7059825314975 509.11673839222584
632.7606652711701 628.3091534953817
241.79959010844283 740.997586941921
930.8751710836711 714.2187114703597
538.7123341041159 352.56943371925513
644.9854702148232 930.4795122606918
789.6825368815228 577.3128446554484
850.7385488432666 150.38667519759034
821.3801664600626 79.3495976286487
204.9124171256102 688.8198339738955
243.5907398230447 58.248279865857526
77.46008101552634 171.7479463027363
688.8716408850535 809.2042143882071
382.38189878757925 461.53657052066063
611.3592292001907 250.42677053350016
127.96019957343715 239.42901514294113
573.5849073334973 705.2830746832616
189.2828524432247 432.87637664770364
330.22824010469645 955.345717429621
26.37571870520855 183.93568189603698
712.5561504524728 211.00838813893645
338.6667342431221 589.0710591428751
138.66330312348396 770.7761613039136
374.7655844077229 864.9948390002163
808.2908744937652 319.0117606333342
381.24075583992914 775.5305775614843
867.8203916073483 735.4569698505799
644.4566967096044 28.71546973037845
26.822694320904453 272.20422291445186
660.2709309619106 867.1595499378095
866.5584379618232 54.720030781250756
607.6946459912739 85.17379024332321
412.9846201146728 33.96444673326193
656.9666830060835 716.6321540505983
260.3380877290476 458.18326527683865
711.8124824197828 273.23639178457006
56.232108356625844 765.8118217089664
389.1239347558098 260.361295769036
29.039138795385558 336.8178091394725
419.47643486964887 106.08642530851748
425.01546047395914 299.25487280771006
416.9324318832191 815.9953871073283
795.5793156212673 728.7693861069109
