objects
746.3322419616413 708.3445239202853
464.840498951725 945.1307146779725
690.9572354106904 225.32530687984016
581.2493391850073 870.9204472241411
595.8418879367165 388.4162149175076
269.10749638152333 445.3928540692732
346.0426320574531 604.2843870764119
824.8985092760607 65.78510419359183
79.22759109567177 105.80952619518096
373.4866324301638 814.9885176513299
830.1954359141035 430.003162782441
512.113707175552 871.830749123222
765.6298399424228 463.0226624116949
917.7870851982323 851.9475031290762
778.1076189378139 238.41278755718
222.97595734975886 942.9271888531796
538.7104366868997 251.92803884966835
467.8372186002189 801.2648948858383
475.7485647209081 220.78653565460425
683.2997462179852 440.6008998902705
675.9240396772128 625.847778184394
902.6285618192159 691.6273765866274
853.0471834426854 890.187456263306
398.5573379159582 601.1440571931531
411.75760696060394 474.15199005562863
949.6146550074135 775.6683962748789
41.92564764891242 314.8376698491583
910.9966217521077 249.8133476554807
626.5621489192439 514.9055674650086
380.90595610466085 404.3921417040706
586.8738424645726 331.4691746233474
796.5467464953717 113.91939243216108
609.0024117205465 686.0495013358745
452.33949624674113 427.3437131864314
157.48542764295522 335.39255129104544
898.76122575971 478.9267776556367
677.658671480085 755.5474750873099
286.04418544387875 793.0748317071161
869.1973992992404 551.0769779056072
338.49286502957244 553.4423861261779
378.29721121566723 130.09127001584147
422.00830231940705 48.19603062588844
540.5367575535203 609.0078070503871
495.3874650184333 392.85448271275897
326.57086229424027 385.59223956591484
588.8329223566044 466.01379969302116
789.1272911195583 188.9531569224163
945.4682752656298 721.3913246068278
356.4281626469074 74.38892796373476
362.46390502363613 466.4817389314155
463.3639137121839 550.25026004555
307.59081910455444 115.88283572999279
572.755640871658 527.9920667639328
288.73727207775215 631.5534913314403
86.52990466801515 471.0906735539573
868.2711374690143 395.3467046190367
686.7478150089963 89.90988228094186
68.50263618940099 660.5003232125911
573.2186564272613 110.24697026265254
364.20877770810375 947.9787654303515
499.12865829044136 136.28445637834554
839.718115169856 284.56204270162976
665.724399464581 376.9461914065687
799.0584387243349 947.919119669524
728.6317627458776 591.1660103919564
918.7416120537322 169.6760046551685
804.1107951510727 633.5381856386845
193.83207605779072 771.5011604963677
415.4126185566916 211.094923708874
799.5398349696771 380.45411069427956
841.3049500023897 198.0061002068496
199.2996547217977 460.2096917385405
114.7810615889361 175.15905942615183
258.4137975745729 71.08046359002977
950.2586322986064 416.6132837088921
109.82828923453447 587.4304948148073
557.0832300871639 737.5551259602931
964.2051220792973 637.2966285974267
817.8861883595891 720.5183075063516
858.7049406925112 615.0491982390052
974.2891467074286 502.3902764827698
615.8436375708945 797.6822068313479
627.5480290658705 220.16489977925346
37.38672247525253 769.9098934901463
163.44334158702 885.0071253723573
695.1395252674712 836.1142338299458
646.1461444454546 311.6460463577248
950.1529518034948 323.9497348456427
222.1369844270261 676.920140800054
80.54947725459961 355.37540984211694
200.69778603344218 284.7427246570304
243.30275749109097 336.517085991486
970.232442034536 583.5687932779335
421.10362724205834 747.2458139719632
442.02528242992247 870.4910633156346
59.40493678291564 715.5590305832629
57.5415380681111 258.60962433136274
89.4051217882787 888.8592431681415
175.72930359506458 724.7253290201116
624.5506306511602 34.25242572600785
171.5529188943367 208.80938143865043
913.1649835039083 615.3808868640988
669.4306809406711 963.8021863448785
127.05683557401878 738.0309767822326
45.04938969113358 589.0784523800224
275.8414643477757 540.928682534161
613.0200302907557 927.3896778050882
693.7125693207792 504.0745097818056
588.433647380986 280.3181276972239
634.4002472848716 858.3851465984052
731.4157537644015 354.9722191142443
356.1472856070789 334.2685583260887
366.6589364178288 270.92732057659043
512.5738518148207 560.1795979310167
154.70051457574283 666.6520890983012
32.070901655238906 147.5690246332825
53.85458509724624 36.7221182797236
524.3876105782856 684.2000084743943
759.1506835285443 814.897706299874
755.7980317916293 906.6043222514751
311.2411661554674 49.85392692612726
625.8266878753416 106.51208095013818
663.8181575342757 555.3149926389679
48.01024594427071 516.899853964458
117.20102625494155 429.84838437607306
464.640161488675 335.76145975707044
927.2747480142085 553.9040110601798
865.3944937696508 788.8177632172742
202.31670814408844 543.729386868186
338.2378090508137 729.8259294023089
219.12025834717338 408.66513808329216
763.7853326751308 299.69746192851795
235.50539794724412 204.54152416305553
531.618289187786 357.77755663470026
495.4601040842892 639.0153122771941
433.45223368449757 378.65685370750737
216.8031651185138 847.3652378035765
474.96486059896785 51.17015656577818
488.86543600212735 738.6619406018336
543.493748990988 188.11935306773321
198.82839396467733 43.98188500021216
344.0761449726998 216.35695645572602
864.2675238284994 117.90670522390926
545.9953482764245 418.19541347915873
293.62617766427763 924.250888075583
