objects
294.23567452132096 853.3017078033547
374.57209569412896 250.06326498720261
813.375051770043 148.14542336786158
226.78338701256502 62.54492154995798
760.9311420163738 539.159381597446
709.1307022192246 744.9119971530444
235.9695108608121 876.0752944885121
945.0535224398512 525.276537917279
946.8495941141778 437.2103296400152
639.6482245873173 124.56900112583877
495.0970868655251 819.2209705295498
861.705966617651 732.4555599956341
124.44511041808244 115.50563900572871
720.0508990682292 447.1662904916903
641.5668791215023 757.2466409365686
517.8705167342143 594.5284430450521
204.19554761432585 333.88420588058256
84.41320487138188 782.5727134132634
240.6315057162244 173.2420072068527
285.1731363488214 801.0557240802111
70.30413042098317 79.05019930138332
305.7329598965933 247.7343096052395
128.18332867429282 224.65421521009404
42.2966217387111 149.6100950422566
667.0726827007055 189.50018025299985
421.68313742719243 439.7535836318036
571.021489433089 550.2828972388292
867.670362238076 789.9218669960915
620.9501951396728 437.53132329586174
95.49885611052868 663.6981042799532
295.22973308599876 915.0178770757808
386.3145944170821 833.8808541891882
32.44179015605157 362.6003904725747
763.1855311074848 813.6837501629409
433.4316483074633 253.05004167894003
391.37761903477167 757.8431296135643
301.19209497128475 461.6984340720963
632.2656066147839 647.962157208401
194.67067759551654 203.19315568286885
334.05292746144056 590.5075948044241
475.46911631245405 547.7837749863467
866.9321144578771 448.7579352117095
822.6937021145233 230.6146500072797
693.6008919544861 41.66574770273177
489.8572948958467 250.40501116682267
862.708124637741 915.3575333497121
198.87592297833444 955.7496317874712
607.6476351322904 343.98609199527175
505.8942391980392 107.86759846706515
76.86358737397104 500.48642649586964
346.268899673835 197.68323560203837
928.027168125355 288.88135749352773
932.5647892065947 368.37525717154966
254.3125592321131 657.2638421719073
538.8712104908939 60.417918782202236
943.13960749711 723.9216966454132
333.8776216983104 739.2796594704988
34.51243365824307 762.8154055394268
558.3831852813718 502.33626834278317
108.97607887897529 337.21681061538146
147.17997743429382 558.3030686184204
723.1535820662601 361.9417938519875
799.5023918907012 46.681407875606396
472.3533518789448 769.6403728202018
769.2613941937775 925.9366566965509
913.2806666435084 168.25957887340005
764.7016878912077 330.97597937448444
704.251444407491 287.2989926769623
141.88817808022307 34.458248815786526
672.7817944375305 698.2933725804775
37.0387977576364 919.4297442240827
101.25661958078867 732.018860369713
881.4690599211555 384.860228833863
740.912024710605 153.23288263620952
174.1953021615097 676.9040940507768
512.9434582309561 916.3784882927622
34.54419304336494 575.6009025303165
552.2167263816683 423.46904625569795
74.45859765901602 231.2954684668528
771.173720723953 758.7583496119131
613.1925005897588 593.7819816152479
445.03133612693176 363.4396355918661
416.7336157106354 105.95460410263276
620.1732063607025 874.0383459564174
433.18736398222904 728.2765122721582
724.4985156750541 850.561910430127
392.2446470004394 596.3850846083977
140.55918249562941 423.9034066532927
314.5301680449511 125.9633844145993
451.56187157645854 192.06353865544312
784.6622405183211 973.7008466908012
79.66528772219009 398.797383496036
41.496150181861374 288.93677424658387
918.7408093169873 831.3343632140072
663.8837599766077 943.813370922779
404.6654696566402 527.0711408173686
475.98337289596043 643.2157956478993
786.702141039041 615.852017501792
418.6554613530414 883.1336190783992
344.63478480707874 29.663282275763716
518.1747575704645 296.2085950291391
360.790944558577 924.9292188922915
543.7128971431304 794.7442356611396
592.5873833614072 808.5333053492313
565.0448392108971 720.3661135876862
855.2965943095705 644.8793559824117
181.83697260392108 128.7166775600402
897.7102652343785 697.6812350628084
595.8189518760457 201.53438234515036
400.5663715320888 392.3048800788223
866.5201084502094 117.89110542199212
301.1962000503869 689.3813615174731
104.38613571132336 924.2107423852002
655.3908787490396 557.8829317480006
520.0895915528647 360.2311692506426
680.4843541875928 492.04851570645235
254.62547689320456 326.535370017134
285.70351752628756 409.89256819109835
361.70645563628864 638.8736747929171
373.08774168840847 488.14307080568926
175.5391150796157 776.4878230383595
910.9785136219139 895.993668942746
681.0760452239705 94.29709880641548
331.8171999906067 292.5008361169485
179.18551884518234 466.5776936244666
604.2038215766149 282.73503930125725
144.41093935863407 961.7697616105138
437.2203208897271 810.9305667795543
963.8674581030419 660.8119542910225
609.2390953523127 59.567162353730225
844.7142202895064 541.4233145416067
239.51810609902938 607.9601822405681
259.48344416675695 741.3887682546779
831.2655235255032 395.49925016195255
828.1306383588749 487.05056866870837
812.952772245656 788.1021481784386
874.595995975818 221.48347192120426
429.93373430478874 964.9363549189209
956.5420874026518 93.87451716332686
712.0671751346565 224.4060649886608
734.3290920145496 94.68985648781153
116.12168768804524 866.3595623108192
265.61610594673766 968.9870748765985
605.338346652695 942.4760631878507
802.2694342623034 683.4933903923131
