objects
327.0447907773506 55.78965452419423
613.1788803433705 314.1998499049936
120.07262365054277 50.320162505619685
616.6449883781536 674.1419633058614
523.7097640789323 180.30973735398985
307.94022655118494 794.11624577314
92.26320915711393 177.8900738639942
542.3344966730144 312.474000427129
451.5285581422519 887.7426169331928
84.64879789824717 744.9318001348272
104.8611215121566 328.1971866282711
365.3519133727763 228.3766742565007
864.876260406962 779.4312980626785
377.6029963890502 180.2559654597462
415.50367869689364 767.58163316223
897.9032458165701 475.1368860876284
875.2728317415017 910.3445444754487
298.00230074858564 306.52946861094165
201.05441833979185 454.64262753295816
740.3149014627833 78.50026471910127
830.1913437670712 426.29263962648963
534.4306063568645 382.38333665370516
498.24690608312073 719.703849897516
305.45014407860174 228.80491211043005
98.50898146830932 472.1414019871483
311.4416980260917 673.2666283542642
487.8522050638997 926.9313296644698
163.664296742863 821.3181680177927
56.08591443108816 618.3356076142825
644.7412174643907 462.80432579286816
935.5588024433802 795.7781276726544
826.8812046932934 700.413957683446
923.5891568070604 682.7870885357522
260.61158854056447 967.3342058201722
799.9838455263922 470.27529147431846
897.1088351879031 397.6241603510374
399.77079373114873 568.8612687000503
661.6435727174177 145.2753957315785
95.22301364193297 920.6278374459873
465.65924538354716 337.5541298581952
217.01173617329 610.0298594528355
789.0498704975397 91.84085679347592
318.34958545800896 552.6890005646312
595.4121268070503 952.2223136595927
659.0988592543093 964.3745627306042
728.2820634697317 690.1867312043142
250.4439246174136 900.435016661335
768.8003993173409 769.3529915602986
266.4791123827144 376.88027640227756
567.0224637313432 759.7669929577004
813.7085278047737 203.91891372709912
933.3502990724159 886.7440698824045
920.5397373031486 546.0465727746997
25.835560624274855 947.6089070016103
191.06754708747894 866.5456041002456
457.1107575650006 73.29982310077357
310.78868656602435 120.13291583804249
906.0267293435815 270.7524266103719
379.66006997392157 891.4229914926973
949.4638891370535 160.96781325942575
458.1140369972324 674.748273747947
648.0467888457428 521.6408070291532
792.8238746178828 945.5385291177761
538.0844525517081 911.7581254761411
972.3234104608399 619.8822186137238
223.9047989796213 234.27480350350584
70.00933438526816 853.9359646858593
526.475134695798 529.2595098963366
598.7706849045635 823.511293918223
232.7372724251275 761.4562747249679
308.80428102513144 480.21279812864475
458.7162093664134 567.3504216454007
688.0770526567477 247.56080886657816
204.67874926532576 966.901734397831
725.1656080326095 936.3933304470743
695.2304855932845 567.6635704199143
416.7703737984523 277.069064845116
213.51311777690788 814.0850219101836
951.295051448295 318.177801721046
655.5223858579978 615.09611539892
433.0936448879009 414.64672916571357
736.2090552689817 327.79543096758573
168.50901043002486 311.0049725909233
578.7053278827985 456.57651215449516
624.0912747447915 201.90568873675855
33.41395208450805 454.1994638241381
848.4629672737524 301.3539062330618
432.49446413219647 168.5622470736352
625.704149664495 259.9471224295746
281.88465914834217 613.991499288961
372.4782421022407 497.5721546415852
787.3062234955966 639.136331568606
778.2769428113081 884.5672323157894
798.6983552062869 350.5609449173946
522.6621725481369 851.8523071038778
274.41346261977685 727.8262509870573
966.7254578099704 39.601129510354625
763.1906730657805 547.0713409611443
245.8573740237185 290.6211762906664
741.2455598470295 497.7709124517839
583.4949794779109 508.77458581594743
129.96021303674385 570.302723288692
503.1085440628971 94.70917287029721
892.7542864805183 847.0931871341489
640.4713700325552 365.98091571770715
334.68629315716623 947.6972456220667
879.5525088946965 731.8571233274304
28.964999934236644 789.4692917815403
849.7664972444003 627.4697299228299
666.8204831329333 703.6665286705306
529.8516938667326 474.5141547910319
60.31861252678951 356.034607065227
359.07575416672466 278.15346728121784
959.4601161991859 507.49281372448263
135.52416538884088 626.9157028944254
696.7640459211514 794.3845964776966
803.5809032424004 41.73173187811777
553.2777405287811 621.5419485042855
147.06910845022858 710.8643543231698
554.2549485453328 220.94190220277395
219.90308041718103 526.9761734977757
224.172779627192 34.84255778628144
363.9108853984771 677.4886273285808
726.8944778967028 856.333465119083
221.1774082888116 126.9401652885896
883.3836100596109 590.0145791690977
28.843787375364816 246.79772388331253
223.011799998381 660.3554345415133
102.18964622490589 527.6866637988965
88.62778702192531 407.41138858486073
879.2872011533814 343.0167618923616
420.45559363511717 965.1451441896011
424.60907192233753 483.5509090644541
135.89251095055198 100.97430692140226
126.39955326099185 268.83810310215824
892.7903955328459 203.40406621433434
156.99359179791486 359.9222338954206
962.0168203933529 966.4332935735574
835.699073828332 841.5934693290008
828.1825566224919 532.1155574677122
732.7176034029226 396.4966857596752
844.7126548199998 111.5567275964378
328.2499425325931 729.4985186695559
591.4521976355547 133.75045376549843
559.5826867630943 672.939265490637
