objects
746.047775931428 472.40942010100724
491.6025005766245 679.9475046040736
485.1420009035673 448.21112196088455
65.50563596898171 131.90131505948543
855.4618497509314 86.89859534761317
671.7854440681602 264.1103495850565
148.5927377560466 665.6985915155451
447.36419881712993 530.1109156272795
953.4613341396358 776.1060470552161
166.61109941525658 537.8522178269806
404.068188204533 724.0248526367025
192.5406703900609 879.8057076897444
114.62052665688526 929.7783302194069
321.18719234067146 269.44621258406863
835.2121396052813 685.1473407082942
445.6047551204952 855.778361878337
664.447500139284 742.4553682459425
158.51018624750844 407.41606528895585
901.5446280876606 352.69172960276927
549.0370553390478 277.4183763913488
270.0748562594907 97.66671483203287
67.0872623577068 225.2698812379646
909.4570723550968 461.3823426461695
62.63598570939738 695.5069222704553
823.2032628322444 391.29476500092534
302.1080491013423 891.819126520717
669.6160339860712 895.9752328537514
292.314343078199 802.3133832467623
165.8306121633991 303.861060848827
747.415381952125 786.8884339142642
91.9940018877789 489.1919162995346
434.45779120694334 208.48009890767995
646.3180021518431 363.49677769605563
581.1099826191911 480.2732653474495
801.9025131044571 303.6195260591674
