objects
780.6511289390141 730.6228363311918
835.7540241783847 794.2341270061753
206.78515317870088 208.18207683175453
434.9446916052313 157.32375606306337
582.7433065560318 927.6296843083439
690.1455586377034 180.87691859600847
888.4744232481986 444.131132744208
269.0098678042686 465.4710612271619
760.8983687654988 627.4291920904036
232.23010638446502 859.5541917639397
208.69865727318665 305.9342282956868
67.01674811013851 199.05377409312266
324.4044011976957 916.7602048768046
942.4940845148749 235.63640633938508
351.0585875836482 42.98317495004468
680.1500558145826 452.3889873518485
187.3151391274549 637.1644021754814
195.71031368156363 745.3926619315947
164.66763376489607 409.86161049876176
167.2745462993704 495.0392598253785
65.5409249622736 617.3053704850466
378.28111498995133 371.876444443312
284.44447341570907 170.18167742997474
364.8371612300168 607.2700555281659
47.40217692407707 282.70196491002366
634.045280557925 789.2118615027038
514.797569860961 381.5880873225481
327.0983123145721 528.9279639168373
396.5828035763142 263.11263726678135
904.8383969821081 354.9698822704352
440.7549390152633 686.7819911304354
616.039336513652 552.7695912358035
913.1689956607818 643.6694650301139
736.3740418079275 530.234211090001
481.1195493266341 793.9849546496956
