objects
825.9370439502593 311.030104189009
913.5245547208768 391.80332064726787
755.382394079562 132.05406688725003
265.46509655747934 477.9926004725256
932.4269876984023 244.91948866073602
206.21368837903054 158.77635729332064
330.26266658099036 610.4682411067888
610.4264536767022 395.8014049851509
408.5305018613625 809.4448295956718
781.2443140775723 834.639621402258
316.95760012036664 255.1231502048688
279.8088897612885 782.2542348576717
955.6223222719951 110.87587955529679
912.9592668955626 844.8272601870678
275.7823482456989 875.5763252829723
294.27032704792015 362.5364511567666
669.1935877768499 906.9761998311006
734.1124115238756 443.83699112734075
777.7789895148019 647.0522771759704
71.68914735283525 608.843613229876
467.3957524869111 653.5899947783183
86.38779770928558 318.88052867438165
111.94102465038296 80.84611742484067
502.0257815107024 751.740918644261
50.9126795930781 143.47447371688946
894.2522837022262 542.5367256461651
612.4529165046645 594.9531157067111
574.817016406921 803.2910739804311
534.1207494502618 256.27300859676
599.9607236801708 60.1385081534503
81.96636132624604 799.8416184888459
621.9738370961866 717.5226702410715
764.2377131000022 215.1002417538688
53.59805545762734 525.7298919100068
431.9944189808229 480.09237524689684
