538.269 512.991
550.464 947.295
526.578 716.509
536.43 621.315
901.869 860.119
638.561 500.658
312.852 361.841
43.0796 943.032
178.484 865.915
198.931 43.0241
43.0277 113.389
761.627 223.078
441.659 637.014
901.584 638.623
552.32 144.426
440.053 448.907
125.414 786.687
143.316 205.654
406.808 358.822
901.72 482.442
121.075 383.289
264.205 909.132
561.771 366.925
664.485 902.596
475.194 208.365
840.173 355.93
639.592 310.713
86.1975 471.768
901.962 956.846
235.905 231.023
262.508 130.981
530.993 50.8187
816.051 815.619
167.336 700.315
127.728 558.321
760.052 893.419
168.799 299.985
902.048 262.198
766.361 663.415
390.901 785.293
902.014 52.1629
138.411 956.877
43.0178 602.941
41.7906 833.85
807.209 138.842
385.622 56.8113
326.767 202.324
42.0427 328.791
615.805 751.952
316.083 725.823
251.477 655.123
301.687 820.743
806.459 42.7917
398.509 266.118
718.018 807.108
288.717 454.757
290.603 43.0131
102.915 43.0033
645.942 161.904
486.681 304.076
901.44 157.082
651.362 406.247
216.76 391.189
753.746 459.395
454.527 895.893
345.396 635.22
358.624 900.223
485.177 803.42
458.546 113.807
43.0175 209.397
