249.348 109.216
410.705 112.339
192.389 711.361
360.552 884.886
552.045 353.858
346.151 788.971
43.0664 198.667
168.156 54.8495
43.0089 851.201
293.315 194.798
134.25 880.727
838.949 861.011
487.483 450.891
901.932 257.782
268.456 652.795
600.72 776.921
43.3854 504.918
501.666 900.719
133.098 539.149
720.871 641.212
432.229 635.85
810.398 135.696
48.5287 294.456
772.563 300.826
271.319 849.548
128.555 347.569
332.65 282.92
811.257 673.467
901.939 545.953
747.073 833.226
345.293 595.229
682.089 445.86
43.0071 690.13
545.437 527.288
551.088 104.496
484.233 228.787
774.744 470.515
690.211 350.204
705.613 538.933
646.98 111.113
355.437 693.46
838.11 398.188
658.852 870.989
575.415 619.003
434.732 749.949
840.192 765.021
235.237 562.714
296.138 956.508
159.108 446.161
395.935 355.133
638.929 269.092
575.027 197.45
144.594 147.874
429.706 539.06
312.209 505.121
477.37 43.0001
710.593 956.871
838.007 957.006
423.904 957.014
390.581 206.286
775.569 43.071
321.033 45.1961
510.611 691.192
614.59 956.891
901.938 641.955
217.038 269.129
391.483 450.978
739.712 737.487
901.503 105.296
310.514 398.975
