622.792 886.107
98.6953 742.246
293.997 689.75
140.225 304.807
375.36 823.459
73.1389 373.476
488.508 42.6436
583.84 43.0038
786.358 107.56
70.2169 650.264
601.548 620.622
89.5644 467.198
405.079 90.1692
780.28 804.437
745.888 620.133
871.705 833.726
901.811 218.265
185.026 456.839
837.99 559.134
274.875 432.376
610.157 421.899
902.97 629.8
315.642 286.426
182.605 218.588
325.287 143.573
784.32 708.465
283.275 56.4731
43.0181 285.683
685.243 790.862
289.578 956.989
127.776 956.988
753.831 423.735
445.112 889.506
559.036 959.398
179.229 777.366
532.288 761.482
384.12 525.444
385.59 957.654
845.074 393.876
536.778 552.621
279.869 797.624
680.91 357.752
41.1635 92.5878
199.654 570.308
229.635 134.766
624.515 716.497
690.75 98.915
718.024 252.83
451.627 593.75
104.002 562.139
625.694 514.845
352.042 375.259
125.341 138.761
649.386 185.71
40.9451 184.566
555.686 342.847
105.552 835.702
523.308 457.525
359.041 619.141
901.786 43.0231
411.551 282.342
718.67 881.144
428.838 440.452
813.669 244.462
777.963 957.578
436.745 749.635
43.0003 921.531
773.28 331.566
534.972 124.446
625.713 279.197
