779.916 156.272
745.263 774.971
649.312 761.772
527.385 610.188
626.875 595.009
484.173 43.0013
77.4077 288.63
838.339 249.77
313.894 590.471
776.519 514.878
421.494 811.225
90.9466 398.665
326.322 320.777
245.599 139.881
744.306 398.941
523.578 177.539
640.854 43.0021
130.844 957.394
554.701 779.162
583.749 687.9
340.315 862.548
838.559 358.092
618.385 191.512
665.337 344.329
489.616 518.445
437.603 220.292
690.194 912.171
237.943 43.0013
516.993 328.907
244.328 862.724
495.146 422.783
798.243 694.915
120.686 647.269
228.485 548.249
759.18 304.1
294.087 717.464
267.182 245.406
171.468 240.35
43.0082 106.471
688.746 126.203
901.974 798.648
334.253 176.722
87.0067 192.977
468.684 894.56
43.0037 703.676
605.285 956.988
276.921 403.091
388.671 530.476
829.356 861.438
589.017 402.564
43.0039 481.687
634.499 498.316
818.694 601.118
724.134 618.647
709.584 221.904
902.351 554.028
43.0013 590.864
838.387 956.996
422.137 314.817
43.0019 840.68
163.707 336.038
325.671 81.1068
150.684 473.117
901.973 650.03
613.26 855.234
199.276 702.4
321.62 957.182
901.965 105.376
408.951 716.047
226.116 956.982
