565.958 778.549
700.983 551.483
51.4117 258.711
142.442 309.67
649.831 252.279
46.3343 745.889
605.654 612.607
650.114 51.6486
690.06 789.186
427.725 948.186
494.06 154.857
467.161 823.554
228.199 383.011
213.752 52.2322
154.29 149.16
571.526 507.654
46.6424 862.77
409.974 468.222
891.592 939.478
733.319 382.656
249.165 273.077
412.798 51.4305
52.6731 417.28
893.114 519.818
444.867 322.535
326.023 623.34
713.74 163.862
787.786 479.443
509.444 415.022
203.868 807.326
894.73 362.149
445.742 573.117
895.037 90.4618
892.33 754.724
117.981 508.233
303.435 841.221
313.591 104.877
144.737 690.019
623.721 875.796
812.517 674.697
319.776 952.856
620.191 405.633
731.22 894.07
759.586 272.984
339.009 361.716
256.239 707.397
699.704 674.905
356.22 740.187
832.107 843.595
555.009 313.395
108.187 948.592
828.338 183.558
215.254 602.005
51.4273 632.167
540.521 951.974
606.887 152.612
359.777 250.832
508.625 666.91
289.103 516.721
100.973 49.7251
