515.156 831.348
636.771 948.587
51.4133 537.8
587.557 576.075
686.978 661.445
630.014 100.461
541.27 256.037
461.822 51.8533
51.4262 424.925
51.4167 228.692
894.495 899.389
154.173 256.635
705.364 214.718
893.27 328.849
660.953 768.799
524.214 948.577
400.433 545.969
51.4264 786.238
245.51 386.049
635.627 477.81
524.89 143.419
364.249 192.386
455.725 397.61
146.845 478.483
247.121 876.567
96.051 104.403
785.06 605.7
196.747 51.3292
297.624 101.812
793.485 949.649
255.35 206.423
894.546 578.523
731.559 413.984
804.117 259.658
484.249 621.458
893.216 51.5733
102.579 948.585
821.225 821.09
333.353 634.616
837.698 481.067
643.774 309.6
784.867 714.305
503.669 499.926
134.176 367.698
373.218 796.431
250.104 563.496
464.311 729.905
432.151 287.264
161.347 817.357
197.443 708.734
733.595 51.1756
718.488 868.904
565.208 390.572
317.408 472.964
895.53 736.164
329.635 953.487
846.834 155.127
426.101 894.8
94.2656 662.776
318.922 295.688
