893.441 445.915
379.57 436.536
541.453 589.239
893.126 762.961
202.702 155.781
512.159 812.939
463.463 68.6271
271.441 377.957
563.661 707.154
730.26 422.464
370.464 323.905
51.4119 634.211
842.798 949.897
893.494 286.481
207.814 669.147
788.601 103.421
288.915 816.048
693.195 529.004
621.897 342.097
450.593 179.044
505.524 425.844
356.805 105.369
805.61 538.571
137.435 759.764
520.907 267.25
453.528 688.699
269.202 950.561
201.534 278.36
695.921 257.304
893.524 61.9801
47.5143 828.098
575.075 949.191
893.428 603.968
48.8723 119.774
338.072 696.019
190.251 558.012
49.177 372.16
256.747 52.5364
144.125 59.3435
464.642 948.597
776.895 718.949
694.831 639.568
368.374 896.756
163.034 951.116
787.043 323.794
668.459 749.242
687.862 947.51
588.689 177.038
107.553 216.126
450.966 521.877
179.729 445.657
70.32 523.004
802.014 828.921
280.464 490.412
50.2314 948.313
401.925 789.007
808.363 212.464
611.655 451.018
640.133 80.3567
343.509 214.312
