785.056 457.667
563.474 448.866
731.705 750.517
51.4163 305.86
520.62 217.46
131.738 490.442
539.16 666.913
439.143 295.473
895.159 652.136
688.376 585.173
646.964 372.416
427.049 154.464
166.945 208.895
448.652 405.518
216.252 644.046
730.932 285.873
241.292 533.706
456.946 769.615
385.213 898.051
50.6478 649.134
566.631 773.892
578.196 561.023
679.584 850.64
893.602 161.797
845.065 753.195
775.696 656.61
539.544 338.718
270.89 900.207
620.507 262.761
895.175 848.891
303.615 51.4103
336.801 247.657
751.309 80.1768
295.502 434.627
255.474 325.84
465.981 50.032
848.735 951.962
215.604 801.883
320.601 756.078
134.9 368.076
326.03 595.435
50.1867 788.457
139.599 718.499
145.108 51.4061
735.63 948.535
647.065 690.151
414.721 525.708
624 66.2202
51.4089 103.462
479.252 952.243
674.95 163.894
261.846 154.587
142.225 883.705
893.472 426.52
893.506 48.976
896.416 539.337
784.55 190.609
51.4212 948.6
429.647 639.844
573.839 890.729
