244.114 865.447
371.843 200.976
381.368 766.054
130.21 127.754
49.1543 49.2428
161.313 788.81
245.831 115.288
887.206 425.49
599.228 727.777
488.476 737.673
690.981 488.511
587.188 948.597
739.17 56.6994
157.902 357.726
893.428 538.123
843.581 147.364
737.692 302.976
314.879 596.98
842.41 946.966
492.723 586.446
775.066 413.308
588.804 141.249
412.376 51.4073
732.944 169.349
432.796 373.408
407.914 660.978
530.362 445.017
51.3956 680.691
226.504 442.788
782.157 852.244
685.514 598.724
143.058 518.686
49.6918 212.295
307.104 948.585
262.704 229.512
840.487 636.875
524.931 51.4106
474.365 948.593
894.279 839.884
644.501 239.365
893.244 51.41
269.069 755.434
51.4277 567.787
745.777 728.728
338.787 431.92
429.887 495.801
470.383 145.991
671.429 880.623
96.0376 936.482
590.867 537.356
531.689 238.523
656.356 381.131
203.367 614.031
272.011 341.94
840.857 260.222
554.768 840.511
48.595 793.12
51.4107 453.128
390.592 878.529
49.8855 325.098
