895.795 384.969
316.597 256.327
746.593 216.368
51.4447 589.991
888.364 842.082
527.708 460.782
842.22 948.616
487.388 102.541
825.605 135.789
637.258 213.713
629.201 718.303
91.4762 465.895
413.981 186.643
200.171 728.884
307.325 541.8
706.697 326.565
739.473 719.927
158.927 375.458
120.418 950.669
403.583 719.01
893.583 223.724
683.234 622.914
524.408 209.632
431.179 402.402
375.299 894.978
110.593 268.429
570.783 621.76
893.599 51.3999
682.912 817.563
297.946 679.437
51.4391 861.353
200.184 496.032
815.813 305.43
781.284 413.759
780.899 566.357
511.03 917.709
161.288 148.672
458.611 622.631
893.55 686.927
736.678 908.467
609.528 378.981
216.733 883.86
328.327 44.9782
215.519 51.4088
215.994 608.001
413.472 513.807
511.487 323.112
51.3979 174.131
51.4123 753.443
735.296 51.4085
623.914 913.225
46.9574 361.613
516.425 720.6
457.682 817.985
569.725 814.281
594.268 51.3965
863.067 491.082
103.97 51.4105
319.978 387.611
696.342 491.7
