805.649 399.479
631.855 651.423
893.408 568.247
43.8945 704.645
694.482 559.516
417.931 496.477
552.46 164.153
434.25 302.644
527.353 789.169
732.598 155.795
684.76 813.068
308.29 469.914
783.462 762.418
315.999 55.1916
113.642 428.573
237.665 289.028
160.666 948.588
428.768 51.3962
691.366 50.6762
461.786 893.739
333.345 359.428
893.234 950.683
208.095 790.457
703.369 447.048
321.322 948.551
796.273 510.893
151.847 220.092
795.969 624.089
51.3181 332.16
855.673 298.334
226.679 547.824
483.028 404.351
521.587 675.441
893.481 837.81
415.674 163.976
743.852 283.255
254.253 174.616
148.766 107.332
51.5102 898.134
311.323 836.158
560.372 948.582
526.955 525.444
403.472 608.349
223.005 400.91
50.9025 169.129
185.657 651.464
384.673 757.631
543.935 276.637
590.977 437.245
840.254 188.607
645.527 227.947
671.086 948.591
96.108 804.699
283.892 706.926
341.877 245.707
646.127 338.844
541.593 51.8729
51.4179 56.1981
893.361 681.05
783.895 948.963
