747.872 865.714
410.63 577.307
617.624 759.55
618.748 52.0584
237.406 235.456
161.614 706.281
783.609 481.982
156.521 77.0298
434.779 263.44
384.003 394.395
52.3419 675.798
730.299 754.292
338.172 205.184
583.547 213.877
406.902 50.6592
709.05 399.646
486.145 839.967
297.484 47.7932
502.834 471.404
135.046 187.82
37.7615 373.304
201.382 406.167
85.6206 949.369
731.55 50.8266
595.9 870.24
826.974 380.078
782.965 594.786
478.911 137.526
106.28 580.188
245.112 948.558
322.788 647.24
592.049 405.567
671.098 609.266
49.2524 261.065
645.685 306.321
295.091 468.964
69.1532 823.737
827.211 696.558
376.869 793.521
289.467 335.608
893.308 471.313
894.646 786.981
738.885 184.63
842.501 51.4012
896.589 607.569
894.028 289.32
106.015 467.472
558.569 617.094
758.025 295.883
674.366 951.298
492.599 360.302
271.56 744.874
47.8773 46.6641
851.537 178.144
240.6 569.958
832.644 948.602
151.579 308.638
514.714 948.597
423.51 690.804
167.823 872.124
