objects
887.1020233303974 610.2817669654312
752.1463573296338 362.4126814330931
506.23373257522223 413.3745201888519
880.9280850664138 123.15972190778476
127.94569506079341 79.85156634288927
661.5879441605107 487.9754838579528
462.7431542750576 325.30463726455054
359.5425953232637 61.19483223948184
445.4586968530891 925.7445799626443
774.9580147761448 449.92363329890526
183.9397142616216 968.6132726206914
722.5836949985733 916.9373404599711
656.3101714375857 59.420156028175185
286.13223176753496 548.9227956748588
252.98254889692024 632.463737467693
246.8578916653537 118.96503047858015
625.4642095993845 418.89650766427695
971.489500371562 473.67164618951864
751.8617712322048 761.2236967537881
612.0957101378948 157.12318229817635
713.3566854115618 300.00269176562045
780.2366564389508 136.41990685814463
916.2577826738852 800.6651441071467
557.3205915100442 80.66858637883688
51.30853436495384 470.7230272529764
226.35419140160244 435.1161917667518
927.5757369431168 956.3378379187676
300.63234722131324 228.07047705265353
318.9761486778004 861.6012809176457
884.9911046624854 381.8362192461896
46.126567039363586 197.54536976559257
914.6837382720265 318.82777647013336
674.7065993476671 118.52391097789432
595.568427178575 238.27188541741944
488.5287195389594 462.65599797831345
417.7354702723552 592.7039799573014
230.2435530573152 904.408214858673
778.0548542724802 401.98210029067275
904.3190548300383 681.1216712700525
873.5833888439346 177.10862565123168
104.84963593929334 578.9366508098983
739.1516427836665 488.730903307751
200.43531502955477 554.0593064412911
362.8352503579275 560.7585989247187
652.2811500655966 370.0372177695846
492.19419590857876 700.0485180481146
614.4738960068506 95.9838266379066
207.09342127314756 278.35650258008957
576.3204053132619 564.2651211640768
969.4032958111188 520.2893228263251
495.8772716614687 549.9349792866112
132.13884168659288 416.6528644843374
416.08722249456815 818.4440234575375
461.0553671703794 191.41852371311867
79.26966814175022 342.0539291032808
658.6727011167458 748.6112686677026
316.3510504260128 417.9856059789166
349.413181898363 115.17017067669278
856.8691443463457 308.63001296547003
685.8656360360719 433.40962985612424
412.67349539006597 648.1987329294413
139.64363957077137 906.1770814266768
58.4995030488934 755.4079426670271
340.75248840015433 645.9263915324315
879.3795714368777 836.4648583936564
695.9321514078009 831.666455346877
674.7937818726269 873.592972115423
604.1249827849484 914.1544158628311
143.61855702338912 123.55095577057715
180.81741985894993 877.3420627791264
261.76024329374746 302.46955112466793
845.8537954360349 456.08617193915643
551.8734198964853 358.3335027466893
734.4175306795673 613.0678479133384
24.90403075797604 897.8326874358878
543.4903484741426 466.2304760800248
199.37970066332014 826.3777449870307
88.85228074882662 661.2592849215529
421.2479563501706 534.6581968270635
489.54123986250863 621.976547037827
811.4124455023539 525.0484502527985
28.261050089694017 532.6114800733334
496.7160896850963 805.1452636774093
889.7914698141242 262.90448474175827
521.9647303438196 860.1380612729981
869.9196911060754 777.4292034999796
680.9225926151366 586.2043310477452
789.2287446666811 624.5017668471979
418.35105514094624 262.869077468598
700.7961060314371 167.17692157099725
97.60492521970292 215.35382519253642
730.3833756676133 690.5653479618832
545.9429262254899 305.87418643279057
549.5720719461183 650.5162601932607
472.9233487293711 24.311669755202686
193.24762454592047 61.33065716142136
255.64191933698885 958.3173873812848
764.0431881559527 871.6174071603591
837.9848672663807 70.26658299190163
619.5928153062558 721.0353326412476
967.0301326954294 687.9621026576079
55.33214743448887 858.1883738620166
581.9305619695161 856.4152535216053
607.2180115829159 503.01934839852225
300.18317123591197 76.8862916984507
706.3676062730922 750.8930178985679
803.5837032189768 580.4171778140535
806.2904961239684 677.526219319979
64.00525789009838 406.04025125792816
62.89431822158123 68.43252235686543
370.3468814682373 468.8203834239987
511.5552776984161 749.9047646339692
914.0949106044212 904.911537024744
770.0912614322126 80.24615025525476
356.63617163435515 276.7909391212635
356.049493158653 182.93363421153148
883.018178526815 60.2123379161159
508.4582823272608 55.64042246484091
585.20716410038 806.6131353960737
665.5863563637047 298.47174479515047
135.4880169019496 498.14470550501704
160.68096373746923 617.0899361841922
816.6096328388252 353.68813702557975
884.0804679638741 940.9733092668071
194.41665019971484 351.6434991047195
635.2031904565366 660.3416732029576
523.4075604644858 163.28580760100553
355.42110777023925 730.4787322185202
797.8358271375369 311.60786708475973
430.96915336070924 970.1288061260346
921.4530001398874 511.3807943736929
533.5138860440069 241.67780379461811
294.9116131033626 146.9223445525707
339.5662633403297 369.5153000297646
946.0253934192983 60.37717471841984
153.78214830955454 548.2334300047883
390.6345876604593 387.19018431595214
269.12156371875767 371.438761539086
862.6955216590994 897.8796532850232
929.5378094116145 147.95220699304758
709.7054753060555 380.1123037586241
640.0174771581203 212.28914828957645
397.5191941744313 307.41856407471045
76.95711982631614 929.1017004590929
442.3693360015013 731.1693860385408
670.3569344684701 967.385262141933
532.3333854614989 586.2251931209346
945.8135296897013 568.114639102417
256.2699100403401 817.6516789018264
719.7969444659393 243.32714682993523
477.50312299429413 140.97106591561027
280.46786198162687 888.5975414690697
256.66155400194054 197.73128776720827
794.2005157244276 789.1810360185632
749.1626733465109 38.66237736244637
588.1330298782319 26.29675672137067
557.483687729797 909.1158890455202
93.82222269756824 533.4922747749399
347.6977074453665 919.5897451812389
150.77419639809605 214.79985470536903
308.83788760736786 762.9039406783983
783.920877137432 261.1714817493093
165.24930332365244 303.7329673511662
967.3863682225116 353.9995489125736
962.618974769047 884.9208693770156
83.82673329663325 800.1582702606177
945.4641236702506 395.7056893043751
28.884381014811954 273.95257756556805
565.3816022954562 705.4245645315167
399.2599928032597 910.9443815249097
421.94873538019436 87.98628358331625
198.09291563683473 149.20845230038162
125.43719175256822 835.8966431894853
343.69158456700103 808.656474123184
116.69645771306176 308.90004556243383
