objects
476.8370225936012 616.3594852411487
156.48983098047705 774.1252166773636
711.1515220886012 560.4790678139699
937.3531308990212 697.8541315336759
800.8916099061344 151.98011016263374
436.3464673434931 111.44902344602411
934.737434414309 253.19310056936897
634.981831300185 666.7872983141027
139.41282984948282 515.1290929977645
221.789359885536 914.7513292670872
554.1428175449124 447.1805580733314
516.9789650611664 288.8096382167076
455.7950059123631 414.71521822397665
305.39233576124303 418.81703885670885
346.9546292633855 630.9313724540533
272.8593596337169 273.20919789793163
418.41971214426457 524.7010935504561
831.9609608647486 596.9828609139216
784.7858608574444 738.1396159123484
512.7850240325693 900.5837472790422
237.691599868725 139.7395583968589
175.15526813768085 653.737796238979
279.870731626959 544.9065597038623
686.6148584150997 55.11008769846848
700.8523652195692 173.44372989870752
943.7003618996681 58.67639156508942
770.4657883141294 295.44047216407324
918.6128747588256 406.9881806376899
160.1464948438511 66.18658384146445
934.8703806604489 519.5130067241989
641.5212498704246 914.6428746193628
346.8192694258149 879.1223828175632
554.0566173773615 128.77199317490974
901.8277227408194 897.7904115726851
772.0443860257269 871.3094672768683
