objects
558.6171670780977 795.6064885645056
907.5475809272482 631.6430367677789
536.1477634670551 117.39621822491586
95.34967816051208 678.8308259644075
256.0222108292084 375.6063536438252
733.376045770197 825.039444498447
230.97882081721713 850.0063847529946
322.76923746969584 267.26981168719493
236.17274701420735 162.35692492612742
150.708720941625 401.485950277444
843.8113509460264 321.26507751064577
377.03731459225924 366.92931730742026
660.6470134479536 317.5439017654232
68.1805661093681 53.41160638829447
261.0048287141015 490.9518348484336
367.5685779091672 921.6371047931985
921.9620025402793 107.92911467442686
545.4437751446239 303.5508436010531
227.6625841771264 635.1786473626607
713.5547025479591 634.4697801122222
304.8356966870455 76.74373394894334
390.3184457564722 662.38188590119
483.19174057664105 450.979187197639
668.9491966972022 441.81264146013757
94.72413603023269 875.6689216219469
722.4787928404287 123.11892387894508
483.61580825225366 882.0522519508073
88.36842072914217 511.21837990861104
840.143890580038 903.3275391629444
414.70852482631 75.6147052246427
126.7650215815728 154.97348313194271
819.5063604436517 730.3897415863275
834.5945791938229 520.2036810979214
442.4952630047283 563.4363624119268
588.6707975277242 602.3222041206867
