objects
687.6366454976062 374.13323147403423
427.6617899505697 652.0035461076476
894.5088099175819 370.03718875805896
538.9744040345724 144.98824170706214
679.2142574403572 78.21485427215543
337.1557657671309 402.74187230791506
138.27069925463465 343.97372537801783
560.6508686033084 476.4713060196892
633.117117713048 801.8248588398393
284.71611532610433 944.8308817363077
854.8908930242858 211.66927413447814
272.7347821746502 680.9012147247244
503.906491263385 272.18779268983855
70.66850570949852 881.0046012061586
186.94543579360433 111.10812017613945
184.99759940025746 887.4076886363987
276.4532873207003 825.8063505871941
451.8010217780959 777.1267019695067
137.19227949063432 591.5408876709691
416.43523921843274 78.27610427625049
388.38501104688413 175.87460810962756
62.940172750119366 257.01296173442995
643.4627147282415 561.4560429605704
475.3517185686809 899.0304731701306
248.62080675848895 531.8702666547352
918.3336131331672 942.3283624288603
875.270301796321 565.9426153563144
93.464039064069 691.8487148352491
748.4668113258678 593.154370800522
759.9307801667899 759.4365113078386
582.2182475223503 945.6046080718094
778.2459974281124 138.18143914121674
824.4416095556503 902.2832627145176
405.01750166862735 491.9073626119204
843.0108007316124 460.7875797242003
