objects
698.8531263932726 787.8985478980047
321.1913251804483 424.6502071146672
529.6799773689017 243.9106872184476
353.8441836314222 776.4612876037534
516.8561877168813 732.4864659920831
114.00548657027618 479.85814375453674
202.61190822523818 214.85364519974493
545.6428718705457 578.3707520903922
757.942035412772 412.4143321469569
428.26913458386707 234.89276213375845
366.66097643801913 690.402142900331
660.5061661613746 882.4475823265499
333.79660658991054 240.54785958014784
558.8560502015262 124.49498243721087
722.487581756506 76.6689209416441
442.6807296222753 46.90227601619554
736.6910068451135 938.1844128202243
454.79521619624927 871.6331355536092
900.4253856048662 502.46882302606514
736.0519432864355 669.2523331098058
916.7600930430568 826.1706371650158
855.4048747214247 204.22069310393616
475.65898242779724 635.021801877847
934.7463752398479 913.5808702032106
233.58773774638647 346.6184177373709
667.8238633181965 353.1306485883447
368.11269934790664 951.4263453228203
185.95335306277374 672.7381681379682
433.4876792856527 732.4364351191072
195.33000708509272 39.497675675698176
94.56635579267842 948.835689156461
142.0089998416151 126.33448423312261
117.00264810718652 39.02878135856669
192.23207129226182 412.35118209332495
264.1211101601354 949.8573880230035
942.3836795307551 581.0794396884933
229.24761093170224 480.3069854920783
286.4908571898858 641.5415925227633
914.122424562909 315.2964896929816
543.9558573370443 443.5884197499337
56.458928545419816 335.5877155493572
319.73250243463417 347.05929540265277
722.9315285835758 286.1838587555434
281.9226597177411 54.2410353791019
903.3660480994773 405.36795584119284
