objects
227.33444365969447 900.7649787735198
292.2193035383511 810.1148168355011
613.4549376355652 616.2536853658082
468.90427809583446 586.1549179241944
103.29159975490957 607.5788020700664
491.230606258957 392.5811898372176
519.0765975096612 133.61826703248835
745.8254628352639 746.4584233759915
64.41155824394475 185.53008333140895
99.51816114190717 915.3885842196646
425.39127268532377 186.16178546964912
560.5972662328367 802.1029410363412
385.21374094852035 289.5799530990017
240.98008310696926 50.350785896648645
407.16315643329085 439.977192089657
847.1562593919597 769.0207744482801
781.5627041262034 414.49441870239855
375.0270418350334 578.8193660848849
474.23609292302456 283.9482907344326
457.43670227358734 54.99535228359855
655.7620466869087 385.5093905745314
118.93534632607864 753.9315307160374
929.1457492461132 948.9856631814322
502.0511392373928 659.0678891611637
113.95732588168897 362.2741664968413
425.5856130345386 681.2779370620144
130.99359337920725 836.8324003511866
197.11044835239488 726.1791631668942
708.41587279878 878.4663826049691
462.57388659865467 946.9267518022226
336.80760322312005 69.08855705623571
752.9139755866656 510.96697652328487
503.4686234023653 862.8134176519889
962.0869752192642 119.87152191791093
166.8082459635405 434.2515914142484
904.5009891852968 450.5733485925508
714.8843883589881 658.6366888975122
884.1428120957996 267.6028397649303
773.5708802496164 239.59984086571203
329.8425951064763 342.86339188428667
260.30710097044044 125.0792856922267
927.1576427680249 189.5599859999307
722.1683415546077 316.8179764486806
99.56089557694489 45.443047838939336
647.5663578669937 205.90358239717122
