objects
536.5013593251336 767.1548221636491
333.99214818656594 857.8295152810049
604.2461137492875 212.75224701771762
263.40875942179997 323.7952046530065
767.0692953567709 923.5036550501742
526.9177471231321 314.6526174232189
728.9800754110352 591.270498268228
773.255461015029 81.76143432353985
170.06761392966965 57.553713024969355
212.97465008546624 400.17780220539214
340.88865231098305 270.01450524192524
115.05339605582081 378.8921225418994
691.6890647017499 881.6393656370014
880.7809348169038 213.26174388028755
175.0347334235897 284.7288046926621
495.37982038273276 445.0102286812611
121.41148995958416 517.4892731100605
479.93750211556767 834.3328568635848
875.7235543253812 784.5632595518308
700.4291253516783 201.4388832352971
418.94263912662416 523.2542466374676
231.39325365110327 874.2669602536303
902.7667426194673 533.883710591619
403.4096686852911 145.15698657599972
142.26276891051748 871.2714372000048
623.1437027646739 113.97301070017576
458.8615789171504 45.943188115733165
446.930074556847 700.2442795227455
595.1650433641471 375.0896372517899
772.35962281875 410.3513446029227
954.9841577904477 777.7808333289674
270.0317699333366 592.0395681646788
284.60993818612343 757.4013210220417
206.5704876914677 789.1359506526649
518.4226218018212 176.9401455188703
905.7465562678334 353.4553503924367
739.3243619812457 309.55172723824194
959.846562459395 405.28043015918274
443.93499648203203 955.6521837797385
403.4502812128403 828.2608605801167
80.67489366752443 649.8938354490618
465.76885819022493 583.918392667599
253.17645679750524 220.10773955503055
280.1920517063628 106.77921258423434
896.3762866790634 691.9202933318244
