objects
940.0799313649694 457.52178780610257
358.2737962845797 641.4029113983509
810.5754071356532 176.49690598329192
657.0195682704962 859.0114837119653
721.1600322252166 483.9337784947427
135.91646992525835 737.0873176112125
743.6451320546314 913.5847238195788
292.94455444379184 235.8502189497931
643.0595778369632 586.7938683212443
177.46657173683 171.80387509903616
368.09065207323897 386.0008954510662
862.5785373923933 779.8344676208894
415.7337692473294 52.02539674667275
295.36172790296564 153.31088391343033
536.9537901466095 708.1510345622211
571.3779025420473 510.6584488762676
233.85977682904283 913.436166407283
44.60499893549781 899.1002291825929
130.22971886855856 545.9285437698113
763.4094084861039 353.22553896767295
257.2161010142321 342.62367486594394
385.62730892247407 294.267796400732
799.9552554376388 593.6073616013689
829.6450843137804 43.12879516855642
393.21772588962267 778.2750475722892
474.00224994494704 330.56771973367006
120.16701732119846 839.5177207368605
393.0791383018545 874.8501515683165
119.74540775326471 430.68729932624376
481.92969236616193 113.32165678602904
143.81003258030165 340.40037415540235
510.52055496356684 814.8768049616731
400.06896539862737 959.9591795277353
647.4243936180611 945.82447224493
255.4156016956363 586.1338580958186
914.3801001968267 359.9950667935958
84.86759647944885 174.41844308387036
47.411982214242016 557.1797217359255
104.14223147926097 946.4126381458732
950.5534402634679 676.7846158935304
715.5974459372504 176.21498597636048
824.0278570047167 872.637812670738
272.43627797466013 429.3814235238964
809.821488438978 506.4146553589636
317.0439802039773 959.9604391480193
