objects
510.4889831829738 130.03491159082478
51.46453470433657 160.21790155058267
406.0743718193129 934.8187810641373
923.2623144951583 123.45235076719037
292.822728219242 928.8575927313544
633.2445465579107 79.03591487792542
618.7506231561835 583.1686978291334
895.266301305971 894.5152670747734
805.7909091076485 960.6464772888165
461.9478223012759 56.195527050219226
400.6927354824684 566.9110313132098
186.9419908044094 329.69476091529054
612.1927962253225 356.56708919346465
400.47762115702335 293.7636918807633
828.5359877507365 655.9889258648776
133.1147564742637 530.1994776473568
616.0353275859003 504.5816372890787
627.25981486098 235.14061275275748
543.8282769061101 662.7734219274403
705.9828247602298 796.3913602446939
469.31227055067734 438.3083871936368
514.1386658160221 372.9035960834302
195.9622138398389 860.9842684661453
750.8248974044275 625.681528322937
187.38883270270165 117.45951250052661
65.6451775477716 65.40479996102482
276.85461094103954 560.6129845905141
333.56568070965 497.91543339722193
494.1566993571282 857.9325789615999
881.2818723595049 440.68977381758543
832.2504004243729 63.95953862280517
362.7633008890591 368.1219706338069
328.6442615503047 265.53392349075193
958.3634534015587 54.473279183990066
362.912366171711 738.3028469515511
882.911526950429 266.11693850471227
703.1833484749212 954.5498754065245
70.31316312887277 599.8885773626587
756.387419563683 107.99099791618342
63.21755183479006 423.51851071758574
591.9721879889008 957.8991439001119
290.5270398953991 129.55825988724024
215.779257374231 616.4575429507479
318.45699544260106 808.7757687275746
250.6740954441295 753.062747958368
