objects
899.9759861314598 429.06236324664894
239.07615863910254 69.15261308609178
735.0946708064198 273.9955588887762
267.5459561124769 220.93565158607817
289.9785238852603 426.61512768534385
754.4964099512063 597.5742860646188
72.34096036150866 313.7860786239452
836.2690719595184 894.1467165592819
118.59575433828495 119.42285781493081
340.59995538942155 708.209923768056
907.2567780749076 536.8874639373063
166.51236875117527 691.6594604337615
344.0954398214865 214.88675605114713
418.28868593918355 235.24961369687128
206.23540113521977 784.0171369423568
401.6069739177342 309.87729171875776
944.7243755584439 176.78721687959072
623.6532649798136 835.0350725355174
46.25727378506995 728.2023857481616
163.03603608357568 881.8498051955884
135.5846013712296 490.7515721408265
535.7372697695552 444.06917601718874
660.7470071000655 657.4787466694183
859.5898078776961 238.06643133171653
215.7058284387746 636.7275535147409
327.84232767161643 786.4439092086798
650.4044217627098 262.6870648719042
197.36760660660258 139.4161655168736
338.83324956752836 933.0445456334455
811.8186946817249 821.012671573437
480.69854416513397 680.1175044973446
900.6377316429755 633.8611115299279
588.0428834070591 916.5408551664397
924.338584308694 793.5434557758894
57.67114523627136 431.90837864671676
499.94803770459737 112.6212160092931
734.780751711003 757.9133455665799
155.43948249347335 357.0401039902722
427.68435841634096 749.9867397951506
554.2467750850873 800.1194547342823
416.80065260983906 425.6352856434838
136.28531878245292 624.4126324214418
563.1320495276202 231.45956718096602
69.32287740847741 591.3247637414185
403.1497690782779 650.295991788726
