objects
611.3091511317509 53.39496545290256
593.9032414608102 133.0041306867102
674.0711967360025 247.02086199315994
847.956068040828 271.08544962497075
610.7194901572836 951.4187401307769
60.231967558649394 891.5305200089447
293.3811881155119 914.6093098150633
418.0259670258643 61.75649287760501
377.62142102054156 968.0035752335625
65.85524039246994 409.88472662414983
459.1681738368796 755.1924921494624
203.75734312829155 708.0974922742961
971.1183899416492 503.40542224486575
800.9989145457617 767.173568683576
134.5462607060413 163.10220258302508
217.6834202887377 822.6264969309103
40.949505114426906 149.73734318065834
275.3750369349339 64.8450117118813
167.24635438196162 376.3789779762981
151.6018351671181 56.53412572949909
638.038267440527 307.69728343599064
200.4065790615902 779.3989836431481
477.16604651656843 655.093172740975
823.6981009522096 919.5421359173076
594.3141962539645 850.6460371711554
689.4152494527287 130.62663406400088
806.2863899266515 558.7816792828853
931.4419289014455 335.18874908830924
328.24572423198066 107.4687754283634
781.5290263994949 203.75192413263926
637.7829919871881 477.72916629579686
705.7048512394852 555.3593793068233
961.0986327357899 386.1390600215141
509.0702738600714 215.86730345526666
597.3985478543972 460.89087621273035
753.6439929430757 105.75980907312267
92.44691204853908 614.4819838334608
614.183171350973 398.7692733937672
24.985461408455627 915.6459354426821
670.9070993440961 657.4062956630174
462.36926532771645 374.3779336465982
944.1524667396511 72.24435541719527
136.44291521941824 120.89216315470084
216.887903307246 922.6664039268775
62.90803425716815 664.2490657202308
637.7641514301783 216.53504906359262
628.9738186427232 350.1207377705459
865.763057776261 217.02656609739756
651.8016505111576 147.9259651779788
341.5933727318667 545.8360545594675
586.9806582895616 809.936913318296
157.2655871215618 795.0280711128484
368.14135843563895 660.1299681351729
51.16498294091291 248.17390096695664
340.669106229884 151.2547890268154
485.2153621044775 146.84446989790635
941.5479621602842 731.2502845297535
900.8290162126682 66.49458770404826
866.1896760229255 464.3286643668894
841.8239765825398 975.7968894631467
203.13230706951452 423.53426525481024
187.20311593508438 470.0077302074933
435.9148372688993 443.7253741946648
254.24597034966553 386.3064092228763
836.7417514155353 736.5280069595374
330.93626040542324 762.9679723411695
778.4696550001257 601.6117147237425
383.7851918977834 853.3681807088112
937.2097694597649 212.9170692630891
615.3560142687907 721.4417618431703
395.25255020205924 245.12326818899436
412.2372619686264 328.28637730921065
741.7900859764477 237.32583095131258
463.58347640487483 273.37111611969755
912.1774145920846 842.4140122613836
374.89797927735395 608.0059847902048
303.2957054003576 814.7930570831994
693.7541398665827 64.76188708374428
912.2897436292899 909.5659993639792
394.0164648753777 717.9540597845063
536.3073597124567 963.4514370910294
128.6553991773453 219.406940863481
144.9667138114126 655.5435582183275
248.04036154813207 763.109857327267
171.24144348188952 587.6653706134176
723.4474526714852 945.662490584409
229.5410146363929 159.12688349906915
881.7842484458163 719.0109707876542
487.1214991496166 952.0592695173427
860.6612422549734 394.97639588257306
434.1258319017493 199.45246795062712
777.0306843508205 906.5224662853503
970.1457803534851 624.3296394876005
858.8304070429815 155.725847992939
115.55242413866117 695.948194958123
286.5073875000761 117.74246810293523
128.6697938553709 350.1338799950402
975.5721914236899 164.1330320133166
178.41909804563517 133.38592136224673
574.8561980353198 251.14032055666934
683.3201908994334 376.8766693962996
645.288812959959 600.3196511516368
673.5085959453273 762.5188221792433
940.4238002317027 875.6974003688118
804.7058620233001 449.6896477998861
910.206035317654 771.0224817636673
746.4818002670137 282.54117038768084
696.9764770862118 432.75998716288603
58.040495070660846 22.322211302122106
23.53851082213068 974.187092577522
111.13919764523222 503.9856992203639
818.334438915758 161.07123261726275
244.03392017023742 871.2262774254965
968.594276271233 811.3646444319064
826.4528162674948 44.623689509262924
775.0884977274529 58.888435710197115
534.8148445435965 58.25176685312755
346.26401021119267 873.361876345527
822.8599517146835 812.4940810813011
877.3932408774679 557.1696279868091
436.9676038963729 133.4774434171951
148.79673323636808 929.5664609834677
763.3411768857725 419.6094916304523
532.5915585645987 645.2782816149042
916.9931617319922 413.20870074660945
81.7477985734549 729.290516520183
532.6438043473898 404.77868625619755
358.40141399095967 324.7161704755736
267.6118588065919 619.1834270369948
323.59289496090645 202.27110024575893
220.51456553679247 268.77741705188856
874.3296327855097 97.91651520909133
304.6608730444302 965.8398346914995
566.3706819170095 754.986498715684
800.304450582256 327.9649374148255
710.3737042593531 699.1614101731845
332.3463128857612 608.545545959756
552.4686964629108 214.64325829707252
656.010097173263 713.302932856208
523.3257663905114 915.1110042975205
57.97303263963865 785.72860367643
953.4420717656194 691.0034893045397
511.9009087355139 563.279086811582
864.6382315627475 670.3317323542591
547.9648569578584 705.18399828727
