objects
423.53648315596956 622.5253521038227
536.4792098890289 865.4055415312702
344.3982788697324 713.8014716660368
361.88561010720645 113.26586603695766
383.8055883242017 174.300692409183
739.9236471786268 309.5168009340053
592.065139398206 850.3456999782496
39.11515297557117 443.5622709095687
973.8852832066868 815.8137115132205
862.4046081956909 344.01605705173745
276.08853614564714 39.24193881819481
744.4258254875007 942.6292368333258
514.5264305360132 352.77808907573296
710.6872613318083 275.97049249682544
778.5623530829033 54.62419092670444
362.2229693851664 969.6226590562912
555.8172381849814 145.7369602234811
548.2321949691104 732.622049666485
344.26360612090394 355.61677632544064
638.8066192577534 532.0819530950506
829.5849071259498 862.7444116090172
231.6785576130332 790.9981834794759
978.0683636031544 296.84655807163045
26.99686790292242 747.2002630492325
597.4369986461022 419.26540942638525
926.1263677602028 893.0161839247725
89.91531132611992 381.25566974535235
751.8903926002573 830.477495261853
109.53243653288854 669.0055404780511
700.6949591977975 823.5532871172105
363.6731832344653 407.9436408224782
254.43044291096936 858.3189838316329
863.611474884435 501.1805119262091
499.09168705107584 408.20550685906716
908.3118521807461 140.82546197288076
749.4509109000145 500.54221482195595
620.1038703480111 61.34546972408788
818.7540652766147 324.1188166782218
797.3358928527706 527.2048974919403
505.29298578108546 733.5174108505634
101.22676087750048 320.8061646038521
202.51059009765248 481.4070113737899
239.2161060700684 68.64817626848063
419.60931068928346 420.5617812988195
841.1911195368474 804.3178943681779
441.2524281879884 842.7390656684536
776.992840609428 226.98741603976862
616.8031758246719 214.28760847818648
248.7256519538169 219.43534942564452
99.02949808371291 152.8929580918038
575.4402067587649 588.0573139152532
687.0454389616531 579.8724712114393
756.7586031669737 749.9176184589087
234.64275271087615 645.0874885635693
872.5325372897306 830.4756588986668
729.6350705150828 594.8866908141457
458.60322850837167 269.73104515311496
633.1231238489919 749.7055295019334
487.6358309197395 198.975351716092
285.1608147667491 615.0891968282187
896.0450206926031 299.0320350291863
590.2411879338184 322.15028170251696
779.4169657566885 363.13645092199465
426.1926014210056 911.8817750095461
30.918540559490815 319.688877032267
505.42516002329444 557.6232596682854
159.85704305163085 171.91717823672997
47.65596012756192 22.117842780155954
200.16255345699642 111.34892843186478
905.6344795046222 696.4393364162848
373.6964972079081 72.50654148244982
469.8591722871937 600.5533506166763
617.8281820035405 480.82107397411824
351.03605753071326 851.014746349453
352.1952613794926 763.5518786889819
830.862854458978 278.51351504398514
562.8630662532167 44.57704192883882
656.8626505917747 838.0274830599569
761.5923680251943 636.9105141174862
583.9597088061454 258.7110491643758
116.66196176976341 754.2159980457834
813.4033357521473 677.9973509128981
31.847378652513477 65.65639578145684
365.1400156308287 220.51933694721907
275.52929433934383 311.13180904601825
172.34345378673424 341.0818755010595
490.9038621439801 315.1117421108467
467.9308421078325 509.58610794192714
276.57073105872723 711.7114897956101
418.6070405542642 217.5292642643255
223.19048835250027 344.74755377650865
836.1993512742322 735.733123099759
73.19416330718258 57.68213621837008
904.0208253505795 653.7162473838704
728.126388013555 84.69269517140974
389.2927876197961 705.8369841055334
207.88953343150757 272.5705415184429
402.4608778516389 749.8809687523718
893.7678001227993 778.0330621214712
153.25337114512251 273.22974402467673
887.3316783848664 735.6928107345868
300.3212489746184 375.2054177082583
461.4169162631973 738.5984281116177
935.245740601351 391.19293074211225
732.550260466702 540.7589078517241
967.4983458213718 525.9509085684751
515.2411611424501 653.04459697815
975.9850930120942 683.5233160153983
946.1106982813878 455.71913075106835
43.24698205384412 906.2451554486066
25.73476866459493 676.7342853813627
218.06777605718383 594.6321787297533
837.4220151605174 191.95841316333048
317.0332197001894 418.41886007221115
285.408226546936 466.2129215489226
770.0617446683873 106.49143993394945
202.09050451051104 906.0863960543246
75.34559303847982 730.3222758295107
362.9484041284563 550.1771337201494
941.3729084918938 334.66318968451066
110.22648980332505 845.2416944655724
319.96355627020307 823.6818832739506
769.9866437756233 895.2170609707421
65.04942027053531 571.6959606549264
108.28557733549266 802.6681983298326
157.86051654386102 847.1040915660153
663.758664715531 927.9760208388288
359.82494750542867 664.0579409867026
49.280127625371634 238.78222003457046
494.3060073036566 776.2709734513588
598.3902596483657 663.9138297408247
272.2011896564998 950.3258674913376
555.6421321207798 504.9935974917072
520.9594478799124 106.47044302116511
854.0088769592231 689.156173419031
676.2751569650828 441.6076141314996
668.2590391782737 696.2709936108045
123.33187881580454 939.4910801934514
264.4894704339687 160.5050092699821
325.7406978705871 48.92863236018
714.4295972749333 712.3455002028408
894.7874540615053 402.3107270048234
510.83772093607837 967.6042876705507
968.791110520926 147.93381487264702
723.0036824753009 161.08848740445507
