objects
132.22185241256153 333.376056136111
830.3450675348141 333.6677171364281
327.31823399981397 611.0794903499057
814.6548628135091 449.86251144449136
911.9972034550061 940.8227868680484
105.50584091083977 393.97705602131526
444.65572504773104 858.2686217775288
25.371378115236663 41.30816342067172
141.43159115858123 810.415504106544
904.2006684379772 734.0182756572314
193.44636485675807 811.54021029808
903.2300795139504 370.9469036894623
690.1568657962848 809.1316662547114
483.0389828032531 948.3786029918762
931.8991191291394 667.7085884677971
383.5398292562905 397.23597995429606
609.8823720733512 876.6688916734951
965.9262124879776 221.2601204316192
714.2153967006337 457.5213539713863
98.27076268528909 879.3282082198517
243.41292410759303 736.5338256558402
88.25503032906822 607.9754939655892
545.6428648763983 632.6979945472352
142.73620570168723 612.1908412230639
736.8966683851233 761.4533830111318
897.4545913533483 187.1895251697648
643.128378294763 906.4830306988591
558.1636456615192 717.6926412358197
835.3473662763777 849.9866077749916
288.1281734610589 44.32464443702439
411.1883636058591 68.1154370756469
638.8477302810014 303.05829339010046
478.1541131465749 888.5864964610033
177.71787185323979 886.2985128770034
308.06503896968843 246.15042277341
328.64601048604743 292.57305140414866
558.2694525253017 505.6901511379131
651.5660679456535 833.6614090034136
505.4269979362965 327.1695744742618
808.3106518124872 738.695126499862
843.3552224817347 410.16084536871773
49.20585792410185 627.5028769983752
864.5857842609498 940.3058453604925
958.6818791945775 917.3546615539343
951.7858168301145 32.856723224199115
524.6486161950652 83.1252760658234
51.834724030048235 304.12424715518915
458.9062297826833 281.8942237874392
667.6254160650825 216.4625363651703
193.64206709760708 490.35053653732825
878.8590481804 683.8087176108577
534.016503879597 243.60058591328112
951.4434666463162 960.3387632605073
143.33160464357388 500.69974480455437
855.5485567649312 898.6458668297327
78.54778475163482 948.8860457877992
868.5243604890984 451.06293830639015
494.2561160013213 779.2207502589226
539.5041686967487 460.134150477955
926.6715914380301 302.02471498626636
117.70437550696604 208.2910675199924
965.5525150499564 584.7952567701423
326.8579174959141 353.0269601094692
784.8293874132584 338.58573744793796
446.98322450092934 194.0550029609941
559.9971713211552 185.34358699240443
731.9133873723086 885.6015098919339
228.77198149678156 274.1223460204266
433.33057754198546 949.4261660374309
242.41729954270158 656.8334696833249
556.551138706625 835.5359644492196
432.19478683778107 578.5814144081385
287.55025057750083 865.7260796534717
324.0518547999977 165.6879233375127
374.8461748031814 267.4200312864651
481.7418825125577 369.42232939368506
112.42548541503707 447.1519201390122
321.6070037418541 919.3492601740741
663.4941762773545 520.7022359940756
591.9517702425596 481.9408768529449
619.9896671343733 407.6125758102266
493.16944670530387 232.96812415049402
255.06771255157656 903.8446133683125
966.9040648760063 495.90379274867144
277.82047062776894 207.29718449675556
202.13210043076583 602.4551844025092
611.405500016977 787.2571355393646
576.0345244105445 282.1861082914906
630.8787752264785 459.0284327462352
703.7558658159907 963.7903600764198
884.0595176922905 850.9352011973309
166.9709346768604 157.34380797906834
288.78204355983576 580.8764749254981
691.8202977745298 124.09703459801925
624.3638165623252 640.148125612229
837.692981411723 631.1062762251031
274.168826306689 786.7548754567653
413.91618155636274 243.49965155560602
493.8457467872617 682.0791470276199
802.7376848207203 896.4680707351639
484.08509059078256 448.63635584856354
605.3447464090812 964.2313161949413
723.8311697576535 298.2625687382477
842.0511325130665 243.38201314931473
958.4649562960402 772.7153762177579
220.451802916683 446.93357505187225
288.27070110749787 702.613806894978
831.5561672413401 583.8403217033663
207.21673069806945 142.56942705387036
859.5237976082532 511.45865973948986
705.6606859687735 200.46629546509126
696.2036775612148 357.43737133011575
274.62708606300595 157.5980208495602
316.9643930544551 78.24175937151907
173.2899823130162 706.4544761568924
449.39549928634517 109.09830336227773
390.92572228822 357.15141033399436
389.1303562893065 596.9970190439464
323.8984456356765 515.0683338970917
127.64390678066555 756.9864349305791
457.49795270999897 23.057077592387984
379.52492106198065 114.54684764685277
912.0954204048534 781.7290327226327
699.8888722264558 592.7150315199647
915.3175957266488 224.63418657013784
592.2724688161873 107.04800779518465
180.69093749195048 968.8075896330888
280.65967622896187 336.5879347640666
506.4455115118532 282.11174151181496
467.6538033701854 612.2233616910286
905.2330182632841 597.8555233368423
181.53999471389614 226.9470787048457
960.8154498196213 370.8124051699331
551.8103101908897 559.7896011365566
678.6092285559108 78.60220075633815
415.41040317213333 313.26325222309436
389.0310874594192 192.36712415231796
761.181243175079 204.48231960762882
899.1832754726865 103.74465368787918
338.0916147691914 860.0741956061692
794.8011077909425 489.1464361496769
269.879735530304 98.13617890886873
802.5527446874386 49.79897054771327
708.1152312631139 713.0573545979931
939.2665155513163 711.7091885380737
