objects
377.3014321870631 850.0118660241924
759.1242209156492 116.862749415337
173.0497680794375 806.1907433605513
974.4788509650783 236.11542752977357
593.7739676986138 686.4521412795164
704.7629356425676 71.9368829036883
754.6645425114074 199.80006277369984
196.78185741833238 127.35819527986236
475.9927535441264 926.9960677128449
232.65070411098418 960.3635562211263
965.5549686676464 568.3858173728811
493.95060281551923 601.4198391784353
315.677973663827 367.7088174676598
83.63178252426789 409.42760350852546
135.9869543136445 597.1048575933534
547.4765624192976 912.3745596006197
856.7759955390501 102.46946119995518
672.7520303128995 176.67820266993488
323.42681296670537 648.7079065645379
713.631885159283 338.820128190004
471.6344170834674 855.6970263196752
239.35275752286026 504.68424169435696
533.1094743973358 159.67812270040787
169.76522631983113 912.7642909863955
639.4412281242014 551.796302192983
355.43884961085 499.11097051566884
889.6791573023796 330.72676799503597
518.6125920991433 650.0030708614237
226.9794508776709 274.20813565365
382.3359961525068 971.5660902218748
967.6156265640152 173.09024597532442
784.0746073802596 939.8267481900431
109.60794049504673 907.5796406704263
976.0432912622755 329.45094862895246
282.9595198128999 573.0921248434813
594.5986681473196 343.1603883667928
62.21577344616398 220.9538086031544
789.9771483714715 696.031370061992
964.0165781534741 117.4621042782916
501.79431839033856 50.53387584208115
373.90763076911946 304.4930254134602
289.62095301212975 739.500977938712
715.9576674779531 147.76734938661633
99.52309972357887 279.0512388030829
170.95755296409345 473.1902439759778
567.0428740581981 501.8673773695917
619.2506555089916 182.45026407084748
829.7279307676769 486.3727684412526
675.7555240864358 881.0891263836837
889.3091961333442 728.0758616034394
904.0765617779282 204.36168701590822
850.3376112017402 315.4582944122356
294.94569286477247 618.0181072233589
931.4686974329304 459.66779050913715
52.19393118816495 369.54034291857664
951.8330132888011 370.37425909261896
762.5245445404458 257.39910689866497
692.6276824409349 815.0318726362549
941.4001379070841 525.7201430765841
782.58626104759 324.9201883281108
290.40646336605585 817.3318098351913
693.837323099497 506.1777324422226
578.276800682494 644.61686381039
213.2044165176498 200.18417740657844
864.3821374981993 675.7504243593504
145.90093328036676 699.8150176158027
286.6660279680387 298.53506930847095
199.60176468857907 323.94844571476864
870.7334574000492 144.94791740124782
472.84546070089453 745.6079808924256
813.8503253171933 359.2520103388525
330.3467514624268 73.04363338578956
333.5893146169374 931.812528024595
407.6805170826103 52.925191997186204
349.15027636631 176.71702491943228
253.73871452393342 712.3340838758919
418.88545347023427 427.4262765598496
863.8053115462358 587.6687559298742
256.5664925983797 130.85264464172124
25.085104808868465 324.0110542850014
710.3291115035868 977.3834961935961
406.9836967118037 697.3520906938652
831.0134832569685 228.31296284235088
151.50281264515417 249.14589600627085
564.8529309201796 272.0704542366931
115.56045742204653 175.48098546489098
517.3480106140781 884.4981887127329
881.6082084808074 21.14145277571419
775.5927178991126 573.8658209822127
603.4485749266665 900.4993527230477
921.59405372486 639.9198923692942
699.3723703406997 378.22363487983614
50.78556893853754 115.42850531702715
329.0156207844146 784.064630307219
530.5482251855431 979.0007221669972
718.9428223610902 611.484845278849
68.49453719683228 167.913237454394
528.3332259982803 317.69157782762045
602.5398893502636 758.0884136176697
409.1636936210072 212.62373662901183
681.2359299251602 664.3751006724984
957.8556352569963 883.0317059764732
697.3997553536234 716.6361907576927
445.4444628526668 327.97260846239953
314.22788540815316 882.2250453333867
621.7373677555396 387.58603673712895
669.557400967492 622.1997765452466
66.42283547170308 658.5250515676911
81.7278680040683 545.7891842039282
137.65692145487878 744.8551964881859
726.070181098611 865.0703483054053
166.620244298103 396.22169001414613
733.3162710912521 412.7796940506153
609.2600090133233 948.5864132754981
588.7843888695661 135.37664409913066
859.1004046004347 263.7642014829663
414.044856231343 112.78263332557395
465.9925567443046 692.4123078928565
602.7336716390515 825.1181654967362
825.814824331531 642.861197085705
352.4731557548235 124.36809418823547
273.31906339878265 659.9971316343432
216.2106121841146 626.1028490265256
930.9681472311223 720.5174842399454
369.4245402860227 761.5101299034292
912.8968042937596 957.6132928915777
819.642964694146 898.848826843682
673.7413653114105 102.21820179514911
421.7481348430392 576.0621585273068
876.7928749447431 480.45049290740127
481.55519563182617 88.74815933919625
909.5543574255283 287.0439241146648
676.3370307710474 764.2324541323029
366.891868492245 563.8870475185761
75.26464346203582 872.2810739505861
676.9145786712588 580.250097024733
645.8675159198893 723.7017936251065
814.5396114011745 842.3247999510658
473.1353951635959 468.13827443883724
164.48079542870653 967.6732501147653
846.3594423044882 972.4561826020356
822.6307121330924 424.91635248185685
803.0346064204023 172.48285187448278
499.2706653929922 809.1940615422151
105.11043705295539 51.06957984901128
