objects
929.5734003959006 326.34112376987605
125.94666655019708 662.3487227896559
284.58881807930584 389.1384572846025
540.6158810971746 913.2319898592517
961.6084699856923 789.6149430051802
266.39903965554197 174.20484999590204
938.3224156024569 747.3538065328711
86.84432496478124 808.2500950777342
89.98914903936392 546.8174924444841
419.07635330803737 155.84918308924154
80.70327271978104 502.14738855723476
574.8828830655292 31.50034346494909
233.07959692106397 597.5937547249367
150.08901770066555 276.8192513080097
439.8072802323709 784.7277128195284
649.7595193141872 424.49351301906245
971.2399714060464 514.1219554762412
76.75230260847624 436.78737049819676
527.6626445612981 634.5923727477767
884.0803719014881 666.3170243123833
406.71617490263486 657.2995750331185
455.69698289809025 602.0247630215592
628.9556814201143 315.60121218949723
224.01838438729308 361.7614599644834
624.6324022176134 530.6965057263158
149.10386030396 177.42077595334544
757.0125985865034 488.52695696781996
179.02370727688063 58.02670175967214
727.7495481833812 441.1396160477374
524.4168539348286 359.0018061282859
388.91287346890385 583.8431145486443
810.6308378643847 190.74046463977686
231.76323833155325 257.4266459849149
493.9505166430429 540.5923662727698
808.3473621845241 719.3390021840477
898.2415311623183 804.0118022438503
235.43069043543304 471.10643996268243
613.0724225206556 940.6903014297014
350.9280185200664 127.30292973860912
966.7469814269002 574.1598203864471
418.85382630317406 254.13912870250627
594.589616771719 179.86116229711422
556.4386237727086 285.86752108995074
702.2922506739231 669.69189234698
289.0581091798398 580.2526227401194
451.2028468909249 703.3991312538493
833.7683847815072 353.13264585846434
887.5325097870701 885.0905876776324
543.1650695748208 480.0265008520729
67.15125198811234 183.7752747495455
749.276774275344 550.8885798908229
569.6480605904067 590.5035304644371
460.78106833672723 95.73474049514827
367.30289527300965 467.78150897382534
592.3346747094004 838.3091218592863
196.75743297478022 558.0813996635575
880.5173473079924 331.81321508255223
761.6121024952571 836.9110939374044
75.97534826587628 237.2355428199533
914.9580921665009 63.489967661891455
907.8840627066337 135.2562087407077
377.38662515415035 317.96739286028946
829.4500419938995 37.374252265407634
647.6692879470963 168.18724387908435
275.2807988431932 102.47461179623693
313.04252825171045 768.7787825289033
172.29079160525632 628.3930913712054
642.6081026487446 374.4140778753482
819.7646524438284 401.5065641683716
860.0941896475962 239.9422184225313
692.7128352393165 537.3666747159175
424.6445358643243 845.3395337455378
411.7717466609557 973.7918590388123
176.8952770068218 887.3096187341738
440.3530710624635 383.62206034570147
962.2384745200864 233.49247686936116
240.40093899080145 676.0886923370582
181.5286853815944 820.3352665234597
93.95759306168137 280.52478690930013
35.022884956291804 772.8730965728386
248.58929262653317 927.4952845250677
193.75362255429533 183.21499534045014
518.0025004303639 405.5910180837826
953.7095154112715 943.4585982898105
776.6220265026437 143.73265409935152
73.8603623412963 627.6832504054292
299.08826996441474 236.0159350786718
719.9109873494456 107.39868485277806
610.8661551713811 572.2687419088809
132.7287089130591 364.2163704814916
558.740711488946 794.2355971382569
266.4999315900441 781.2402228318948
668.0364413998325 261.9248591839704
881.143988775803 538.629351055377
407.2541142895136 510.00839786360075
158.61753310062224 958.0558308385057
112.6493420676746 848.0692005861307
750.0926659427962 970.0352584698727
912.6414937619835 384.10360588420224
506.01943002417204 267.3238995717249
959.2474866567306 847.1814917422628
173.08405217569126 237.70018923112724
618.8836675933045 654.9605722168393
381.687912716917 188.27503373922
750.4128715917246 257.05110251456733
768.1244125130693 698.2055010594672
689.7823508563401 788.5609667994613
866.6165130828629 716.4092526990592
262.22640805185165 515.2052125021382
571.0247923461642 660.6603939981809
642.6914224516252 25.988680009685144
478.3113230836575 747.067032867063
595.1206583152615 494.0798673108834
845.6927824417199 863.7084390973636
484.28156513349643 37.094826869722944
882.9210573945028 423.8594907512073
956.4337497423878 111.80142366145594
476.15377268214445 914.0017395400184
322.9200941431726 426.84297255214483
820.0223626804204 956.3858352625839
350.89991969231755 854.8676215946758
860.3085518696538 189.13362189124632
838.9089473455491 774.7058394192875
42.8123969574675 70.4031484385695
431.7956135188832 891.101081746341
