objects
204.118337874686 930.8179296966333
870.8989614498021 498.541783835954
791.1880155727903 36.28232363243266
811.9747717101072 543.5599390424269
159.48742204370012 881.9594362049537
499.0464690216231 739.7746895854498
758.5301243089067 818.493717358552
317.8739525528946 216.6131098947877
679.3865104057187 258.34921021727985
300.86761874440424 676.307500720479
263.22777832109745 715.509467600116
615.415134389882 145.08283276464397
490.84208903573926 896.2032177027285
228.5797326458812 768.366355752799
221.72289067098674 222.98848403989578
662.3313089123526 611.3261403378976
915.654951634169 533.9411822862554
170.89868791653552 636.2401276884759
271.82365707161983 177.64821682011058
956.5636604267072 292.0096971029584
157.55319881615463 39.86362184428995
632.3480672580098 325.038915522013
677.2650174361119 660.2627521866488
847.4988563674489 644.491328624383
146.71155830792281 680.666463155735
735.8112193537195 340.0260899327118
812.1363108548491 208.931001346949
929.0937036577625 153.20925011513486
889.1083154522312 289.24229888272475
629.4536148210033 670.4996189720381
107.80406973034172 447.72412269726635
595.8972229669888 490.9166030805079
469.5817646490797 86.77261729212424
649.3090159294156 890.5556690847716
260.9214962107243 612.8956110974185
38.280329961792305 881.9130411733264
416.2398077631724 480.78543524974464
945.12173104346 671.5627876881857
71.21539397272016 181.61285686800437
173.6800866660476 435.38211575822254
540.003668246897 371.8699648470591
209.5588086802835 32.6534570996438
786.8230622806385 302.9354808498857
505.18898540052294 128.14108828202814
510.1457646409282 675.0028981828668
157.87454875207658 816.2678774703147
570.7521642149017 768.0805826399094
392.58826769441646 825.2203708465514
230.99832354800526 678.1916533064001
374.57627068843794 204.9855584326758
571.0421911833539 850.7537259673431
124.62018837868844 975.9828395820757
867.2100853713476 383.30287421658875
590.039925026437 697.6363252100983
449.9444864768817 592.6640048460356
744.8983041476868 269.8597721244156
919.125915543363 78.24262890847677
252.24950830021106 848.646477563726
956.9991213565294 475.96307478190363
678.4682449593117 76.51402195232842
29.620404171700205 302.5061972999464
967.595858481048 595.1971192551645
104.36789028110121 859.3143210754902
379.7778185702773 723.5547425241974
392.5562093524984 122.91716174750634
520.2804516599505 540.9649302309527
862.4437458134674 762.9463353940254
567.2904533402883 107.19559773754314
72.10140315759494 932.7185852472169
774.9863694162998 931.9376984312257
273.41235789091843 556.2972890083565
409.7346385518839 373.16514216435087
425.5375084505971 938.740194807274
72.89948902800415 489.8721809289675
424.6977925722455 732.4194204906368
814.7253858247736 862.6638642696862
928.1220948466149 804.7936301131502
260.44555366470274 926.0802464555826
337.7409839770809 904.2698632945085
516.2525304891342 496.7523415202762
487.5658456349546 790.3733850223518
28.664907729775898 832.4970495611756
180.44125516010146 254.10366492050443
627.1630816945459 944.5178722496253
683.0656245502385 348.34686198870224
632.3833147671621 65.55751471717765
218.9722574872126 448.19806614189326
963.3114390427908 348.0806894281517
315.82523396125464 308.2302513437253
965.4486952370703 26.92585318577314
705.3464802601402 625.7116944483489
467.7119753301479 636.7597076732852
688.0937858560809 571.4991956372702
647.9215332880482 409.8411393011597
116.02335016089857 498.29543400941577
271.0994445517871 395.6436843368348
748.382800770878 525.2990796488966
440.9488226535676 154.97547111273855
770.4446520502034 368.30080386039856
25.69467338978594 714.5251343341943
157.29590032876447 164.30948138412597
713.7908264910003 214.5351844349043
327.0131547920437 500.7625337768594
103.2664259752086 809.9683977830028
356.2956193077048 384.80569223488556
789.842268652024 629.6137378072091
972.9783936703138 721.9835269258975
559.6710201059059 442.82889940429664
272.47577687292517 295.65351658715645
419.30923847623376 656.1713214437767
562.9171812244368 26.6948874786755
596.3812536110877 891.0505310218002
861.0719923109885 961.1373521077885
566.9446921200079 947.9999465897884
146.86053986298128 83.06005519234157
720.6863730534653 965.7935682145846
237.98983971463048 348.2931421029522
232.54467767075536 135.7421659972016
695.4191007791444 789.0666860589162
377.348536979841 543.6185195588988
499.03821268046454 272.36052745175846
346.2230269356488 970.6231541485116
187.137477383947 591.3647080550414
713.1711605380517 436.6850149509504
319.4886232913042 28.22503773282916
