objects
513.8596133875495 396.0002869718494
261.3411976923874 204.45638258868001
857.2923808378828 82.37905933402257
114.9162757381779 306.31239172217397
883.1980892328573 378.6828300683328
94.4984328993041 692.5069500588355
150.20973992556813 478.67025372034243
472.7244776211552 910.9910191304637
313.51092361209237 550.7293108991032
267.04341095427776 465.6214946931141
217.66327695358865 744.4229758190255
156.5769232656078 882.8443367351165
939.9693812429107 571.6132085176174
943.0874219648631 481.5026187801427
744.8495062394943 98.32506467450742
210.95322295156512 544.64033454864
959.0748668195254 813.5347580415565
315.25816226712914 648.840971579324
42.25438913528346 399.20456825145413
628.851524922487 759.467817784626
861.1185048999689 544.0701212711302
892.0237718063338 937.520731307325
560.8224962023855 841.9821694683262
565.556698873215 901.8830080313575
874.5684058379301 184.43316736033267
503.80770520907333 467.9115852759114
405.29768543171144 192.35869708941456
831.9503944136721 833.9078972026425
658.472488250329 644.5060799826048
700.7272479967644 287.69940801449604
243.91249904812634 153.217906393456
524.7373633368647 39.15512203600315
905.0796257228895 669.3766644044858
900.4942173078346 866.0850838024046
640.8365961723505 688.2571752346753
226.92937194482292 78.37857747785387
505.91837464812295 775.6250299422766
849.0129942599892 974.9097593865586
595.4372946070356 405.17267924205044
342.0831000069858 695.9155468189267
203.4524216813105 913.3013569492174
829.7543401452043 473.5606709017228
753.1369977888643 530.4338354393797
66.12183159913087 109.2895049641169
97.38407194168393 169.83433975085643
448.61691818679355 744.3723745803203
939.9391329612865 140.16624461829443
223.28168049733708 449.6331362706701
780.425441801041 883.0380920997163
827.156958335743 198.5594847372914
972.723899823344 319.10263748619525
392.47830406750313 475.74347505561093
830.2712234877315 678.4499560123786
654.9729312168736 191.2802903140867
425.44676263370934 259.1619094029299
933.837645069762 623.6106408052669
63.17796734296285 583.3708753010368
437.86159327542396 811.4983460945431
820.5990125816708 388.95527694625525
799.5958554860498 958.8239036975571
392.08220134188434 106.08396402562593
868.9050975710917 302.9260681265756
380.4030596570907 908.256722649937
142.62410069708696 635.6686702816578
741.2237420600262 445.6962573979089
530.9783760469966 510.2256132187101
363.8251288506606 802.072880617429
578.8451966755979 344.7945107871825
405.5466011712929 392.36159503072395
179.8413038994123 367.81614006427924
726.4643228691617 54.68588833761879
814.056621388493 757.0443947769905
442.82680721103054 529.3334535309181
719.7935516977498 584.9549636868023
290.6745779308184 783.4629606058492
334.1977365503034 867.2524435508013
282.3078743628437 934.2998187587464
270.0895421838951 69.67458641047136
724.2147347391772 381.57832198044196
895.4421905466514 803.3574144985475
383.109383207336 612.422844014659
258.40993603868867 287.4531315708705
929.2563712233253 245.763885870782
792.5508585897027 125.21141597047682
771.0647935266728 47.96086352496902
455.52788729291126 624.2998228367358
32.67743476999093 736.6329365104544
348.4149870407066 114.27585431194423
956.9417950217531 962.9908960974828
967.5779628146367 394.34438763670016
364.60790766446917 281.8453045358807
583.6467647692059 644.1258449173905
116.3727404876007 804.3862679650882
140.36404125179257 23.525989479096616
68.10125596385917 285.77451893235764
466.0848630012696 954.7594521748078
370.58935355888855 236.9823389713823
63.538993580198905 949.5457472528848
696.621775608329 172.67017673017156
644.8488756232888 820.7446709246683
272.4288306903426 871.9736703691734
167.0516760864132 278.8368476321315
37.25672065628383 199.09930051410947
345.4818062847995 342.61819695479744
128.32013041068336 200.62513108505337
437.37121134472875 53.036551558767826
659.2891369252818 95.16152943205955
707.2903136343399 479.75620567922897
869.766263607951 499.1879383710515
878.1995854392774 747.7721255218672
305.7808858862081 439.2362273792403
218.04219704054182 222.23428931486038
561.8333431625474 746.8689693508078
61.565298105471655 520.720202692546
65.20477850878083 829.2629431002529
498.35029944309144 674.2985452944716
599.6592336068899 181.99268971412678
743.1685052014121 787.3465842349871
554.9194852377756 591.2744904271717
45.24526288837291 888.9161430984661
452.3733165024091 389.74893891999375
258.94031471882323 602.435037010779
678.0845231336461 717.0822562297658
56.8099138469725 637.8246545273726
420.75559085319844 310.37082721373235
