objects
280.96033746252317 120.71500904441484
546.2954073500619 568.4024304387138
185.80600208435985 727.9573361301755
512.570602858863 231.60265734095557
723.1837579404274 224.1427349099934
826.1825422467442 887.8659585254958
451.92057640565145 359.3830481888738
367.9593286180735 873.3015804146996
607.8510638465511 97.72962075767413
284.23937671532224 409.6817451150929
76.17126491692443 124.86408459148667
485.5947831859129 921.8397814249165
681.658136737846 537.408261037177
878.4178285773161 634.3047676523125
380.99821637437776 700.6243106870885
91.8250365970168 812.8554934992407
643.8213405167821 877.8685688801554
314.19769087601856 262.2242159469707
328.11164080895617 579.1331349653362
514.7233259569659 782.3085894082086
171.7205946481419 241.30311093667294
78.97952772671967 486.42431138353254
160.70489985395298 930.0312687073741
598.8396758846319 439.39524710007163
933.7247757099723 157.4009046274588
742.2454280787701 85.1092020122702
822.1295097936093 348.2617751820694
767.3835436870028 745.2379458715665
464.3864540503637 68.50329156337696
932.2185255709579 777.3526674433432
