objects
396.93112950351326 548.5703016083329
582.8176757417457 162.0742051220273
527.0142311946437 717.8456623783708
753.963398832036 117.90526539548536
426.9179800537876 389.29012526146494
94.09692626103049 559.231568694182
162.35378284095083 105.46668713280974
155.78656430517668 378.10483202139653
405.97371679572245 205.97051719576936
788.6000652973637 820.833101643586
292.0550376864646 411.71560750060485
923.5950140631622 897.5618231723815
405.682961554759 801.8787988348749
858.4259348388609 650.6726161295941
731.2193732779672 384.5977958503711
289.1356903897755 925.2083007025071
141.60614193937033 714.824434048326
665.0874674652673 726.0376730847568
719.0569183859863 605.4941850072693
892.1442416547999 289.45387579501426
839.3824827214465 495.4501240718447
324.2556774344084 702.1087793582797
577.9305940240259 484.27356969328923
563.6009671061098 907.6067109258266
166.37732715267578 861.99446525989
434.4354860381452 66.31134011938728
428.1165663742694 931.4903133042441
904.7508301771381 97.65760596141871
252.20553288364476 209.1749512189226
697.5634560226443 912.4433048183578
