objects
427.30634430764997 858.8603329625273
903.1942125575748 775.1764413388211
612.6227232966878 724.8912930904002
586.925817103738 568.9109848256035
237.01591989019164 75.64772101784129
179.01296155122515 374.54004564776733
283.0421509819464 739.7350411175017
724.1858214006351 105.51485073986865
152.40417213777977 232.90850087405735
929.7436228648542 391.50273268631815
848.0406414391241 519.5423900086936
157.09277532050962 807.4590178627402
748.4027646611916 418.00865916456564
281.86374106997596 273.3914880240359
599.3374995026849 333.61618367492133
455.4605127160738 315.4624207897723
443.4888529563077 713.0806862418812
482.7893835974172 491.0652229455594
609.0715422480749 886.6858201708218
423.6455159922232 93.64924537608219
853.2144803326914 161.17692307226557
96.9366172978648 933.5544244841833
785.5782219880257 678.2884751662355
561.0313197872497 200.1752632939901
109.91887520603197 105.47198413924323
751.4225225315819 883.9219531192992
74.64431263780786 569.8043179191432
215.53249218783486 532.010971483299
169.79898795583784 659.1384273100173
336.56776060648224 473.2595480813484
