objects
571.6083182226839 373.2727232921361
821.1441684476279 462.9520950264516
782.0253746137646 262.43709339437885
528.2859526712205 888.555663628852
868.0729793168149 531.5495657938357
563.8645380667381 492.2486680853756
97.17442993833907 267.23807115653216
915.6909303345453 819.9591786884355
497.6004312462664 737.5574076331284
172.26278115476106 867.2406438158043
631.6096413575283 282.4012125479338
243.469260682507 397.82786248686153
804.6105990104911 707.1382503531704
403.070870623714 641.9794162021863
747.6052024705893 798.6881630411407
677.6172939946777 331.98622288052826
512.1531470973604 540.1615948616917
375.1655508150502 699.7287604168001
605.0534423944089 856.7440623564182
432.8386348432477 580.5323572413765
84.04787399844574 957.4607413116975
535.9224928082185 968.6805894504239
209.68900216181902 643.721763418285
368.5971579740328 114.50605306625819
180.75550444010887 583.1880868330974
578.5538306775354 44.55071140847326
449.4520848913071 413.85318409455544
118.59254984987321 88.31731728381938
719.2783649507547 638.7615366966547
183.70649023148076 933.1522202935273
357.64942644648977 437.53382777521534
46.53405702799503 769.6927568901347
641.4138207864461 131.052778564143
947.347795045916 250.41712967588023
429.4610499971773 273.89411161225746
75.26849348639763 452.98061980463234
154.6394341179983 786.924465728094
534.0168851697775 283.9480313790149
741.1369451749799 323.54425875009446
438.4837330241724 201.60103208076055
291.2947805142362 598.8412910062027
831.7848900609753 860.0243194222029
425.505221849866 878.7432580463674
304.3927293596654 729.1460995592893
104.56099745886655 683.7917933236392
848.3329179094808 292.445247358359
748.3563639414399 33.69598617872457
125.73204719720911 547.3716458666134
216.65993088805308 820.804111162788
807.3010927075327 930.1517522222525
623.6204623324792 458.8140300085124
298.6990528361155 494.54442917785235
424.8589430442991 770.4007142630733
228.34310168931674 512.0633451334247
751.194837871358 488.30146803022944
362.1771499216813 851.5755472778891
499.27010114476303 151.6035775763878
250.6698454849931 136.5564884863301
740.0928682510244 704.6384189422678
232.9524659085419 731.9783067816974
355.4258818435673 573.6443439884464
871.1694145838535 631.7987007513444
134.936078525813 181.9736598622439
638.1965070264529 670.0112971953462
910.6122382188782 153.5335014406608
