objects
753.632299655532 731.3728476120765
622.4781080896769 831.7823327995251
676.3932811764143 776.409035801493
693.1129275936007 867.6844872825013
50.87926647147107 261.2162835153621
570.7279183936264 681.7956177589442
646.3203833706665 660.3611259324801
881.8385150092588 162.16643093215424
840.126385107859 656.392974574626
944.3792769800706 591.4815351991477
401.6528992422315 301.8168436379294
94.10808433572396 440.94456372362924
580.8518679325981 619.645540674585
569.9748518543573 277.043676092834
878.8227337815607 723.12108992701
404.63973936232514 512.077414784482
686.4075721612609 115.80398173806067
722.4866281438248 283.5151443683147
697.9035785402872 416.3517987257155
419.84177707176013 665.3639863247763
121.8718057811586 543.4268980631304
515.0186236581981 576.3693012395411
385.026595243351 889.4717404368716
743.9780436056282 936.1719406220208
805.1143674917399 132.08033908930608
494.54569842792955 105.27675517326747
223.74446947261353 261.31947136899885
846.946428042303 227.28062713568914
697.635185286338 221.13341983519715
773.5489407911966 228.43347724052873
878.6684079373639 874.033614020126
356.9846287984306 218.8566142413054
923.4088007419746 61.573787280875614
304.15372834266293 814.5374515614118
291.11217586091846 487.9503312656871
228.21671352379857 925.3817794835073
721.6560074250748 593.9084736756514
164.8020908723818 796.8828490054983
36.36826157521434 860.6184784535646
222.06593057122637 633.4131061000732
380.16163156958095 754.3311199048081
681.6558990167705 535.6911171106404
770.9498258649909 432.075458317983
850.5730202779403 303.8350279279703
560.1201138606178 524.4508859495577
575.3736855359087 339.4725385692378
274.4974795034273 60.61115457939741
410.2297466034261 89.98222035800269
431.1646612087159 843.9115409499329
917.7114618500706 267.89569857785546
897.1201451943168 487.58708454461555
584.5522284814557 452.63939805859053
471.71712518610997 232.76025685945208
404.11016358428225 433.0552887529013
567.1751190452114 917.4006244711296
959.3781954187394 936.5288550489889
519.3442354814595 398.3656435436567
305.2031970766711 923.2599411556513
119.40781816764783 339.50723822555415
195.21723656279917 534.038489620611
249.83770303607844 323.75783093695304
538.0787413467503 57.72453626996679
317.7272835363853 329.345079132916
349.8577399696854 623.4879872795317
273.6080185971984 137.20128918509704
