objects
172.55434949738978 596.2461290945412
195.9251988805298 294.63854733101647
281.678008504827 930.440337237144
682.1296468380981 549.3207533506517
275.51683181733057 254.3414947292542
379.7232361006592 544.3214973125222
968.3887072042259 950.7839648084833
357.64526213241913 302.6454186811643
361.38308750873153 820.1210342206516
826.8079989971719 953.3275981625435
268.5665441789323 141.154367878706
691.7866912328444 232.3281505567758
800.2442979694023 717.3404186433286
746.8487183895647 391.2840392716709
964.7305230223888 101.15624585939244
565.7525929044903 893.1912203213659
293.2393996031352 763.3918062203012
480.1052470719435 942.4100587177894
609.2995724108587 607.6362333658049
75.23143568547515 929.4266686258442
344.1488388103417 942.7938861033643
571.6650298298446 57.56996265674875
632.8251425035712 842.068415378258
246.119831489807 628.2553186645274
913.0830432293166 618.2136974834247
530.6780483675337 485.51342853004707
874.6737472430809 811.6771289205917
261.9432374359105 704.622229064719
211.23970015801768 892.4636342108034
797.0388207254852 888.4839576522733
883.6221569995528 478.0277992693067
55.62296137055551 130.96348633730426
490.45654031395975 432.3777542494725
872.1586603052001 559.5494309706245
46.27269099382919 210.45737226828905
402.5543670790234 966.1605804863631
335.3387899406452 672.7023666361224
439.03738782902843 73.74608287310085
263.7346262513657 517.2398973354963
447.51551244297286 852.3733220838784
925.2893381321935 155.4134259604883
142.17670697151743 143.84609980254066
136.79745473932263 374.13267168137855
501.47351841634645 76.03417999629357
567.0791334483768 389.11957489451083
751.7986275429372 195.668507996793
229.04733062913382 796.9950037054364
934.7167818670754 689.9839821864196
557.4868370774661 195.47009082467585
721.9972223515471 57.658277273137685
674.3337288938872 468.7831185888033
812.1516533565791 377.6168802791609
489.4782106590081 735.9067055974065
320.2133647929287 403.09366798324777
275.07213973348684 353.2615624589251
140.1927222114651 718.8232087957559
112.30906392963487 292.95967057426014
686.7960821773021 750.4336618577039
392.4631638786628 426.94868504535964
964.8129866450662 243.75941681195746
801.4811266864282 301.0729438529559
866.200398068423 123.40129359853054
787.269850710058 93.02156736373946
687.9317429212606 942.2453297494028
801.1361642696377 557.8888125625809
