objects
64.77736217456142 254.41571202388783
718.6340592786584 860.6688423332328
174.17000651677608 602.3334400329288
804.0882951752923 525.988647683734
181.82947357978938 680.5772064445026
253.71481051952114 221.53461062402397
579.6072065608793 410.4576372239121
136.81532609276846 951.1723238468259
96.31056542452664 851.5424081008745
697.6248642411115 192.14343059278875
883.4980736866573 630.5809239313778
420.87403451261247 817.2557930837021
314.4181748525899 503.93863283624046
628.4643974318612 329.9914002539539
422.74859505425565 293.4100064577655
195.00296129121983 883.3812735166592
481.0577816083463 741.6199370553663
628.6263734972315 102.44717090339705
341.4186633016176 662.3945930940838
884.8495646705045 248.96119276576627
445.76328936061225 169.32995584931646
472.65670998383 940.2447313024478
515.0546687967901 319.3396828993025
409.97979912240316 565.263687910378
193.54619461688898 291.30265399993857
886.7350323404751 74.51162899419155
424.9446441513184 491.4549251525317
683.3877630075566 641.1910288601671
67.77965744485299 961.8140541640414
149.63823795027616 74.93467448688926
953.6901340446284 65.73465871769552
533.2586772126909 859.470159941284
340.2767307745642 393.52591963503926
811.7690956318881 55.13836617981863
285.8025498010117 40.66978053901529
601.956958781464 538.8249437909468
705.3994401568402 477.0807935697586
815.4752758901592 859.8839644987466
186.57906891818024 788.3955332146428
330.11044478050553 920.0365138127675
819.2273221109973 443.9524045129857
142.41261295277772 413.93223211084296
543.2480657375579 711.5043594819386
891.1781340400249 859.7204825096579
770.3717215624688 167.723217452904
336.35156540572456 835.9527596065085
258.6868477165576 928.1816282346963
187.35105336742757 358.9428784550995
475.11331541510066 614.9204707645026
928.8741622568901 948.3825671886281
415.70773200276255 44.89634144178287
44.962970040654355 466.20414451751367
946.4588927086804 186.15028179804156
722.2240149946169 564.0612750514049
368.38489822723864 194.59818897820813
542.7193732552959 142.4213424082458
764.7622746556075 674.6473314287758
783.3988208274452 764.810918255552
470.60949584201234 375.928539897971
78.40052343971577 667.774688277189
575.3728625074943 914.5866217761426
348.074932009493 120.39295474192417
396.52276439785896 714.3814473626701
210.92962488574943 440.8884233697405
54.304882195993756 332.5284701730271
957.8594976096423 469.7592226044727
945.1226280418866 351.4893925663297
680.1792546359048 36.74955268269649
649.2875922211493 742.8957938775063
401.34511875119176 944.941819127003
958.7733165996366 653.5051432198593
766.390364739906 357.5070564762075
113.48904544726474 150.11414562113055
957.0740021224315 567.7555524024724
497.3423028493228 73.1845850878253
786.8258458975419 274.6756277952391
548.7077075774985 613.6214221435782
318.72285829344895 286.7435137530185
62.73750226981427 594.213587143092
257.5046794818776 676.8681078877329
