objects
135.75716793849114 663.6668853911872
545.3826565291745 672.7616963306933
342.0522124951989 590.0526324347679
935.3418669858729 803.4448486192463
112.0348857227523 300.74756357531703
616.7882418905539 423.3179692186714
451.024473449709 465.5527921802388
860.5398440927023 639.0047107851913
339.52441039377743 843.1756727002804
399.0091343848193 182.15305716211984
812.4210947875689 79.0896796389091
113.6638089965833 388.6189808265258
96.06305733642557 468.11141412911985
345.533359936013 246.9044330459849
361.50619375599115 670.2515396897588
464.50648277336836 344.5344267146601
537.578856747106 275.53924504570904
524.5046737426729 542.243195552285
402.1573655209206 297.15959213077554
167.4929221846008 752.3875975745536
815.710129305053 215.97332852290197
579.6553964699029 789.8367314825538
74.09648084368148 768.2437248410622
857.468385951022 798.2627286051373
489.0032859613411 218.98346373184816
328.5626575458139 51.07008861586729
850.8019038152008 347.4492333789671
774.5988239630414 793.7287109381739
222.5085098382548 473.7440637149704
705.1952550603122 853.1661181498367
662.047538832735 207.87222697570098
202.85658019091562 179.42177974707243
487.6838879448117 65.52841339653885
402.6410280283096 103.11430974672945
952.3108706142767 91.13687367176998
209.1420721567607 956.5462118801898
215.36376759163153 664.8131796126402
501.75724638349953 822.3127068532647
960.5897303741993 907.3586547982519
909.3129684119284 204.73361921732197
265.32747965953587 73.25754912403042
448.13484192328343 885.8204923334583
94.55408864778877 134.22068874207292
858.275940759898 426.36858357338434
857.1362948653476 944.2984012618602
697.244589535501 713.4139913652958
477.35351325319647 690.4296625764262
605.2509018035238 350.975141303982
42.10396616200883 43.445648558536796
738.888717662052 375.0889503859908
97.57031911299538 220.3949477146377
44.80151934924538 964.9390305303499
769.7285645321363 910.3924078384456
335.2943795275809 345.91824751896394
75.295528958033 890.8193192100385
903.9473066163094 546.7504636565861
745.1651595078671 558.5453300968098
587.773725650767 190.27949468058478
515.272761830083 151.95311301834676
858.5852684846368 131.5267112503434
388.3128267362117 761.2685648934084
185.9439613536684 262.45045786515396
521.5473902120401 447.55122329696417
291.53393374299617 153.30931737135586
963.78363067812 725.4783768061342
671.9485453466853 42.31401206564202
757.0665601354498 176.15245507008734
163.59977171290768 857.4539733668562
466.3120325907229 957.1307656673627
706.9498083533299 461.5414831554503
273.51263177043955 418.30501874491125
946.9737574732095 276.22269866174844
138.61811785148015 578.9785960206639
808.3630780708177 285.6883156829087
36.19351298834194 520.644276414127
39.0760501213787 372.9886418951964
240.980028012424 862.7215252605589
768.5474374646758 649.9385377417061
292.90472516261036 636.7918853040419
744.6385983740173 56.16827772541381
