objects
592.8754969913781 274.8856662679465
911.3387329165091 162.00195192576493
200.1278261418108 643.206495635489
962.9470340529526 364.23530530175293
56.67059713770115 469.3496002791277
77.90418903356142 235.64257313145075
961.5222560242283 49.30822990479334
693.15307399976 213.799777955486
405.09690631969295 241.53490289675685
322.2625302986646 330.7248721725414
756.0865510644659 573.7117024489511
947.7016141538163 765.16375296279
807.9856202660661 405.76438767795605
671.5692906543383 314.3862220733149
130.66891753565196 498.6318074039034
330.0414732564144 925.5878090251606
760.1217251727776 49.24742717956294
741.602848937795 497.9611587603779
813.3794484836984 749.7471391362221
169.07973041663703 802.163297933635
604.969658501093 40.344681217098994
572.081576597059 784.8139346159234
646.2648436017348 906.2106689552302
208.08991015072235 157.38423798915207
491.78600509906244 646.6944983220174
728.5131604049886 127.38968851075461
844.8427149038608 813.3748379513906
484.6375348805137 332.4940318986546
245.93073310886896 74.0695712371741
962.5502254282627 914.9823654284979
283.8212263893609 541.7505919992939
341.6541972211704 111.77020088576324
895.2115308208779 69.25444916489931
700.2985039503994 643.702812122682
431.83803901584145 840.166832159111
650.3818397445226 114.5080101026737
641.9700342792539 477.4532482926217
144.3639991431607 371.12132437389687
541.597349690429 574.7482100615435
289.7778018589158 778.4476781721787
207.5921216939504 278.7062337945033
374.0921088803692 566.1796380415952
575.2163501513178 384.30430657072475
251.84849561209015 704.047184856688
860.8353089734688 598.5241650517631
801.9176422772017 911.6210801152021
532.1010135651662 852.7619413482869
824.2584819276339 82.07692734862556
550.0052832710317 191.42471203715158
262.2731659237543 960.4801581530098
504.8010573111142 460.1141683136897
883.383918537086 528.5005462668994
538.6480957920231 57.96210133403359
278.2161606116436 242.0170083043585
684.0899442633638 46.30977383309485
48.375152549801825 877.0774653571207
216.43551786276475 556.3760103101408
383.9676994405674 419.60044724243573
826.2515414839692 164.57129112908225
581.9495929321129 717.5442676597546
825.0962364450596 281.53942909648606
155.05011316384713 91.43821987601724
764.3271701425099 698.373956625725
321.67238492143406 851.6735230832886
709.1901734670647 376.6815899191987
113.21087945942693 653.0503083078571
48.61856051746351 299.9046258204836
950.682726581396 227.9177926792643
364.1574090873408 757.9447748638838
56.35221597269742 154.2830458588169
620.440648883513 199.98362260285663
128.99304896577857 160.72823300056345
116.29047514061133 884.8124977328132
402.56266759478046 964.9036280692056
886.1069271279597 734.8450420532963
964.2016385297269 457.6681551963457
41.18822912458927 56.40704079545179
606.8180037358505 537.3461229260403
53.87054403707198 704.9057483904164
595.7323453965391 623.0073870928148
