objects
446.26334378705263 609.7275583341833
224.7005720629422 56.57442440344061
539.4867630439963 870.8116543732411
534.7820001191924 366.4565503052937
248.03129874625947 581.8189249336878
165.58764203658512 890.5553338227643
296.21452855299117 748.3237803009433
624.40056821672 573.9584355041764
843.4264726817846 640.8942361437221
215.79644325143497 458.77866452073255
519.484339795649 163.57398785443047
412.02015410570647 866.3138559330099
789.7869786206493 839.5506605356082
71.73328882546727 683.6617110916618
747.8030985534456 38.51695474052712
882.6440453607685 554.1049900771211
129.25541988331355 398.2901495211619
491.02884551125675 740.1229312637249
506.2028269666013 465.9452070607717
97.73847084244224 959.4947293785254
726.2766558052255 494.487773460394
590.6023932862131 805.0786502223374
127.41897672001798 607.2239529692133
69.6794369707282 261.5536705474781
264.104702428656 401.93726826932635
736.7714479966832 924.1205435322192
433.62902446683927 522.7872185346997
808.4484718599697 105.60482690118565
147.96057750695863 114.61913588976546
408.43227405008736 957.8440281079565
785.8754028183481 768.7368856800632
356.8562515252912 200.6703383445187
456.6548407444262 335.0172273674993
665.6348920048656 944.9386239845223
876.0677929133607 239.318025513002
729.1131523920089 648.1306351545795
534.1501858690639 236.81064673560755
854.0472184077471 959.4203364783936
42.15339719788801 348.46731671127833
224.25655811752713 948.0224614266098
467.7497958374526 217.73121094596976
745.6418539868623 225.73369070993508
636.7238460570293 485.8520584572288
957.3391829066998 44.4598751609806
842.5916408906331 368.7984706499786
945.2037552034587 784.49423868944
564.3565284161164 82.89188963458275
602.4954417691886 402.4884127476049
876.1504904331126 90.65288075573433
946.9879376513737 372.5323652794713
674.9200705861577 771.633689453365
348.97565468422874 577.1061549108362
608.5253999531466 720.4797382782286
699.9347907434756 429.4994417793082
799.119954935854 543.9612612533737
244.45235691336194 852.7849558679138
356.153386457753 809.3084019971698
686.2082552016772 870.263809318797
167.80115468754835 684.9766720584282
433.00476696971657 796.7683082817779
591.8654503498373 188.65958910908319
227.65615512164985 268.4110649865997
667.1514083658311 311.846535834706
164.98846059753544 293.908462081922
807.9418700117054 277.1785346689645
596.6737766910455 923.8622070709783
434.6601248421109 426.78632105758845
859.493178912121 822.3012608954549
295.5246515064387 639.3819862650827
259.5212342018983 166.96317202586022
762.7499064468385 370.53900170487884
944.0531127505035 944.1901651546749
896.9541534139016 417.0937016949363
177.59800955172886 769.1174281748564
508.9179846574679 576.9915242484586
43.52265945572283 775.0358395643273
329.5131751748208 90.19192684502272
54.097824543906086 137.64454633875093
84.5515738316198 856.2479397872431
965.3046182817623 187.85121949114088
