objects
626.6691683468255 120.15800249857995
487.99569252070114 775.7659104438729
209.8864432330306 655.5601680451056
40.65945160111673 920.9644849277901
566.2065535770173 849.7203731537099
97.10992242417535 681.2061526307838
59.103831737687315 480.85642380432284
759.0661046653746 234.1792713620262
409.9214369768825 149.10972657638297
719.0050430661046 620.6753552097214
951.153600242477 60.4528707431987
433.26779198998565 839.3989470488975
143.2163252325977 533.684885375206
700.8051195681159 43.41810056635493
820.4664876492969 912.4188917511896
409.73169506264804 453.90972637823654
160.10754784107596 180.29338627591778
844.1031337064937 521.9773161107594
562.5493120880461 926.5795242303742
343.1860565368603 445.86450623683083
598.3424775334306 78.83295282585755
103.98504066700264 257.8778200123403
967.1762308462925 498.5302997909739
576.940448786167 439.4163452069765
222.478507481421 777.4491700359613
288.71449186943073 93.92064292729422
861.4934007105592 108.6550928364772
973.249884748605 388.47501731157587
576.6454027523163 696.5562424708669
266.92201248184386 392.4144077129081
620.6580608782334 627.0088048793552
563.072223399877 612.3183354101243
957.7656756691005 655.0830662791249
797.3716098323185 383.20820531873363
885.5422815699324 865.7053326208598
454.67648206641707 287.53065111916897
646.9868446304687 504.42599700306283
364.66693455228096 847.6174827231497
679.9014111190933 141.81310006974215
774.6405233631644 156.7212220274112
29.429451188894 326.43654458816894
525.3631420063163 141.55970056890362
308.41531693277 728.2534399135341
500.46370272373304 894.2853315069395
857.7446153651517 397.32083352795144
377.5386706787233 712.4883845464335
474.37142195112835 480.5599500991671
733.2191747553779 282.6281356562573
215.1994050159514 141.50194964850238
246.62788270811612 463.02901314404323
384.33228665328244 907.2477814280395
827.93340058999 790.3205323230692
876.8087694257249 722.4137618506115
291.1293567738939 338.10275396373123
332.81113618782337 661.7748942758338
651.7474607240972 326.185595269777
151.47161931258924 35.3044435809136
436.00968866084156 102.2144596091486
44.15338071095164 736.6792584443987
629.0655019458356 252.26548537369936
768.9615399675413 703.2029056364798
503.1423188021197 355.85449869870325
250.57594262226888 862.4485741228733
307.497268263743 843.0535202103086
514.2308507470813 305.25152060602517
557.8722835731377 206.60569052295574
118.26823792931803 143.33138670753885
218.0719504883924 397.810440892005
696.2945922057949 532.8190431122822
449.51261113401824 742.9190665156473
395.4323233351897 343.932532621502
406.03463655310173 201.60986710942504
431.621584683828 516.8096124012238
342.03449549641795 937.2628640784053
794.7289957802763 74.75136689715052
452.0793472878906 679.8835759009843
195.5380790249734 342.5532834885246
446.1163655668795 419.05355190507083
95.08095054590872 353.4267112517482
728.3598145954504 738.4973536354954
600.1596404856662 542.7654880847397
102.98835080056755 798.199792261633
89.37975183815072 540.2192457011938
228.19493636535415 937.114050450768
471.7951297867682 555.4618507169233
276.9446658644568 801.2221282210863
828.1017774194155 843.5105196213237
178.4105928573904 930.5138790257271
66.14255731774182 875.975064694587
662.7780665526337 953.7708521949812
845.8529031163779 622.5829350875399
734.3804318026582 812.2420446909364
331.94586998880544 531.7619718992039
881.1639744471952 334.397567738952
629.650980293303 38.249844498363395
681.3737727760373 470.3516097802668
903.5183414748981 253.2297035963836
958.0443156061837 935.6106219818967
30.11154690957271 666.8869430111924
778.7829174962745 851.0410966188629
364.07506198991075 40.56933621349111
107.65783586792557 945.5553602530086
197.62770463715674 216.92981450544661
97.79834508900406 623.3148888953108
692.4001743546048 197.6948855409642
