objects
151.5071558091848 850.7690004451476
657.5285561239644 302.2024429743362
902.2779477374695 738.7919446062846
742.7515993481263 597.3140357160903
43.6671697736458 312.0568533859796
518.1088461891815 898.3005784866896
386.8115746926814 567.3474049450539
693.4958903045124 352.05250017604385
773.0659543385752 781.8578530261764
444.6375940703526 781.4649349789814
87.2508909557641 150.8900508754223
642.6336853394855 566.9055508561079
527.2419540149721 172.5333545196517
294.1240874975002 720.4718904168888
31.972834583203735 745.1445486282175
388.96788772594516 42.40327566753222
297.6086409054782 885.2028468578386
530.910644590036 650.9807183110329
291.3684769564329 79.13955006875075
491.6578439531541 95.53077465675871
759.5759822485965 131.43250721562748
262.3265708477597 787.6866949178187
968.9760412233184 151.91127340056377
94.80053311934843 277.4090767271312
538.414336177724 563.1571550818818
193.741411223502 675.823349310372
341.41876218703226 537.4071648018813
711.7384681811282 468.77442215443926
832.6205199739346 819.3430166641945
65.48932435483772 84.25212404214277
322.45340030165863 404.9104879299291
33.616355810843444 455.41006182312356
641.2939915279834 64.36451158266259
533.3522833320199 460.53674976220236
406.4034966499915 688.5927462068903
211.85100132147926 899.2599539763856
589.3560166799671 536.0469318564843
657.9504071878587 710.3430440978691
954.8270799624876 523.5946715327278
757.1296129825266 310.4892383966613
279.0046941340418 657.3083111969124
452.68943363958243 497.88436450002223
349.9094877569025 348.6420292697743
105.80317485371137 404.19265851533163
569.3422069450884 95.95342061855503
715.5357560969419 769.2363805802107
97.93585434786752 556.015978438572
808.5426922677826 915.5884312971825
849.6448063423946 78.19359857643857
204.15759211856502 118.48123500278635
470.4095449573222 147.95036236015872
659.976034335037 927.9696913939417
191.6375232234441 457.9850147813174
469.5425530505769 672.8453021916682
341.8210817397823 166.6103834196497
154.5847007839936 369.0813787314062
277.73651064496414 227.45617094739046
261.9503943112281 519.8142760776713
847.9617644643614 413.3200935429299
437.25637847475355 730.464845753956
895.6493363005892 669.5848334746962
519.2782035864315 829.2405621910493
228.58861730319433 248.34020539493443
263.4236092392459 919.2041902516557
582.7509150997241 477.9536317885111
35.97253789543753 571.1606546442451
192.29153864203377 750.7029171410547
147.1919259078845 90.82189231817895
742.2186866197259 248.57807316420192
456.8322933660664 394.8347041812141
547.3703159978724 720.3023721420923
452.72572678153256 613.2618134241334
681.4881578701888 517.7425939901649
774.2618977992594 652.0144904518622
758.7730566187762 197.2202131481219
892.2392516505643 364.3145495791648
824.4979965920934 711.5400918301333
422.1607360853113 837.1083564031844
445.45234257985885 45.381595768463384
642.4902688381269 800.3422373451156
557.1869950403842 792.5840800239187
258.732511366053 584.3718369038174
950.5793724631408 857.5143719624193
389.9479243889959 194.30091921054787
872.860209961827 311.6673287404612
919.0943713966868 174.7269574150834
625.1072663709963 263.98089840733877
125.80079511201501 925.6634307628128
951.2858829241827 298.8754336933806
368.59144881306753 452.6437588549257
571.608604850454 404.6140631397481
55.17359228446604 841.8092876825764
384.74724229659813 618.8317790214121
956.8985438420194 70.23226190579923
456.2730771157791 275.11247745502675
115.65227678008169 602.1360969767255
594.1930550263465 39.93161248245436
323.1458114728694 817.804555392298
723.7546590895511 700.0668515134889
566.2084125037128 939.5834780085094
164.80836484277708 252.60012770496118
209.13662862451696 505.5380864217388
541.1189124891299 269.6087067675574
557.871537298093 213.51989817802064
527.8384159347934 511.54270877439603
