objects
635.9092122112743 585.3293925356533
476.7671571072102 521.0132435924261
320.5524904204875 903.6058034087961
535.9446348593083 808.563319248814
620.0223323342276 680.2775514918807
208.07464529070364 392.7136269995317
67.80065109295795 702.6693974092287
593.472930544928 759.959670096979
532.8431586436246 594.0458787349442
731.2792135999483 724.8575480372305
368.9578114690614 178.99755469790492
976.5656361589101 972.6298244823644
352.73182349790807 335.2177893314956
224.30732390244066 60.352070099736
462.9390183101917 221.9835671813578
74.84358967320375 662.9965699866334
121.25208622445858 383.6056513218071
735.7902835308838 158.32322988839204
704.5978344412521 131.64450960085452
137.80277918439347 266.8192209711284
397.9877533790309 69.51672123182969
19.587284681848395 590.2281027579428
854.8599282690711 487.9512335609892
880.9395115809821 811.1280280918687
50.47319378404032 817.3504418865579
788.7880481187958 592.50281508912
877.3977125185077 862.8822397404244
534.0316894872823 162.3868205214556
306.09964919022724 80.47903420618822
252.40813471434655 332.19648645346064
170.37742885522286 297.0161126547063
322.1495320263261 215.81066696641685
342.79063157615155 290.25887849715167
333.01780757125556 979.4350250390352
605.340141880537 121.49194580922786
832.8100595046526 659.909032445543
38.99828659955246 192.74662553999164
670.0844234041589 674.4791345470703
101.06628027363708 337.99345093180665
801.0225333578916 904.7934470221414
167.05033289381427 396.6922863867491
197.01307714596783 934.2951444480907
324.10839377693753 697.4767247562828
827.1731998652594 301.7459566561601
259.99558483644154 37.60707915122126
370.9971376259424 459.8209244301821
243.1215637390477 127.68710642399107
306.51660334403596 35.20921690006276
882.8534646556834 669.1272197887629
221.20842959031896 874.5309563884272
366.5737627825005 656.3828288861412
931.8601523655789 697.9343339829884
170.39534364104884 534.1224272378449
610.2609784191396 226.38001069093673
597.8621697922641 488.2771360784037
85.27753898829715 749.5854525644415
55.94803852178798 550.2128972242793
116.22385219008513 32.4644609791904
188.39093381575375 791.8722806130914
626.8107257170965 276.5989244693877
693.1881482164738 980.7668397303296
415.85992671999105 483.2613422231025
685.6417540212602 386.55782497415544
815.5451652614909 757.3330531372185
741.9090650694778 338.8350200334653
378.17156896126517 416.54866828928
970.0181658903732 652.6322119203627
95.63538335078923 87.9258932536146
557.7778491339342 625.4835950146415
703.2799007840537 214.13561544047138
152.4183331006655 963.159231316165
273.9891245895047 152.70031146694643
508.0969957760111 293.2551257959466
595.5008051129989 890.9491099917713
749.7215818707351 852.999844870514
655.9461449156257 980.7381147893706
552.2948138347125 774.5990062452281
450.0877065739688 310.8922075710135
315.76050373394264 791.1887264605858
487.23923839450936 487.18261345306223
863.5262025157999 771.6126963307598
72.43065845989564 583.8104021812279
538.2931441293082 738.65527887418
671.0935528087967 185.69688924466655
227.24644789314368 538.7185371643186
911.7388917812966 577.5724748741738
391.8256495323507 742.2197898019701
445.14846892365864 689.3039290278807
317.1144214684858 868.0807707394531
571.9601129484954 76.41374804952252
84.62708786623422 124.91675687687464
273.7658458161493 505.04870506695937
852.6077813525756 233.70774602755495
816.7447542118206 453.0959139190252
982.2376680063735 819.8628952088245
731.001708277461 397.0397936233994
783.0089544208257 517.1638514752041
488.6586655205874 645.2859016865443
96.1643143194595 248.78315808108246
125.88998998135106 143.72700653215668
692.2462839728946 877.2064446428825
776.2658262526847 359.2629636996569
712.0207730450777 784.1341959316037
588.8504266084799 450.32069567902295
432.0860860291859 269.7568005433329
