objects
167.91733204319624 124.08181903644092
368.44851354922366 708.2428224577503
852.4347420030725 684.3442005234336
467.0702158452524 623.9172948686255
82.82430713562252 650.6242776546907
455.0168086497324 875.6556347322686
32.528949383614204 525.0079234382102
379.247171757586 405.7332027781279
522.7471030049944 231.51396077436
587.5449112478852 208.17526595676844
798.73369136544 478.77432763144975
407.780587114435 463.1678902454415
577.227565649455 480.36709209988203
394.0634592771032 628.025623101374
226.76572004939868 107.7768651973796
314.30918106705775 623.9998929362473
293.1467714444463 414.44526758615814
387.01126227082665 359.50201815523195
199.88159537741802 682.5739131192252
199.98157992738712 43.46501811424872
70.66875537453843 503.1407454506707
433.2453210321925 797.8711850692115
604.8194626152989 162.51736774973614
710.4066259508066 978.7776759314871
463.4218504066601 229.90512461492654
630.2349769057862 18.46938895306195
704.9438195879688 872.2662646637259
637.1175008514288 892.6409102653895
783.4682159892957 752.7592382526979
770.1764013836962 321.98435684331764
501.8557038078811 541.7680374236212
921.2140995381776 495.24560906605547
650.6684398306717 779.0946479658064
400.13982760774445 110.84011369469165
472.4789063822243 704.8734847195079
329.54574945462656 554.919716975742
810.3477834774138 514.6665769683466
732.6694061065551 248.06526376546282
87.15865062854982 915.9473410817807
593.2074488299318 856.3802999959413
298.7463295923407 782.5203246390013
900.0807238273734 788.1760993553625
278.3492742168905 375.32716278772915
636.112893913578 480.2204645218007
750.6429338295734 149.98990859855837
255.79851651644853 731.0230934274148
547.6314290718145 909.6562146810768
85.12096363522963 424.21082180397093
545.7116715374818 371.22097746985804
730.6970402963582 496.2827211810728
386.7779629856836 193.29318888438092
249.771569006775 507.61949635704104
580.3700876658294 708.8196620654362
525.4911225752581 139.87232487693342
787.6628533546783 893.1908491042772
313.84494908937586 497.65707440556395
650.1434666665292 203.23096890978795
834.262905330309 867.2826096470124
535.1054874305523 51.47722236563075
679.5225393262626 930.0506753644513
216.01745158065404 326.4878774557301
916.2214965666975 937.6905401663716
99.40910521587517 978.5529474010359
716.3603411801821 914.2346144993123
128.97938440475997 566.2197256224049
292.7977080385381 900.2767968472764
375.46195928612576 518.5207823076408
860.1454251957349 162.0836524562466
748.099985947253 362.6758975941888
57.07821899916935 27.881847602707964
206.00310667891935 727.0121950439437
392.65392518016483 253.62493370492345
577.9158379781461 747.8116950069488
168.42416327942328 210.89759713689133
224.52469284650482 258.6686589060202
606.6200751019919 432.77127867363475
665.7900040836815 644.284261938593
61.49212385077007 121.0631513517404
932.0530717169851 170.25570188568992
321.29525826450396 239.7188043288954
369.02543340298394 439.7824037712224
214.5446957536724 515.9570395551589
763.7614319263951 566.2393303378115
344.0466082921499 842.4558474160302
820.8063827901918 337.0898550527655
865.8771429167709 879.2624256610299
36.08727551197531 707.122446216459
856.1027139894929 80.40876521277137
691.2189304250855 837.1443866109324
367.1034748448207 285.40371421088
210.95709245516375 794.1163798543139
933.9602118117 405.017982882564
601.1810058659815 897.8801970332229
413.5946754891624 73.4457014115707
232.21053666165096 578.2338063845034
565.4647981785017 824.7185529932813
135.8221440188475 615.1989351205768
295.57647316709136 455.6006296965156
35.54733147736578 945.502571301134
105.83918860532388 525.7299242265676
239.8842077976867 877.7562949217493
885.2595694759284 208.4332714853223
671.9162198834908 19.545505497542095
722.9948688711244 663.1532385810415
19.210268206986576 914.6586716207266
