objects
63.41618397473127 673.378935777382
569.597830234981 698.6050684199557
923.956932472895 583.9084205499194
476.13149274531946 896.4405871752351
863.4651811056964 808.5863884361466
660.5543128561166 408.84159871678895
256.9264044656314 150.92859194273555
692.1327811282817 819.6083065850808
649.5845644162657 505.99042479017555
941.405581600855 539.5402047602735
174.55109553872697 921.6679512023267
787.7897927561575 183.12734695224955
665.320486019637 455.9705003895237
916.1677264440033 373.81471587991194
772.4923305868091 877.7247423461281
119.62326989995441 691.7406041498488
966.0347975844471 351.24599818233514
708.168255307974 66.6856343810139
414.6988274715866 204.76496321146615
663.2271918796247 944.3962653460692
673.7862323626819 56.77201261782659
331.9153463383205 810.6690334403255
76.9035105974904 979.1240529951376
831.8284585213501 96.87513359263332
503.3977340044077 66.38290025094547
758.5677567613375 950.4402494954609
125.4111829249845 935.8371213020222
653.4438276554265 111.23893477397847
430.2512223153647 972.282059035577
80.57340536553026 155.80663462862637
833.4010379450108 950.7150343244873
489.66588829904435 619.7989363866398
896.1234149912644 963.4916532369473
345.2840624989574 575.5508670252857
831.8514657146847 330.2046393559844
435.35286980335843 700.2971486386283
698.5324441902686 255.29551636936097
770.6621661441042 547.4406257271968
383.9466763652187 583.1641269058081
135.0002275882188 888.756960009832
556.5227083272388 830.2842204581993
874.7946510565778 728.3012936979954
483.86977301122613 738.344389545994
698.7916581068235 926.743584632585
920.3055243944268 478.05811068837573
818.6181254156921 573.2440899980987
589.0160962882355 749.8935407602694
85.40642057096534 914.2831835452254
711.7522131857205 425.08779762288464
500.77439791707906 408.3338992638346
805.4012187377757 901.2375121250968
289.9121623754907 77.97807017676914
917.2337303970571 774.8597776761587
572.4195081657552 205.74999069333458
596.920329346153 176.89110230716628
962.9020715885714 66.09205870029679
37.576766457460494 406.77957949287946
703.6975334519525 22.666930486165796
954.0270461751887 964.5679092619158
231.6551937999138 669.216089942059
955.1749761055488 803.2731965893188
784.6883365607354 450.8318475540639
150.932199004216 450.4744943822008
729.5814488342247 195.59796301754753
733.9408233888976 981.8103362650334
114.9167247250087 109.23216318123994
828.9608596152664 432.3542923585009
30.180760088540268 324.85024810004734
430.9729069490221 765.3462757251058
209.30835372439438 212.20933795901374
660.1295412933965 902.3102049403668
99.73153062349213 630.9453023842947
339.6435865983949 967.3430771330015
604.949656663668 915.5254986375743
695.5134604061745 552.353716357847
218.6138510086512 787.2850131718466
430.2718536203632 340.41231618221224
166.99101071274106 578.1062160429024
596.0230422349515 123.64786281947411
287.6829566866328 444.44586582237235
192.32604773118805 24.025710182327593
759.029909491885 668.0418674291698
791.0161353263487 839.493253720343
605.0833547062459 457.6429498072626
119.138736836314 314.58930371356064
904.027155288274 918.1421467809286
42.37073915662299 737.7132802788387
461.988174025547 150.62500371667522
109.34341493538732 68.70329619982851
115.4901187180268 766.297352893966
748.5637792487951 87.00551872628611
45.6764712893731 47.47248463343121
244.2951004800667 33.74210626542384
858.4459067842366 244.2739476543397
811.1015104674781 789.8795298538655
435.2330514679362 870.4255684898653
362.2006588140957 149.3213766160827
355.08857047861017 227.3345096941549
863.1518279080866 403.94531695191864
636.7248278008802 818.8879515240938
867.3900536394024 39.98716217874666
308.6123306269566 32.31715338411317
651.1700891447404 564.8079299662467
612.5614263524063 256.6196795130518
587.6897391325584 372.88267226939246
