objects
81.40477815994284 746.0642721494664
636.3010791356742 277.24348660356054
589.2770627090335 333.98847095961094
912.0451462963049 270.4041729707728
662.928648204416 363.90548441558036
382.5723049004238 366.00033696971093
738.952907187123 475.30562556863487
143.53966764973435 799.1091489953379
413.71834176078903 791.7157083363219
203.09931723587908 485.2956812855977
573.581296952737 705.7766088405094
186.27127881255907 283.01654218660633
942.5924011301652 763.8968133971458
147.2104677141354 414.8339603127087
346.55878422829517 332.11489426471394
204.65736168437493 944.6543006021278
250.21396578282977 256.4922486703072
25.83439043425473 305.17654947440485
582.6418453101361 62.88114000573165
235.201746028459 759.0807518099327
763.7635244919851 90.6363986874963
648.4996735854448 670.7512745463105
399.7477582581353 249.81637543088658
232.10258462668276 611.9139488151244
115.26245707113526 72.60246300076383
393.97644414015934 100.13534831258768
61.76065208180111 200.2039263957371
305.3760828684424 193.76728392449857
810.644555843905 69.24443788496907
430.9592888140716 67.31465392763184
696.7602416184699 478.64653001672656
587.5788322576486 810.1622043149096
972.2474284438395 647.1285368646554
510.86206622919354 700.7661237092808
261.9441194871381 500.9025815786599
777.8617283458377 194.54484967452908
524.4585178223906 41.49930392908987
288.9863633378823 900.3774887367847
45.24943441101918 547.1919872555457
516.6679002643325 841.4694092647102
137.18049606640218 901.260190413486
596.932434933943 614.2267693024794
337.189520008959 153.5071962599645
344.69010122242344 851.6989040253471
257.6978678084985 307.3927119521025
33.051776205770324 346.95954172726294
83.92965067470357 316.4921543567363
215.7640571834565 242.10504659351392
111.79762096544991 584.1458529292377
377.59247599469853 968.7112464225598
750.4912221986535 422.40382802311296
867.5012246239534 97.0309471396399
388.59572436992255 912.2863513241855
26.503185535309353 460.29333117019917
326.3515722208935 578.1635204082901
958.7000927207703 604.4068153807546
78.15588081621007 461.5711278208079
928.0113603248825 839.6147265135804
368.73152794187615 753.458601730913
193.9512091970706 619.5590172182582
131.42985404475854 454.1736095617494
585.2598112149825 885.6991106128943
449.1668836662273 882.1149073724915
286.74806558347257 729.8398130835678
835.7481867101723 164.43483832874495
688.1757134040903 705.2917600206724
786.8173999384566 719.442000931196
489.4938340453069 810.2401908404423
423.95833280082866 400.7515870026815
697.748814208183 88.46874958311058
295.7185731951975 964.0185724387901
956.4302960620585 455.7561396048018
282.82676214768924 396.68858593441104
169.4238690133217 111.7551681168661
303.5437764743778 776.6342783969745
881.0917577875709 674.7568234928958
104.92643695449728 357.38882000683583
866.7475235120145 922.7861188179833
835.6532355018097 728.5126865702703
45.12620188854667 742.9773964301124
632.4216999118527 463.52249261758874
751.9191155363353 648.4577260306165
112.42134790005483 248.0078704395667
455.75866365699557 610.8862677569083
594.3996021779698 544.7789709979501
97.77564789048387 935.415341965602
189.7614705353294 673.0278332359661
462.5897291098844 344.6960303049097
535.1442906958473 95.4840045235004
800.3487319836244 921.435605732812
627.422709917973 732.4495771978426
908.1177258729352 368.1703875852023
631.4917116872839 128.23483183650285
976.6520404879969 834.2316883399135
147.29857136385706 579.112815252819
336.51948111568373 97.63676859219157
127.30410908341003 855.7278216023768
173.97729090365362 463.33078938990343
532.1260677888337 413.80937157270176
864.6164854132714 558.4378849219763
180.21124159154377 221.29714005600388
400.3490464152081 473.7014477083431
736.2851065470534 44.51635280249796
816.8124319915082 830.6228826586406
711.8829482150148 612.4791818677362
