objects
197.44332454049487 734.5920166596572
143.86914294854512 48.040593680301896
464.33018342024354 421.14151053405607
114.60137624671037 713.0102980169202
553.1724181920146 777.5022574468355
866.204384724567 174.04314982741442
261.9298082178529 266.1947692504239
697.0655748624682 571.4133722134361
358.77566016018585 168.40392285484654
755.3063886393992 762.5738947100712
405.39354789130283 297.10508265195625
359.0093560047765 434.90895216775084
290.687969330769 208.12481079674367
380.8279097225461 814.978920039359
677.0522404592912 603.7089487146516
196.14421397098923 972.8521930671591
958.7924496826221 88.38305011200478
54.54132173504024 815.5533443482882
778.7692911522116 917.4543384069366
53.92720806752685 551.3228504486542
643.9653328622339 261.96062306004535
538.4249395182744 172.87453287494387
614.3269522219376 601.565968743223
706.9906193708841 371.0163704108093
547.5729163943706 981.619992977647
695.534012068972 23.472652404216813
934.782992392822 849.4813338328128
710.7449422938689 57.520914107141465
701.6904639360721 715.7287411115076
722.68494243974 846.72003544341
690.2522076705565 905.2343865007864
357.8763996718498 881.5149468805389
895.3162194870747 771.5159675127408
718.3495872339688 209.00221317594998
236.10573170419553 68.0490556442254
661.7279358202783 32.56565564398527
385.45458854114287 604.8780746700664
888.5228525068002 99.26072625318149
794.1132670025803 298.16586974808547
749.5142074384715 330.1963477726939
979.3836512514165 267.0719293760353
163.93645269152088 435.51666808430605
491.21837071820573 395.64058292362853
46.20987499025286 502.8702682565584
95.01276575815814 919.155278242507
113.81488420448014 581.1649481922677
952.7776239157938 351.8600392268387
804.2587714209035 355.1033892835375
81.59728420164573 722.244695687444
308.30106102735607 950.4717047403168
500.55872278995525 724.6952547506628
697.0649555434487 804.9005505592323
325.5158340383503 31.63193222976909
970.8497920689299 849.0463532468074
288.02340329250364 441.9176557291076
186.24656600512262 853.9252377315959
613.4305395150466 144.41556473432388
404.5643482403423 133.14413492029772
836.1302057369511 383.8899726824043
409.7070348266615 427.5531148353259
263.95623233258516 729.7733269051158
51.83474688881442 687.4534688343265
43.46238251875295 376.7138082835583
30.84444623403862 747.5068844767583
745.8881982086342 963.4804158210106
64.72323890257012 260.1856991822753
626.5075023181361 56.755414091891595
407.90444906918094 31.593153940598413
217.72225024602403 802.0295392824701
249.82492459746575 763.5778009198467
378.08366438291625 571.0855432727976
837.1564998379805 22.845771377377275
613.8549911446348 719.3902971574016
854.3523720632525 292.39359169140744
723.597398929838 602.2075218844192
666.0874294215379 313.387679378594
844.6856572118659 764.8529259690339
381.7466069317729 380.19899384764966
816.2830630452605 161.88621488829972
940.7654242462456 292.80730370884436
205.33085228082956 325.6580939756936
788.1810556568071 673.6574175946114
146.65169401775657 217.3220963750317
465.6065591635109 124.25446427032615
142.72470458137542 254.05522553387667
640.989113093904 455.1290407114019
164.63689004868473 387.49956739131756
800.6476125259509 19.96536392136593
243.72686042473 495.51288367777386
180.45530992186158 352.18541761957505
627.0144418440634 753.071562819294
392.97230693209923 207.23583344500818
542.3941779593014 355.2399271010508
461.81401032155236 58.86089462809936
289.67308780729 51.99710006486477
968.7682534313544 423.2661153158508
845.1527526041881 908.2219924185608
352.6053642514368 732.3416428112324
67.0030579139626 161.72354753729414
29.853859004537206 934.896948768728
393.500800551212 758.8040341519447
333.3713993111665 591.8769122048622
981.5415601290448 478.54062941702523
125.49568108414091 169.96304071056474
319.6662063966779 486.39871340818434
