objects
361.74687778452216 440.11188602525164
123.92920877333941 358.0660850334925
218.72888654954875 499.3880384010201
932.9107525965705 356.60848718388655
635.5538055079397 575.6728583230425
153.03981578685242 611.6762641824573
628.7364238664879 518.0209532404197
734.1208270371673 530.3781636814821
256.39276029640735 773.3156781774156
139.4564147357007 301.0313080285932
576.753712586288 677.9837524260184
865.466506166193 739.0630303190709
619.6912374080686 461.85081268691357
327.9034097068714 951.0956266140563
466.8762816313111 448.83182719612313
327.7342883563421 265.20964218673043
550.3876135860578 267.2408089690898
490.32586199966664 103.82621601983992
362.51831317486756 300.5586313650218
932.2772495676071 825.2969481251484
736.9103268081243 595.6725621268307
946.078913637917 84.25028306332312
271.8270935459648 309.197173767745
231.9219311851152 77.94688322813715
638.2076052053256 933.5556233911541
280.0619194987512 349.09438827599627
641.0541130763954 127.21833177553751
825.0638406497808 443.3892057492296
922.4034001463765 776.9878292346406
114.9706171966161 892.8733408572658
563.1756023128486 421.37844111298585
523.4326400490683 538.5148479213926
449.9042941354219 408.74932368868525
186.76544090631472 577.7923899642414
463.7331403492322 694.6521941096286
298.9797836396907 690.5504902360561
971.3647750780017 329.6302462801761
786.9462761469366 241.76707417258459
797.5202081119022 385.2216473958876
833.8878148527731 671.8495860709304
115.95188694724486 250.89904820371873
53.30430957190498 270.1636357936948
694.5661606894928 912.3523434465586
481.1925897359981 365.29915835627514
135.22155040473507 561.4639776815875
248.32298610224098 648.9545166011266
25.929250287054387 912.5293936322748
883.3500288404093 457.2341195129797
964.4817426393374 734.3332218483131
601.619729728539 955.7506882190271
976.0470360582989 910.6634246962378
861.7377106687006 144.43804489670896
576.640183506495 555.6787504108339
695.1604448342434 336.3905045184185
232.74003347357035 376.2467859095279
817.0796853730902 790.2478962670684
27.98145593036171 169.34730989524732
756.9980455303664 784.4350379111178
912.9255039222306 736.0233823675102
970.5982704631485 644.7758403378145
862.1917334940144 232.45544700382894
91.76480070380053 690.4797240902728
425.9679694445162 755.6397609600646
311.60362193350653 436.89194163562985
947.0855649024228 605.3274926644535
896.6604267797916 953.1704032512042
292.30077447888226 497.94765600575494
495.9903933329321 19.00322468693971
424.46408335650466 697.1937906103318
243.78745406274106 894.8187576878901
40.65824399883728 230.16460951207728
308.33174771564086 780.3889659549365
561.9951760215636 606.2996977972302
632.3111777946466 386.4467100486068
309.1909908306284 199.56057548411565
66.91214159228345 141.98209657140387
31.566060362463425 485.8008214454837
313.13510469004643 864.0296251388031
470.20704373314567 661.2968526980765
461.3251922352876 183.42805809606702
748.5610492046004 318.3438789065647
809.1071776498537 101.9494710417201
636.1999105325746 308.79240881028596
774.4273869594492 113.94351501613428
669.3030742257486 525.9690455905952
509.5326682740526 66.14603349683114
144.5698630474532 728.6989998849793
713.6393787295816 37.79572844833076
88.45574207439631 966.0574059732913
628.4304900578815 215.77771463480684
199.09867258499253 467.0393674057547
669.1791665597362 44.899886573181575
777.8578639698678 724.6582857002034
712.6212030557556 74.035597778452
512.8416192683221 740.4185767012713
920.3360717925328 430.87452449618223
84.06108942538914 756.1206718813019
86.95743874931505 36.172462280675234
226.94381336395284 707.94168969097
764.9122488337571 977.8462128381451
435.42336425244736 348.97855709242293
284.34202954648595 234.41919666419136
161.69611768784608 210.5181911728985
652.8891110328273 351.77740922590056
920.4141466109565 198.21913579709087
