objects
513.028625861409 307.4532174667142
246.73618523809478 155.4723309825894
637.4624495509272 415.09619956027046
779.8470188188586 577.1055489308586
750.4838995410329 397.6749894111443
440.823891785467 807.2161332261751
69.89559105369392 967.300624997405
962.0375259741731 689.1468871589285
805.7728842135615 927.4834603803683
485.74915880785284 617.5527351800356
808.6759674012598 361.9002026157141
153.0049077201209 235.9704417057324
51.879092669142935 272.92922253333893
378.8935322445425 636.2182199178535
753.1981579137673 882.1353200688213
955.948291410234 306.0456751842171
381.4695661479723 409.1909872605668
857.2560189997005 92.56018530729966
208.13137112195847 499.31649942225334
472.9332181015902 183.32255752035434
265.2895324865356 266.7371189944321
665.4787211921567 655.8932079971622
898.5093134705744 170.31085631714427
958.3841023904669 858.4473091344535
686.7873911209921 308.3433157953819
460.2646246340122 463.89908648356607
903.959762580169 760.998962651584
410.86387397175395 42.60485718353428
327.5910477119271 848.0344240803669
490.9402785802127 877.3689651412822
