objects
847.4929684043761 85.34641661297653
625.7384426629498 277.66851524010644
861.9262938439597 954.9065928555717
735.0490097088808 962.9240564566579
112.64912779549583 670.7661780727411
586.58012569018 885.6829234317803
539.2861482983 739.4575434234981
714.0064843901907 430.4066006691348
202.17181125490237 127.79559755797526
718.3841343959023 648.3723673539687
950.2814479312902 70.70636431643034
412.9633323678383 110.5464950576564
176.132570513306 556.1932686945368
684.7407644621114 50.50516410778738
248.8558380195301 779.3444212403548
903.6134703249805 250.38562112009976
774.3657618388982 551.478131687355
714.3170204968887 110.3389303256616
203.003353692142 241.2459376099564
554.1330638134161 65.3745971417214
434.1748727796185 824.2091388438699
373.037080417856 763.5737138253947
124.68081593338334 764.1106641990781
554.6101133819981 227.1386190504528
326.56518085376194 226.03757209456455
663.6424756737869 860.3573094901204
867.0911617005453 386.2960575538501
857.692667973253 452.71514887694417
765.7900949258664 714.1903275822759
926.1857694303945 543.5354061652706
