objects
78.6511207840526 877.7172650872718
861.2702176201825 627.5178726828157
200.24794633356518 825.1194845901617
467.90567182813066 615.8754510470453
747.0479351108128 897.5620301676387
365.6586915387298 473.0823307907491
796.2374530629309 584.3824501814602
940.8242699445358 338.03146133975986
634.3178660609932 348.2245190368715
666.4911987369037 293.54380337032205
55.7096675137716 690.3089510087119
67.52404967784437 637.4805764181853
956.8741909981098 246.2328797652198
84.37912243415148 518.9101107244968
529.160301922153 155.0831793541536
927.7538298196481 777.5092192818314
286.68664809534545 697.2129655489188
382.58399782835335 576.4131044303582
522.7737257213747 728.1904060876302
479.55636578453004 522.8095531734351
247.3894252098797 108.26644808163326
971.7674964971836 715.1128537557993
474.0314389950448 143.91623205912782
156.48229172945375 494.10566216095873
418.11667444089295 504.0914559505732
958.1316759484555 573.3064485719802
475.0752697240075 249.22678393565906
869.0207416957483 741.0734739150614
108.6270893517956 673.5436602860549
330.02040729311335 336.98723991608097
549.445169437232 348.3400968146285
461.1802831177088 446.06456723983524
31.12662557123283 366.95814597238143
508.09790822810675 391.96039220046305
235.89515417997092 361.40172394183094
828.8836678511963 824.0769840744562
244.27355882907736 271.2095914173616
682.6547536516678 699.7556429706709
91.04585169422157 264.6564194794601
807.8614654518119 307.66206524873394
501.95338759318145 933.6408962440892
740.1067943034557 971.2019776461416
894.862330706573 405.30316581520367
652.8490290010363 816.0503684213343
710.6796575725423 84.56868049521434
748.5169445331827 818.679561537974
841.5536578215073 479.13432831988064
352.4812028979832 820.4474235599009
171.1192905295729 722.1876770754066
638.5903144533792 556.1295428741543
795.6105961966981 30.776989665305905
799.7658588901182 184.2184786624664
572.5737962567944 248.05757607603633
355.77837093233694 526.7825271977797
642.3604684874811 471.14575154238423
99.67809971403705 389.52346217531147
477.6656174999258 339.26702599019245
104.35036586396194 733.7900765301695
522.1648238204 442.7132121903584
403.660203418228 927.6079444517834
70.28049490517222 447.0794817167035
775.8523605998852 674.9385746444132
645.0764488783057 903.1787850400042
736.1758896415137 228.4865386370126
900.0704158188182 821.1809419392135
26.19090868885281 961.6856155816638
491.44015277868255 838.6962018167463
655.20030551426 36.265539637234575
410.5079678224765 632.0596264778522
218.39534151713167 512.8040448910698
466.47057571057053 723.1646107024254
112.90719617688828 61.12288430656601
153.9683703433612 321.2974966403132
164.6363268657662 136.79812570852968
726.1039519362625 543.8691458992541
827.2239750851685 418.0713211208993
842.0553888046094 926.2775956261011
261.11502619714514 550.9031469927032
553.3334815735196 32.70901868752076
102.34421229279508 581.5614555949282
329.4433355893342 216.9032154292268
265.0705635766258 880.2027989251711
621.070898533616 616.7259854568277
215.44956339711825 626.1214320847821
621.0158534425733 956.826298177073
199.9346314667251 954.7030283344438
953.9391896402941 88.15083195382532
347.1127328751856 636.5555164310977
650.4149869721634 88.81953156242159
913.3261588847997 605.4671845317608
758.2056719277223 412.47729143545973
780.4109700268946 104.2983659866074
257.24611531071474 161.0457989346502
898.2065991953351 663.508747093682
276.654527146799 969.7402365708773
862.7407002058062 56.0730939425069
398.33088781246175 416.2439463516976
707.9412912263102 384.7429026326846
971.9039214801201 463.9268236040774
786.4214480890646 504.9007183777072
625.5691434323995 771.106193808806
591.4504219928118 157.71640229166687
255.41311310807734 781.4480177405512
73.05000314646806 197.92137478187706
904.7891066375765 104.9023441807327
718.9194514369782 168.15535828161433
236.43886294178418 681.4948525758283
26.710832871338873 778.7945575703817
532.1012834537221 780.728053959684
416.859511591119 803.8935962460963
179.2172857097177 254.6336111222191
209.8061761096457 422.81975931305715
595.7453154171784 831.3752857867811
853.439322010027 334.1362091066148
337.4506890796098 50.38855511436429
685.6685188631328 217.70209937961326
756.4229825002253 726.3123737865687
790.108853140177 236.69407570131554
435.61354660945256 197.12537481331114
301.13481125631165 280.3336000787489
511.5738176015131 581.0037063001114
315.5087959662596 141.32998127378005
273.95903705316334 437.68840724940657
394.9628953896771 147.53503040195233
588.866596643335 82.55165744981262
889.2156587725532 901.9416631330637
862.0708811253019 241.85992398397144
307.4388548281077 511.0160830069581
441.7793051960102 90.95676860743728
146.82529773496142 841.363774871093
765.6905033349855 359.8221528702297
859.2775894585969 531.1855482524982
591.5793296107311 535.2720751335468
406.25846478786826 861.7741785330765
564.6165467637878 608.1918752711671
429.53851497955617 372.8471278446273
672.2502786719355 610.182269956035
321.80338689624085 743.4373103768667
702.1042235007301 486.86834925436006
194.56759562446118 26.161358921302348
