objects
99.71218486623367 488.7411475230237
813.0975420715847 133.4915373680849
506.78084099694775 191.78788211026966
712.1111564715918 358.6778927482746
46.16961848610296 671.636887126591
79.65081830855817 786.7654361576645
589.6370286537066 706.4927836110909
889.1597324152003 420.09888159570596
705.563151388798 706.2216547177522
491.7052419922402 800.6960590509407
860.3565617059095 750.8891623871244
290.16634211954386 815.08198762463
388.1463214782892 539.8438917353764
908.8489109776332 336.6044274863895
308.757681278805 220.27206832271267
360.81339474288137 372.5973448863742
713.1739758127735 267.07775202525505
952.0493130374933 64.4512465734235
195.1075038888166 415.59661663893513
583.4198450864503 596.0553874810674
453.4819184334442 635.7356103157862
263.1343284457924 65.17557196656306
968.7534712260934 320.37123847917314
669.5599158590051 91.62193304433293
603.0266697931477 845.3177730337951
285.37483759497894 302.9252133275026
511.6401029483585 647.2599837025452
474.13286375969955 329.7979457573104
480.3534510130985 408.00151118315347
171.866370129535 600.9068503319817
938.6377048527896 737.2413579075065
868.3460574484019 963.2813956227199
569.6284996542323 207.97274818176592
415.23588299170007 190.89445591617385
761.0924378004025 850.9072619263987
678.3047592865998 963.423700080296
563.8973362277117 501.8308330658675
786.9370190143791 660.5443561085813
445.96747951519745 144.51554529420613
709.1423504936023 499.2505842842999
294.63861780157845 539.8001490764638
449.3538542402743 942.2517890130288
26.196326266152326 257.5517219412623
605.718147253028 543.5586269398002
254.9203769509916 425.4436760460875
175.09968551937337 351.69589918739257
911.357334971778 509.5222122547383
920.318112005539 274.1051865195817
307.89134139188826 870.0568798857128
732.6934619790549 548.2822904197891
768.3144633165552 440.2097528265834
886.7162862080888 592.4696326405972
894.0407994446471 798.6306872230671
291.9513445888339 760.0900314418191
402.4798319607671 409.8033519439724
822.561193300016 502.32124040586797
397.24334673802196 923.903306055266
877.3183389099099 470.6991086931457
190.9908389174072 834.7362842659343
953.2689208952744 589.2981127259541
560.3054954468879 318.1120251038454
206.70610500524012 85.39941069962711
829.5164540367417 831.9901437665468
249.19104627919697 872.6020740342304
54.53999720922547 904.9146491936349
517.168519164538 112.65976450955009
742.7149057231917 189.57866579100693
654.3215570094447 452.31081710517043
342.4898177961632 463.2093276958579
27.32817237162095 347.93394730369283
460.25186906614954 510.2469783558822
93.95050630787657 131.81265191390034
205.64806034910595 675.3978768629719
653.6345291902761 716.5201044036781
407.46143049228243 84.35911445063074
811.596283956036 969.7760336522184
603.9376058409839 33.35927246212395
789.9410561043601 44.77168242466674
97.59346061658452 689.3925776392548
660.2817692988455 565.7235376717101
215.19208300215558 948.731586831142
90.20803949450638 316.80339603299035
99.42562358338009 249.2879737653528
460.497054333795 852.697480251414
215.22275455709917 177.13770461058533
638.9079065232826 267.7001128546591
652.9230433462639 626.7943855522703
627.622227570319 212.82069619484994
158.6754237465164 761.5263876055857
159.84684251802727 500.09841141287524
357.53272275293045 158.58904710410675
911.2997068263886 193.4054577278769
753.1611403794385 313.98732548673513
853.4034718618916 644.3612864810273
207.87868596650938 265.1043113701547
932.8977128820213 891.4354823287933
150.58664631938805 661.0287212362445
343.97702037036237 742.5114749918858
817.2874592907302 364.56815212754685
601.3672295710755 928.9829357851946
367.2144473571506 260.25659259119226
331.2031090915573 941.5395832281067
747.7153990609919 929.4402307377111
43.854604394918795 197.75900628457066
966.4323912859438 397.57810207335746
643.4778352930007 896.3893124646385
115.28911566170015 875.5467161374517
936.5269660724166 137.40545557884568
831.5638425716343 706.3894150416131
824.8753838927904 443.6754422309532
743.4288327011902 799.9336375949943
844.2511668674659 238.06794696909253
407.9511929174182 819.1088443945135
504.8591154261827 712.0567305879318
288.65188430513655 155.29791290305926
412.3902567415361 292.5727145438445
582.100837939565 373.18213451112854
335.3978180591367 40.464205158857695
280.8547526611862 618.8708299019561
923.6182029144626 649.0604835438597
169.70276972748596 899.5260190257685
157.13845498010653 188.00867834936184
263.1506710470001 486.0128712150037
880.9253498856324 893.6899246828357
500.20044401030896 916.1187338971882
836.4285165526784 921.6933623299132
531.5208821620477 46.01738635691345
722.4160591879677 608.0021613293156
862.2269253335779 73.2508703154161
676.33727540559 830.276485074299
811.0345792595422 564.7287698225086
497.17703275004015 576.0936007164831
619.1650787752618 121.0520946162732
171.33751771131458 38.57466909199029
258.65039196763007 677.4902371035619
452.39661667073057 751.7649780812626
660.1712647917925 345.6695510575282
241.21128777350216 773.0692443704359
954.9105595634474 956.4676653108659
469.99323660689174 60.89256292837153
