objects
100.45645774781656 382.5434672844405
92.92539092060812 812.8619628116726
874.1626029447639 830.0416793798369
853.9027780725811 303.4369322717849
509.1992959702655 248.68981183485394
175.40551270956968 653.0747194237107
516.116099916913 528.8866121708945
378.2268332845819 256.50717354140664
787.420967269484 359.92515587182
47.979113247964065 130.01289850522554
645.0088681041932 518.4196017632632
401.38174417648537 827.9888065068639
576.4902250684884 743.678057521453
677.4664477170273 897.3847682025756
737.7515510137875 740.620503699505
76.70665192662604 766.7103896401559
602.2263820544899 528.931290462564
131.7272965385313 440.8337273879088
866.8358944243265 644.0058397994984
526.6702601066946 565.805473364263
461.46403243301893 914.9788322191712
393.10613814625236 458.16181065400883
338.4285757616626 483.4925094827766
170.74844474428426 924.784974176123
770.3491504044715 410.6190312918375
180.77201498468716 280.5483693774493
549.8078955729079 819.9457632265917
802.6056819714831 132.95177749523629
855.1329011831643 928.5581149472101
766.1980039550658 325.8230504631005
102.35222983222717 683.9434335342453
144.40792186261365 763.6188333410404
739.2163047967726 96.49922570314935
113.0477996483628 263.81966938813065
310.5826010935275 901.7748760644686
492.68878176756795 866.3135738840311
101.45908274085483 867.8421882667723
911.0623719886181 411.94432627911215
956.6939435075575 795.8462994626619
409.20538112922907 337.977951333656
293.63925782964435 462.665674080774
261.1427748798742 108.70726347111504
703.7150073749232 285.41405688649314
509.1085009589101 920.8005251033138
273.06477171221366 284.82948857530675
311.473664032183 203.87054275701232
416.39028441482094 974.01183797106
516.2509506506159 110.67948911050676
609.5105129454507 49.165144694705035
744.5633527296379 30.74119017547033
946.8438253025645 915.4193501060206
872.7727914592053 208.65636408368553
532.3969655958599 968.6205355567208
142.97672646496795 544.2961257334368
596.3936201036784 318.77248597220296
230.77212602905928 720.139053537355
70.56556212664587 977.9033934135934
153.36590509768294 891.997230988422
632.0296433495163 791.0987992893336
194.96744053593727 387.35886539191364
501.2247924497469 804.2120061002371
351.2541932888172 418.7011336743048
360.0112357375549 372.0148292696383
659.5418032550925 364.11164136637836
419.86362706307403 740.2657153853743
398.409846502236 539.0219542312078
61.428080470808325 505.75144644163703
270.97900175819996 640.9117641709978
734.8403834809914 189.34231785468938
798.2614657959092 732.6658638666478
176.82182164436676 451.25091628497364
805.1686519645513 217.96247997241696
563.0430611617247 582.0942036030701
40.28633051195344 205.96044682968412
587.7647559920559 189.42259512387446
27.211362812752597 41.40987189036234
519.6312394967292 659.9624516069351
835.0515103604845 782.796391728025
255.01639930403812 245.18172075342022
826.7760811439744 900.5695130045374
510.38842082121505 484.18468797896435
720.4539858010241 456.99624833781786
870.8832364456543 487.01728988633937
42.816722803329256 726.4960672910673
344.8600810260323 82.09624640562397
160.1860117926325 170.37907019377843
350.0545918090036 950.4732554470892
29.655266910307972 567.5175723822583
179.65542211949332 139.397543660239
24.63672364278575 435.74439178290896
25.032435851408575 475.37036464528353
439.1522369781282 128.20113643528
916.1998023158272 265.1675274319489
902.6851032094213 773.8398144215258
225.4822373777558 520.4547798392992
