270.747 666.417
164.403 524.038
137.139 367.294
844.154 224.116
839.489 753.206
672.168 104.49
612.452 804.807
418.696 43.0253
528.332 346.307
104.257 47.7831
836.909 328.17
374.685 382.355
317.191 309.527
773.292 822.561
202.721 138.71
768.92 615.246
559.655 438.228
317.783 865.188
42.7186 179.958
201.576 728.432
898.923 42.9927
903.863 830.392
65.7587 896.812
200.126 42.7295
43.0127 354.412
463.806 688.447
837.565 477.948
43.0017 748.444
558.133 725.067
902.647 673.725
585.855 956.98
697.659 552.47
482.39 594.239
222.02 322.439
736.27 432.344
860.194 130.835
342.689 471.431
97.8488 665.848
272.892 537.347
234.773 816.965
427.12 520.291
621.523 630.126
715.355 188.952
648.074 470.263
751.929 713.83
767.413 106.18
761.582 273.09
292.105 102.778
75.0293 564.666
598.448 42.9935
470.781 258.381
125.958 822.032
690.547 871.756
533.652 881.549
134.207 205.958
901.09 399.575
433.434 158.052
834.133 896.376
368.572 664.969
379.249 236.236
279.958 397.945
183.673 898.235
619.729 197.594
665.922 281.223
528.182 167.189
902.041 555.895
370.374 944.055
623.669 366.686
656.715 719.99
509.148 75.1897
