objects
390.49351970655624 259.1371442931563
148.56179292652405 683.4613274726131
95.66329105002785 920.3950408630429
641.9955088444647 58.709685244520564
752.172995463009 406.3246299305067
413.7954494501651 661.9361542359962
468.9560558140652 863.786562238624
350.1961613698681 860.310217477512
829.0644127422223 645.9263484905263
369.35305677912686 471.2386632019458
843.4940563091387 366.55225452550735
84.59867823408769 286.32681645805036
334.6289811103049 256.6525868531697
424.4190266680592 82.85733335917925
641.8762375245524 879.1469374045809
881.1990021413059 145.6774231372949
509.53634642259135 43.02108951942863
747.3280246122886 215.70774529392676
283.48512793502266 169.63573220567048
245.81634339694847 840.1792849107667
739.8495534433479 725.831374148649
958.3546480805358 36.56676094277739
40.78174958943882 193.32112259502344
574.0822964586058 956.8817929543053
456.7963547552233 925.764468851714
355.0619938487508 694.4459282652493
849.2819709905478 35.42137119201466
638.3758580935191 378.7112858967278
770.0780376660184 519.0387349509028
564.2859902287431 735.2241263239038
720.6851455660252 630.8717153651614
735.5013575795392 962.3494768402925
682.1621218568137 451.8172377973855
464.8313178704118 48.37694745216602
786.7602245414055 927.7274348040448
212.84518199680085 731.0414281807313
334.3810084514504 89.93219845482946
941.8045616251145 844.9243881367737
386.0207608146229 607.1772378899074
827.612013134908 592.5215588528455
476.25927890797277 281.64888926112695
783.660852863023 93.6161879245982
147.221405505747 951.3319261804729
900.8650231390803 819.9918470079809
130.65953042588137 465.83353933003804
951.6938845349047 175.2804089751084
47.74069234381409 460.2514778680393
493.8126233495938 555.9780515555786
646.6395938821537 930.0699651837488
303.29850227123995 422.53230269180773
941.17334595928 955.879520795462
951.5963981157721 694.124555116729
652.6055215744334 817.0592166014563
562.633026926272 670.250032472421
539.2218903730878 828.3153200687325
868.6147949197942 570.9046373443991
310.1728823808689 909.8324573271163
195.18111170475171 966.946270165829
227.03971681970327 261.4561472849965
831.9284494788005 927.2042658860936
882.5687207963447 332.4599104273618
614.4147347813407 779.7029794059122
441.0666254010561 977.1494550377553
594.5668969459965 213.44457140386226
734.8517495695874 265.3623901648584
505.0905506548524 409.34526552491144
768.6928821168151 653.6002445240508
488.9834206891103 815.0095973943219
671.3582633992191 266.76881316791406
404.54119691166244 322.18321525816435
894.4515795785715 93.59512410024672
572.4721630585464 487.8442035243182
227.5277402395007 449.78264179038615
631.0795626205538 527.5223706758061
834.6453192398623 727.0530878385739
144.6092539871732 203.1398378643165
705.8460414904707 145.99602095394707
472.39090224051205 653.5352936011859
374.30393862503416 170.96624422122557
532.5865019606289 250.93012543588367
796.692682921941 47.630594636385375
960.8175145245657 405.7384745466511
390.48563668991494 889.939203729499
977.7412908295975 286.38883009639744
705.6693367808095 847.7884701906327
899.0812163558782 246.02813375290143
201.60529557896987 324.1155437315379
572.1585632209097 859.329584234466
337.0195189606948 515.6689766552303
144.76311363223576 906.0864394689638
328.42964830285496 596.9142820057533
940.8583563782424 613.3306521545121
28.841045268508093 530.1413784594915
976.9931284249625 363.45487521373343
843.9508995199219 186.64506009157324
155.34526853855783 153.34914427810475
62.89432681598037 710.8732480870449
155.6952830142034 760.0107149707189
106.54587055291185 855.7337614996541
933.6876010466175 733.9081179281071
76.10788154525125 139.54986351791376
295.13399052227464 505.5627835732632
140.0129942574276 414.936143851535
869.3591281147269 287.75512906375724
596.59482198104 821.9110782892374
199.31441428046836 213.2929903667148
60.156654473279936 591.7049580379062
873.8892737917676 618.1175582500887
439.4865897070271 432.24447800037586
828.3562923761453 440.3122682897927
212.15134446875015 33.27143144110029
209.46531466773536 150.59855204253736
239.4877472043318 364.082215236067
830.6381702340892 237.0103426724931
73.27131766091826 649.2090368116808
48.70862215205554 349.8614490461843
336.90425310013234 809.731026302304
278.860558541266 84.00427822234957
295.3889406688263 224.03249265041677
122.82894287216706 522.574207129784
255.1920365518107 935.5869075006327
686.0385923347826 90.69411597971515
390.3055374866465 945.0367391153343
172.54022849424874 818.9724331604835
947.9948657134877 466.29371399495756
859.0984630538326 887.4229333436933
574.893369566232 556.3800290404045
180.61870145210966 522.9510390443095
47.62003501168472 257.9472435692117
170.88985542437752 51.94901650213311
