objects
217.4044851141711 452.0542832016315
935.1830984355398 850.8758327358097
944.9515679273438 411.95261611684657
726.644897575844 537.2369086554619
628.9297518487932 178.76459534247493
46.50028609631633 726.7434738200992
398.1002534676253 454.0410702164142
27.447859692584913 902.3215817055384
271.4727912315341 773.7755119314515
790.6712685630457 918.3201853738545
182.37448443562866 156.17174454334614
821.4227441000861 390.31203010085176
864.6435205816246 178.6643403050372
434.44186349352293 154.5317821008392
927.1889514194717 169.75138870309686
208.80523504634843 372.4928269580539
778.8921536231757 478.0075213161165
153.3086117004335 82.03066400338508
75.3244202723736 555.5983509993397
70.2050626914901 151.28539750825064
266.3771313405925 654.166596185149
469.04290302905906 572.5645281488443
549.0384624095813 343.5241591445159
272.7571106939898 917.4381584505948
855.0522823386384 913.4023375106331
425.8725268767645 934.4947548433552
127.42082152736756 589.3702466434478
216.94672864157894 206.63835488195426
192.863550777993 577.1608112805444
574.332249491575 501.0957481848511
55.14552504854819 309.3822490286697
125.23372481817165 216.27867730731447
533.5229660920829 132.1628702647547
276.67875200320117 364.80358242966963
304.65953142534386 332.06399242376153
346.0750072023458 559.4646751615709
511.8804907968476 827.5195253028475
530.9058304113036 550.5940075148131
673.3442594413259 921.4067833898926
958.8661587201569 226.92480450089514
629.3877636771001 727.8371601826892
717.5585315900327 887.6763352262642
864.39455456433 808.4989231539329
538.349501756138 750.3661296421086
695.8813649527746 285.10450296883494
766.8982461705938 794.0155452311973
489.247735435591 196.93233973320864
841.8342605569446 438.0432478913998
760.686319876315 357.9165247632858
385.9908715411951 827.0379915368999
190.87542306677244 293.4863202689939
620.4082644341784 926.4390249004313
630.2666594295229 378.97174872237883
498.77153193128913 248.7118983371007
921.4987563887487 765.2185034761442
579.755167634308 387.58376065886324
497.48365228729 406.6572306895157
765.3138064596927 406.07928970645446
104.13861604254893 411.8830684784483
655.856999400569 849.5122762274647
629.2346327890265 624.6170038763167
762.6046749336771 700.8411237786809
672.4038730839032 369.17057517553087
362.564820388604 943.0736060114482
401.5846198941679 621.9745706818265
848.2203118398032 651.9429252184033
165.12376211360004 691.2702461212464
794.3360276448092 737.9969891382914
728.3378664381129 939.7352975794664
725.6231887400626 383.7520842119444
634.1782057014308 446.9731841565902
922.7583059078927 616.0252527124924
967.0571758731579 153.03335334490754
832.4049759593876 524.7489167979012
672.6355449734409 660.1774531599077
782.8934152725417 177.77774604146492
294.5486622416069 409.3074524069525
774.97116823056 117.86962695891961
764.9271194422959 972.0836318394373
320.5938781937035 132.82135159718723
697.9292413467107 578.8206139082744
894.0291095530515 939.4544183478471
29.312893635472907 133.88046638919948
170.74979676352038 769.2423354197011
343.3452740620514 766.1236569951654
571.202069612772 587.2148252660219
791.4571880319069 220.34426516574035
102.58663469326197 117.4353022732248
385.5774149876181 226.07753872877086
586.0102189875611 197.8558276196583
536.1289227568736 222.55978127348828
724.4771632190935 69.31788854042293
615.0049381730666 137.8888181428191
99.21978314849991 511.7849624273028
974.5165691736009 518.1961515614746
131.14374315980663 957.1917309849835
413.5923049651069 115.74656499993574
361.50011867853374 880.512558225342
666.6394175916149 36.25721465393838
44.59280235184164 780.8637886537729
853.5628959884373 351.6334130107554
933.8195223151508 125.17441187518318
816.0609835791577 970.024166280032
453.25452005238276 798.8546081601532
460.24868596654636 727.6549135167203
949.7888416291888 717.5605245968801
104.9302910185746 879.1557315493512
696.1558431060154 777.4725890963032
519.551387689366 298.4807184120378
571.2827958723481 787.669247573742
898.4469177346609 313.32020237505344
407.52212895463936 679.8725992319925
675.8334150662844 192.805805208163
681.4980101233936 513.7450883652448
99.92049410030793 816.1165031633285
25.687120352007703 684.3312731156266
911.1012726574953 56.32203699592425
469.60453357888485 875.9952866188596
169.2805948884463 852.8764063363183
563.4943699237936 87.44183617688992
223.63570194173715 930.9685332789371
299.64559870296233 610.6258240840034
856.8509177115848 698.1530043397654
292.6079717783073 521.2843832940747
319.2450628823137 950.1820389435682
501.6422843104002 81.30066555623256
100.89987231603135 316.73100491801955
249.54789561641115 405.33434603604655
855.358552994967 57.932427748557885
782.3173457854467 536.4524904154808
