objects
869.929861982101 781.6435213101363
206.5955703581462 73.7996483412249
45.751198902476375 341.322833479849
721.2831409551392 386.36334125601775
428.2613028073102 224.20810171298052
736.1019492522993 466.72669554496133
653.0246913937124 320.7282512952037
109.95150827331699 274.46668101356477
110.51640832107958 889.1501598569394
323.4363414922505 598.4981061520313
149.19259238822704 663.6133029833279
329.14472476083193 548.9947850701994
568.0865079023671 537.4096197874261
567.6680271031182 67.14177835876333
702.7253124267754 630.5281212491377
465.34965717120656 546.9003100588526
465.04517501560974 325.207972188932
510.37810854232094 659.2609010412509
447.2815385829183 123.61992609199518
275.05977383908237 266.0497607941931
104.73119672238079 92.19293341623003
216.64354840159754 298.0731492135389
687.2219424444519 755.4878465881803
67.83634963558978 916.3227387089721
427.0865055259537 706.6144317675986
122.40053776314639 46.25775607027973
187.14843939961887 335.0412454492258
592.2466351691222 266.67425735007686
149.02053275833543 217.50251374619907
315.2997368537509 358.8574409925818
841.652612223987 475.75937474335484
175.8568137041398 433.6340818774342
437.30998875170263 75.27130484441474
339.25022241191306 829.9842920256007
215.7196974531077 613.8588950754126
659.0241087926006 412.4513720734705
508.7457528115713 93.12092961122835
808.6820165594568 436.0287562026265
564.3210438669277 491.182526381592
218.39718018428977 370.16332117915033
627.4934897455247 618.5722488377879
270.8189927372447 892.7029137047418
127.83768941645704 139.49941628235223
395.00740131926085 447.65785598317393
616.164159564513 817.895337456968
556.9976823603565 383.8313197137948
220.98537031907748 444.96137049300046
642.649792107542 47.06884780495443
717.4958526678502 54.720398931529616
535.6552761920658 442.1908226387154
392.22341777088 397.3852119482618
314.2862909046863 112.2736575240464
668.281316640968 455.3885769566988
769.2101418918612 163.34831693865922
321.7952642079704 269.0262107074451
753.2458750533024 420.8376310682667
805.0907962120045 878.7236732093329
709.9486892918161 904.5474543679916
83.19767055559927 722.0544964180405
730.52050756947 679.4275180569325
42.286002492155816 37.824859303165084
815.1145647189899 358.5680771924331
551.5143346005939 323.51272024982177
941.9491047624837 246.24795761544297
449.24320198522736 178.9248021718688
939.2848936832955 644.5864677572013
953.9819188590433 343.3793062715613
488.3715278621993 747.2705542456616
912.7763052800756 165.1446513188274
516.6648718593902 267.8290237214964
624.4420536201113 444.6120472225017
318.930514524485 483.70035799004813
616.3558437019371 666.5111397530009
93.67114495258258 804.0405136661243
849.5344792664325 300.5803037488099
427.0947529471041 859.4118991578483
803.0342016108833 573.070657482521
577.6895167495686 943.971014006824
318.3383377177639 197.24679659284297
419.1808321359713 960.1186115875531
806.9146639744957 951.8886375929485
369.3863447339699 876.7810058699499
742.5694123469233 579.3035586602922
784.236708860278 673.9713618838011
366.4638835759812 762.8130675389853
914.4356189737312 683.641992672759
840.3724334146968 704.7629549393791
176.38606274057628 526.1759225488822
479.7436096934827 692.3492546930487
277.4998205118638 786.2302719172274
711.5940771850319 268.4982901004575
955.5622034336816 773.0002410249748
182.7992658021359 260.30061760343125
363.443255258582 59.12806268923266
539.1576061847861 180.1646822342792
82.11580109131145 199.21206310320215
281.4887338776734 444.81243089810175
142.90819887685865 305.19013216337527
862.4368613380326 35.52709283297614
527.2310085088078 839.1553062966105
352.77144695221506 671.9392093012175
650.1141344767069 718.5548268134561
863.8765579686403 622.2673996459754
609.641988437921 892.7373577994899
407.46338462608963 314.9164034543082
763.4554682512711 374.91986186880405
644.5613828514611 575.8131549281097
23.85275618307439 685.6839453769556
232.33111509493153 219.1085162094525
425.21673477021443 787.1644489917509
253.56562097570017 48.84158191362189
851.8660177947943 120.65101824816804
399.23370653818586 558.6802546142818
98.3513722143048 382.0696436684812
780.0652493299021 786.8929438717142
476.6817478396127 885.4459736895125
303.83836119871575 656.1441617434637
530.2002346371377 609.514698779923
65.82813346106909 297.6328676287431
731.7483128713906 328.7413207699536
895.2409236939136 955.8235185940032
442.6171112926107 404.6915033307338
964.8760906614491 205.29023380149258
582.5571188541612 706.7210451785371
310.1840364168733 49.11780763727485
515.1087415669247 539.3507030901512
666.5151793174888 222.70816243729632
749.3780777877587 529.9418582897932
530.3932738199807 707.0067383736703
33.52878691471544 190.79787379901214
