objects
732.3889194293968 114.89750820588122
635.6490788782968 946.0907389846377
61.844104144549654 931.4260475065181
233.43180069851508 458.469787553526
829.4620101499635 303.0126663403283
597.8625365013917 893.4474624607133
95.55449685826244 391.40279404810354
756.1116713697135 580.444458898482
953.7495474071166 641.1267789083087
401.2197800877267 384.04633039197665
253.82356842424196 576.8699355244398
298.8038478885963 822.6326846918654
617.7138012794608 139.44823577661023
680.675505214033 848.1900090593774
410.63061793231503 643.2611466861302
41.203234942242325 516.2376907202928
188.70489402893634 235.8818763118038
238.9018456462071 925.9838812256829
287.27733962879 322.7129742214047
36.258754960827574 562.2408626882742
343.31483461971703 811.6252042649248
187.6640811788812 847.8450652129577
139.46668842840924 384.9164998508539
711.6196565520224 596.3943957026303
97.95311457949165 878.4093800839272
413.5328026922222 576.4715187341358
220.38601729913157 153.2865488741888
49.88256880825519 300.7031929029462
283.2089691992743 156.62226424254726
360.91027197997875 96.54143369397221
313.4760788712139 426.72759014709106
916.0595021456328 755.0573826598018
472.2546037055316 27.43811374581746
194.93493122374406 433.52731336705045
521.1589304869944 607.3734351427956
29.334417055400817 245.5258119552419
842.9584606050486 897.8072867924323
971.381621782327 347.2406260220291
405.11859195968094 860.0466861176259
593.5238863685312 520.5292239699091
811.2757852448195 40.05358418280491
692.9473972291039 722.791698406483
103.06572455744751 314.71525854638844
548.943940828965 851.4205915803635
831.7929001730622 624.31862856397
232.8526656969795 665.4615142739729
862.8674973604892 857.4451257908502
130.55010336248964 480.0951679068984
421.9983305311831 213.80016158017358
24.583681855860664 356.2481844720426
837.9784002643086 545.2907924903619
770.7521256347507 812.1911410645457
622.5727555036417 378.10873888973754
276.9482810516437 465.46325353240155
624.2030920095174 467.6976500276378
728.1196519398413 542.0225005168975
504.1575140447976 297.921597035575
910.7862645727675 262.55698866246064
141.42271541253228 160.25213752420643
309.6318133169688 215.104556261698
742.7621518388543 712.9283825925868
880.5187180210291 314.9691729648309
521.7925907034373 725.115199221998
185.4746932788981 948.7408692701633
732.218836339267 928.6377479032939
833.3080428425872 396.50752070645353
579.5429802410695 22.942779428655918
354.8470716747949 867.6201826293424
583.5204633600291 603.3370988060987
882.2517223517281 585.5148439238926
648.972509210446 71.9058803761348
733.5078384998626 657.0378218639366
156.47210926788085 330.61854389641576
646.6292451359132 712.6320726283332
546.5651857110362 540.3977042894791
848.8840395958957 129.23193681788678
592.2491100512985 690.8354889227362
152.8388870763354 84.16890400935273
563.0605929783482 755.094400808058
101.09982100953735 825.654044320035
305.8015044758414 57.454944725478114
927.5382318923542 500.1357785357219
499.19951781293975 541.4437636649193
386.1697780413708 287.5785565924968
725.707828194673 802.4591965883303
472.71667393728944 766.0244272864277
763.1705509615042 471.27112219493745
650.33988056255 247.96473979363398
504.2174488447887 972.4866968908955
164.42069688417578 690.0884530008767
489.3920017361682 645.0951228891047
228.63870910194987 83.25530803708307
934.8144557093092 222.16696246285724
214.04745440056618 744.2635690520593
130.47388838613836 945.8825234012959
530.940756274255 90.91176011440541
716.9316366467698 289.11830154211646
765.5944886927582 376.2482336152382
399.7602252948529 333.2597148704809
344.1448069257331 511.60429407852786
779.3337489765339 962.3693010953446
172.8480290229779 563.6177694015253
346.92772502685875 599.1008930035503
498.82765733245935 381.2326636424068
678.8937817386758 150.19020531023125
976.6290029411211 240.2902082118876
664.252904482632 567.4171992536156
259.6067713116797 851.5938912649057
535.9203044099122 942.47346161125
949.1124061153704 890.3117544482634
447.5871293076872 672.6315534995672
974.2757296178904 687.840311982724
885.1253545715333 465.82708819835744
697.3521009280578 240.60508457643527
359.9935913396953 455.7117545017732
105.25999134331138 530.052594133403
271.11504318437665 895.3298982037537
914.6281332683809 69.98574306998846
252.256128854624 271.46903210890275
847.1424268278685 960.3308411564796
472.038099662814 425.85920209815725
773.3397979312751 900.4820922617943
378.4599289958894 936.6075953286224
517.07870702444 451.1467212599563
640.3045532881066 202.32173801173556
257.386739497073 734.126638394143
59.91030858804995 201.52347451021063
320.64995315687713 376.009283513667
433.45081536878695 523.138065504141
799.0437154299351 859.6123650196001
