objects
48.343096911304244 920.417651571892
776.8810780236778 19.04378975964918
729.3360871998017 693.5122359174611
211.64981277062958 489.4554198476004
231.71845570160076 748.2813755624325
126.83454472555742 579.0578514803045
29.75894944895387 601.418183130937
387.12007842398816 679.8543064213949
652.0151196838933 145.02816646439155
375.9188003196225 372.7165352040705
550.1702348587539 321.57293887646256
573.4528881039372 539.1985697453729
104.90297056406948 44.37753891643759
207.7117801913285 139.9806522176642
607.5592265696133 634.0341180497603
906.7077624957027 737.123783895363
462.90129278152654 540.3206249723734
519.6684940226318 665.9608020795256
576.2202183730228 28.596425046183036
796.1562680522268 588.3762524297148
882.2159246802547 368.88942238253253
285.68549675324886 20.789742960847114
433.0205292576287 407.3233440503134
287.8402146423567 371.83444777152056
653.5929704885519 502.15134224226625
401.2525584558752 918.0961582291208
160.41486282573848 875.1687692920929
472.74033778445255 661.1847156368356
888.9314483422714 845.2292783772601
385.03566440190406 532.7215877149412
316.6124775375945 129.1367991651533
681.0157243849868 887.5725234441069
746.9567120596469 328.66119307924913
891.8417832286832 520.2496465683006
479.3110043911476 570.9886457528826
708.9392680893183 189.00987893537487
460.7749458588678 100.8958390135516
313.28286223461754 904.7598592152458
927.8125394208557 81.41645455992096
601.2421693494081 785.9050945692143
19.820561578251386 418.81348376652977
958.2986140904337 891.943573944792
370.7018582121254 713.3228684777308
808.2461674705308 250.00809249323586
68.17970049038144 794.4918998399409
411.6149585013528 874.423819412684
756.8741971522072 810.8047525050172
287.3240324425541 504.3281405916966
915.3865740002705 403.7046659051245
758.4135993901954 197.08739275298322
176.07205623469176 76.64386365453208
249.45979558340304 260.7794134503664
752.8191235979646 872.8699843704246
440.4712573724164 477.7419442511099
877.1674553161965 591.170667442178
66.4519502971483 33.35055225060445
763.0367106720648 100.58560421549677
958.446167825169 841.3103971849412
699.0456103771897 24.080426218137994
50.401621436125055 469.35860750309297
573.5878404302613 632.2157928460553
246.13445950399327 930.5725781293079
541.0000708946218 505.8772916949493
41.64059224688659 842.3333081562356
734.1047674888679 607.0897871433285
263.7096290231309 449.545904965128
916.7280850355198 576.1176497877947
259.42331884793964 57.16271056931454
121.12588189881899 839.9625547160587
719.8024574385987 893.9773394048271
463.57729170903184 37.65720292192218
845.1357520955614 371.9807041504183
49.50289200916541 197.72685871047332
294.96532240913217 742.3071051491884
41.02579667115664 659.5066698122113
802.6802777741088 926.0347174492554
874.7239875874219 298.7019312901727
337.78325611859674 529.621011383104
323.76361925963835 45.28122574118653
710.8099208154009 289.64343927790003
395.1798361932215 83.67624791000603
922.8722606427624 193.92021171494767
504.0966246171392 781.6493259816823
128.63283534366553 377.5791675201346
698.5417309709034 971.8005637074023
514.5107173770848 922.2540566556958
462.41647059980045 250.48900802170934
946.9091053858688 431.92097936947243
328.89795164974026 180.1604667924449
196.9407396316995 983.1458352974594
905.0606073174696 925.9079346200094
134.80610948955564 345.1852138822115
456.1803569335148 866.4148171366206
857.7145004415737 449.78270539250605
60.196605213569995 112.11081895889383
402.81842993123394 569.4514285430245
367.911215989486 227.48627174493362
483.9143624850946 285.72830333555663
741.7222510227845 49.172510579170506
573.1352644770728 263.5050338515585
298.9891096915315 702.7431989875763
316.6802470111007 777.3462121317764
936.8349002168153 499.79145449897186
195.90954481958195 835.5040496645281
475.21168782908575 975.5581090455663
162.35292388818107 508.8215110199522
616.9409782458147 565.5694325774226
919.9048234493408 229.74146963623573
47.943615909140625 67.67578360189611
166.62492546774556 653.8183735331612
313.97743176096407 93.89584076391921
92.69937786417505 899.25498274743
717.6211055875125 349.73383646833827
285.2892357426035 278.30803148167337
123.47479020997802 469.4509773956869
