objects
407.31187906063457 693.5838903612855
23.186706892027203 175.2766568170924
728.1456059031916 709.6900490085891
205.8220846804501 238.4766051450857
732.6272922832179 439.4206799882364
136.18161834725393 622.8517575928489
527.8033967950805 931.0628523123477
450.8508805157175 190.98784418535115
516.0356452341676 285.5599236821342
712.9668054802086 916.5749064436429
683.2933255113359 849.03782157797
366.0612931186838 277.77397784416024
757.3841405513947 97.31621749123418
683.0657185984612 627.9437144758306
515.1265945482612 875.6227569269464
871.8555662378075 769.927568373048
265.2556373177586 548.050999761148
712.4474272178493 654.8705326555914
430.47506193441217 568.9455092014671
888.185413658164 622.6026074704778
104.12942202771801 916.0709773032459
674.0680128122606 486.315079073784
215.60695972223735 570.8055800684639
455.3750143494066 113.6382974662917
133.37207480072547 318.0954322633653
692.5843394978683 265.94076231436617
29.027928457023435 628.8394530867835
180.665812798898 169.20343289517587
957.724812626595 783.2425158348144
282.46333271057205 183.03893434915577
266.0505077391919 36.54784443997657
434.712450160191 471.59532420270983
961.8644929865202 616.6107975519781
467.7904930774748 842.3536473693032
31.96894690894319 429.878734639773
562.1990643573503 180.67420283069973
912.6757325193927 711.3088392167741
908.579948366807 233.64122784258612
25.03399932414274 346.2875091697791
478.9548441811305 280.9134538026014
361.66823707399925 691.9568324992149
725.7905125719024 199.75272908510075
875.989570821821 241.32116784825925
921.5744854542828 668.4947510579435
72.02189424974999 657.6073880875832
41.96248486474375 953.2192565335301
258.4445755461239 371.72473128442243
665.8492500692678 363.4273722201264
67.7577070902583 72.87993731678604
503.8184604308562 223.52110330346287
195.2102038813554 80.19154547550818
36.11186964375797 716.9395476841081
230.08408940784045 783.8506847632211
961.3170449584177 130.34543439955908
444.855561061794 56.69671239628147
652.189748024572 931.8684145669938
135.04553842350532 966.3871099424169
260.1180113948144 428.5800882686915
539.1245378266531 736.0695455322411
54.423807273640676 454.25697797569404
477.384073311968 939.1523928055384
153.17291502813165 363.8665823873227
588.9535192330821 353.72845132500703
119.16640492491912 662.3553654839599
712.3622216648175 504.66745800529117
964.2281141783131 509.1104655584617
645.0575539002723 642.2411184372683
403.1359869941605 276.86728343054733
592.6159501852034 154.0349086223368
484.09740929536764 321.66529754284164
839.7996355762727 397.6242075583915
841.4840271779017 883.9821915932147
881.6925047350865 189.47395431405505
89.55590524727525 826.817108419706
870.0597111631645 570.4569455541393
600.0543392402806 929.8849067724475
665.3103758380188 521.5872697749343
102.80867362092106 774.0275554003593
794.4512833585673 279.36783748554404
348.7877168065608 909.9580849337401
887.541674400484 119.65921007043522
504.1166956308558 365.2643883022818
743.4776168111584 786.2784537301112
182.5683547973254 24.76348633047432
680.1446263693134 323.91437629194263
211.1136372639124 342.0363510148456
771.0700315333305 197.08522187570682
800.7444935566092 364.96382548343223
301.96668912898053 516.4404682142342
473.5180407277092 696.0903368491566
174.125997994647 428.8611661392302
932.0042330305198 167.58409971552234
31.52094314988861 821.2419357025195
638.4216353069772 760.1871457643728
798.7802724818348 946.9336006439372
844.4545210940671 29.807508955373876
795.9384656368665 742.3682213466274
581.1161294544547 225.26109820429735
85.09786648120809 270.07470167146903
523.0888024249891 628.1788181066868
65.88680429545407 779.669143933895
89.85089095399083 185.2347652373876
397.8354387469804 584.08561067395
26.543195899545285 306.55782245970886
781.2313711364359 862.038576703517
918.0056094827129 368.7832218281501
946.0507654901248 574.2669070163491
857.333439694794 435.4592177522961
908.1252435753785 519.3167997604279
189.08704737616145 843.0757917387011
359.3361465464206 149.18384205539584
114.11236773217098 596.5144964601765
410.5781833492899 852.0057509047651
516.8505905068575 812.4098542142061
783.9075929865367 236.25353440600745
