676.399 735.317
344.345 434.15
874.613 650.309
379.707 99.4313
164.456 42.9968
104.602 515.5
330.384 656.525
720.653 539.061
297.613 281.484
601.424 320.471
190.127 646.478
811.668 865.218
43.0336 821.846
804.984 716.411
617.237 43.0092
376.212 335.815
41.8481 443.571
378.542 865.971
231.613 889.069
210.649 153.116
808.257 372.541
723.93 98.4336
813.3 133.518
99.6734 338.037
255.621 716.75
757.008 209.56
902.422 508.258
717.602 884.437
475.449 106.523
170.714 274.27
901.641 899.113
198.702 496.498
539.462 535.124
234.616 407.464
902.711 355.101
773.624 458.977
667.961 176.447
903.225 167.128
689.659 277.992
481.117 611.365
540.366 246.39
901.796 263.139
437.172 409.668
301.034 185.539
779.808 957.557
392.086 562.46
100.453 892.504
521.532 727.637
527.024 907.69
622.273 895.725
468.274 308.594
286.02 93.7242
528.726 383.191
618.9 414.867
454.85 202.757
116.69 124.752
68.451 43.0005
50.8925 726.138
161.924 738.246
839.496 43.004
612.792 603.702
629.423 509.154
568.635 819.007
405.273 959.129
315.171 936.394
135.842 423.943
749.929 795.067
901.675 742.42
169.76 958.943
472.637 820.253
