697.142 106.062
838.037 584.959
200.558 43.0214
812.75 174.478
304.061 603.487
599.714 956.457
545.229 877.267
459.481 568.991
253.048 886.805
692.586 956.978
248.54 790.916
901.65 667.196
411.924 204.66
191.702 960.724
157.125 563.081
165.211 223.191
336.202 927.711
522.08 319.477
230.437 434.049
728.256 559.686
719.953 463.989
101.208 839.111
318.009 394.695
43.0123 670.553
755.382 251.558
843.499 282.535
100.478 155.859
598.134 236.475
748.271 702.386
43.0029 47.1669
260.284 254.049
500.305 657.111
39.3141 318.553
627.117 488.485
680.322 311.552
827.718 836.658
43.0109 414.756
93.7798 496.238
404.461 662.727
42.2223 227.974
445.628 377.557
560.658 731.771
332.554 832.335
901.566 894.269
901.881 49.2075
625.875 392.101
452.45 473.318
266.605 108.658
653.064 714.789
533.761 510.882
187.459 316.607
41.5818 576.906
624.738 43.002
840.477 741.209
43.037 952.006
464.432 746.156
641.02 870.951
901.641 209.388
595.35 642.18
769.558 343.758
195.235 711.079
903.896 447.918
477.977 57.8313
452.952 840.968
104.4 742.545
532.732 414.565
729.883 848.481
246.068 526.951
137.011 411.895
809.634 429.689
