483.369 137.2
268.132 917.224
820.529 569.808
74.3535 596.627
318.904 43.0079
592.276 957.88
464.962 318.274
696.301 135.238
353.11 419.008
630.546 388.752
180.336 376.54
539.525 230.892
350.083 211.5
227.643 590.64
342.641 697.167
781.769 391.339
443.725 224.645
725.106 554.392
558.847 77.8764
699.285 672.393
95.7494 506.881
694.561 43.0285
175.548 872.221
669.231 476.154
744.8 956.738
258.103 432.817
670.359 816.61
39.347 686.023
540.155 569.682
569.552 461.72
102.163 41.3767
446.436 737.313
840.751 953.48
493.989 814.452
135.139 959.392
118.788 796.719
901.793 674.606
481.371 499.664
902.032 173.411
348.247 852.36
400.662 620.594
838.385 319.346
250.202 725.899
491.257 652.416
320.097 325.183
322.431 575.451
34.6032 320.578
638.824 602.855
496.287 960.002
43.0162 112.281
446.064 410.392
87.9106 240.229
434.691 886.319
791.552 872.691
176.557 282.018
780.125 86.8536
263.513 248.846
220.247 161.087
747.595 287.871
603.985 162.636
133.309 132.188
560.806 324.11
257.263 821.843
645.351 283.211
901.865 517.83
823.113 224.329
844.236 791.777
475.357 43.0373
37.5115 847.953
543.024 728.152
