459.632 754.693
552.157 582.566
722.902 136.941
117.25 908.597
639.297 448.445
728.177 484.743
583.955 195.633
719.879 580.179
467.667 203.731
115.546 328.609
726.622 791.191
43.007 132.352
125.987 171.24
43.0031 391.486
703.137 674.719
311.929 201.384
350.96 308.747
787.427 716.897
519.005 956.992
252.803 531.058
243.258 778.568
119.621 719.261
172.204 406.106
460.211 594.996
398.708 515.212
490.97 503.946
446.422 314.499
838.836 865.864
815.112 110.184
744.761 885.894
902.708 45.6701
312.471 40.7042
635.017 352.301
98.4992 625.545
258.921 281.426
261.87 439.223
466.858 45.1728
406.935 674.29
417.104 835.28
241.969 626.482
504.519 863.364
43.0021 228.37
216.475 43.0198
382.661 106.19
107.838 477.338
608.182 660.576
746.532 42.9962
815.905 265.521
43.0151 853.343
219.03 194.897
595.409 832.357
901.722 958.093
904.221 142.905
163.756 555.13
541.501 330.587
237.621 951.668
839.67 379.826
901.832 534.962
321.072 834.791
584.332 98.7922
490.666 412.024
513.243 675.037
902.629 306.699
876.296 680.59
807.942 956.969
43.0071 546.909
659.875 930.753
642.77 750.133
202.294 862.398
805.897 538.505
