objects
106.51383738589521 591.1468655988225
818.6603725223453 686.7285859107766
560.6141917528885 162.53347109086218
64.53738179215568 259.5672919915928
395.46565429283294 764.7652398281106
248.2541367259159 209.11199253534585
641.2956451693578 167.96455974003916
715.0683814593098 624.3868929684484
939.3238864565213 326.91862466533905
553.8847324267102 381.96056798630514
828.8716061411845 775.4987020353501
481.8558594844827 206.45602924528887
212.32463920004594 727.9197755051357
624.5825178166507 302.6224976447722
833.420322399048 132.24426689885374
425.3508132246477 474.94236962484644
582.6817171751067 897.1845648128818
595.7038019708207 452.1279077529811
275.76761230331664 500.0135158772133
518.0257830832677 704.4873869572117
172.24781245740346 386.4709810034919
395.6631514112435 660.956264739725
818.5145302317544 246.46791243497142
95.22431824726002 41.42962922552297
680.7402882659668 237.49649559500918
263.1237522638754 130.90730959258906
958.7241502576567 615.600996113969
565.1812996651114 54.965981587595294
777.1141640895519 445.92942229516854
936.5985361927991 470.06125169689324
569.137490702394 598.0837472457342
743.0166419418626 93.97706133121238
491.86554884477516 619.6951860140398
893.0561612119055 889.2137653114386
687.5420510955681 709.188250818555
168.18161769965317 128.76373652581768
840.8649105949218 367.2944421911266
660.7758998632875 843.7316938102176
467.52356945077275 102.84857570670908
333.76198167385445 42.33450855774293
