objects
651.3145572666468 834.9503709506458
951.2010319431447 52.055326401227774
594.22888502964 650.0078972179044
739.3251686854084 199.5796403055809
918.9046048306627 365.4816256694575
463.738769475186 762.9707670017618
876.1962068085676 810.7663290929074
602.6330855210816 98.16813407987448
528.6485319413513 46.00592010812526
314.45409340011304 643.8590809151257
265.2685866005811 235.07069989372448
208.31663791408312 944.5270958012476
675.0478709318869 136.39403636934523
331.43365466446335 396.2425449181721
166.29404505757503 379.44265664085316
646.5754706300244 735.1298367001992
470.5526468145519 234.9660881952582
547.4175673148665 935.0100774578901
786.6213649465845 289.6456865173947
58.93570273807446 489.8315240441545
160.4588244904566 244.3470376731158
534.3405683661333 545.1911741965844
427.05649538626193 552.17674664192
453.8714132870027 906.2273205118547
896.3239409674947 711.0885115271547
768.3527187513912 116.23151223675663
199.9941201056551 534.3340607667557
955.1295921322637 948.841476474377
780.7399282096284 743.2855187475907
818.4740357743593 498.3606750005073
762.7851925310307 421.32454115520596
45.04992534088855 71.93074834631744
213.368561834998 444.7436507913992
823.6549420542077 889.4938844189938
715.8054322926922 325.29009783986453
387.6968424142848 278.54455945873093
263.37817329683736 720.1009965573403
917.9993773187348 210.10711165648976
714.4892126989937 484.72443574845653
612.647544730837 276.47202953572867
