objects
83.32143548021727 604.7032977885636
618.0209483216453 49.46249403241458
618.0890819867549 843.9486500129154
328.7261048830497 741.7500379301591
169.77176194772431 493.8534746390257
799.9146106207846 954.9580365568866
179.6022642701883 87.41000606601767
778.0025470152647 501.10284791494723
251.61852373202683 836.8079665890567
282.46203718072036 264.4877816559034
376.21110122241964 300.7751903254462
214.88063528458366 353.82611620244745
556.0084641844078 583.4048348667386
432.1180230340511 895.5939439371838
57.92784896931407 62.12271434556624
854.1140596612013 737.112469471061
199.19354070021535 742.148651869511
137.87748909872238 855.3655715324132
633.0094141508214 622.8000700815971
693.1667198046739 472.56829519450844
526.895551466893 480.50711350214135
485.01097520000417 276.3755933886675
271.14026066617305 96.92762373473684
129.5344691240671 359.0579267965755
783.4610635358862 629.6372389674704
176.78377371875882 271.02920176587264
353.24498486282545 612.025420335062
468.84576458869253 628.393891278956
737.7559782973636 345.9699740081074
955.9282197317564 448.7448760065391
698.0064788972018 99.28670456012824
86.49070624950551 212.99146361705746
330.3369396735347 919.6092060365369
640.8817850915635 350.1898419246821
387.6215161712161 154.72343897774866
867.2591056636624 481.5416834545167
306.6464445737312 351.27435475314087
448.97026144112897 729.3276671627851
864.0565510949316 229.4655446881753
502.57105642737764 795.3076666890016
