objects
245.06411502639787 888.2606221438753
601.0450306004961 480.3412086688359
378.56023487573464 514.6515025220764
785.5460290472297 337.7675021725316
508.6703243617241 879.2467203748758
671.0416379703156 389.6129633900136
294.6959074197511 264.5513234340676
638.7384566832754 728.9434466344751
360.28782373901385 629.1068168476768
642.5115546774745 316.9694485181637
210.34764156530326 452.90598392774297
655.5041263095 843.8439433357937
899.9140175139995 179.25368476071338
577.8280092163773 612.0810466509026
851.9488683470728 526.5819573962876
193.28554010049476 763.40489173328
141.70852877772822 41.06930976782229
678.6687328870655 646.3275887462927
127.16181474040437 432.5569965669947
302.1226820782666 117.16923139051113
653.670023402202 229.22990059079538
685.0001974489417 73.52397362081226
853.4791317354612 399.201366565673
494.08296170788896 399.2236926120551
529.4689127585109 67.96047008015194
809.4951643768841 803.865432643932
542.0908808038346 225.36265671681852
342.0508424922157 746.8343806974877
812.9401435845343 718.5702922729284
371.96958454177127 944.4843919634255
773.9016169248814 642.2122873814421
486.7613964386917 765.5735217586463
175.19664441133156 932.5509751077402
263.75295352182513 629.4743003556613
622.0409561040924 945.3014481576201
382.9199253651894 113.90739262965266
942.9994302403333 108.3790350354358
878.6242444467022 940.1910028969269
42.712429992547065 191.81641295043912
427.1548171719067 245.50984376711907
