objects
576.8347552177985 476.7112044800915
733.3690409386675 502.6841025866361
267.7418834600503 92.4504869967086
498.98408508480856 525.5644148122256
641.6276145040308 802.7107453344845
784.0201790286244 763.6924701436187
485.78034565554816 200.36718074849492
274.7806039221284 584.8608445697032
110.90736251238496 250.0164380045525
131.28677428221957 141.64086227483023
468.99421830846035 760.7732192100148
933.0331269459026 583.2396585217608
365.2598776018478 937.0084805150735
875.0999847409743 928.4948028916504
214.72329018468454 156.1393551090675
645.0357405106829 418.163694803585
466.70469959852505 113.70283615390471
564.2017066060816 959.5220615654026
556.7756466223857 773.148834182735
938.0272480367066 712.9211333049436
417.25459337682736 688.1172970630646
637.3555737304462 43.188454545020235
949.0771137547819 126.01411445765444
86.23044695975737 418.20924166326046
730.2446175880573 237.0029355559759
92.70958003662292 513.0411621499089
121.9893374644472 735.6128144095871
88.1261669146314 660.8562839317169
473.52662980160216 957.171542313312
214.96472068201172 882.648209700615
393.6830796782994 606.5524431429733
134.57612972397698 52.301749783635344
692.0629295954514 886.9211509798705
810.0757284586093 355.4038381865771
860.5979354562063 253.7183249078329
554.3031769651994 401.0057872553114
376.3626954017018 321.1288711488224
952.7727367005143 378.273504172801
690.147721928421 731.3209919400557
942.6413220196662 873.1595439214362
