objects
669.5465490164802 454.1225126752016
879.8596835440995 256.0877061748244
801.3310807663711 699.5785914424191
194.46998103408967 954.2086157841047
589.7950956532186 321.97626053420606
124.83278313748687 241.2010190063589
216.99880038305093 600.3893784483647
333.7105212416404 284.152827820246
639.1081308490393 869.5404800471765
298.57647750785594 922.4104248882327
666.8163485623525 283.3693465761035
716.1159410415634 905.0781839897528
659.2439413119579 568.5905186208132
873.3006549470972 617.7201699677478
67.96686119990424 88.78771921816062
443.41427822923504 652.0686174628794
389.274533022401 938.6557836559053
904.7579054690824 93.71972059114842
590.1936307119802 74.40922795365319
954.3310809937825 918.8678617606579
416.80448919781725 241.99149624914324
788.3165779947619 254.798197850846
705.42208094082 162.8465634970849
152.11622789295032 110.86670228036041
517.5759215145637 486.96242957451614
798.6835803028258 86.85753972066294
91.67359059245639 426.9387055723637
294.2287199045436 393.29025549135434
137.3950584535705 334.6910168700239
756.8785408279255 613.1236903895262
772.2515947445178 467.3859182856595
227.44352778310366 731.6089436892249
683.0014803770687 732.0619933892282
165.97734797433122 668.7161362297543
43.72265946631891 184.70362238991376
190.7372569853532 416.02353267799
383.7320303429142 833.6642598353335
382.3583693838547 495.59262415065257
106.73950540001061 742.3019825511124
145.74928574146952 865.6189670650484
