375.936 629.975
906.964 240.005
833.83 873.743
465.212 806.638
831.839 453.705
304.233 580.744
906.957 326.005
906.928 748.893
123.925 187.603
832.415 283.3
80.4279 652.662
906.665 583.924
642.715 255.569
773.334 794.034
109.299 571.653
38.0158 409.463
612.092 364.709
558.504 38.0068
232.201 422.618
238.668 242.511
766.622 621.628
327.882 218.328
315.812 803.182
542.757 510.246
465.021 159.806
446.838 890.653
245.616 511.716
549.543 774.66
559.082 689.19
257.854 867.137
688.093 584.38
391.498 762.338
820.635 368.438
852.22 682.607
38.0081 727.444
454.075 493.038
542.721 122.548
775.991 218.397
789.759 44.9498
344.467 37.9548
315.226 119.323
689.7 327.574
521.78 933.435
211.353 675.831
610.553 175.809
602.895 962.004
124.097 842.342
897.86 154.488
146.689 431.88
532.835 212.631
692.859 670.248
461.544 578.787
75.8553 961.988
259.486 38.0174
906.957 411.919
355.688 299.292
832.51 961.998
685.889 413.489
330.098 702.345
151.293 269.692
906.822 497.929
400.019 103.606
688.852 813.477
564.997 292.391
633.29 732.681
342.678 884.62
190.622 347.338
747.848 876.171
220.643 947.95
113.008 38.0097
40.9606 865.109
906.965 918.989
666.09 902.568
586.504 870.246
105.013 355.535
479.513 721.821
514.084 361.494
695.628 187.773
426.298 236.833
616.719 464.593
305.488 962
770.084 708.095
746.51 962
812.964 140.75
67.5389 111.008
225.565 117.051
391.311 956.221
383.005 544.265
372.844 458.866
438.623 322.054
696.462 498.836
477.12 65.5107
441.742 408
732.892 109.502
328.359 385.265
179.147 755.55
824.036 539.351
272.398 320.716
37.8495 191.721
543.579 604.599
