392.966 962
205.309 961.998
718.385 471.28
314.966 340.295
821.667 370.895
846.961 454.452
741.994 554.173
538.522 828.936
556.61 320.291
544.881 235.094
678.533 818.83
467.69 276.2
625.07 268.24
38.0134 452.226
453.794 693.457
571.912 908.126
120.59 423.522
741.41 882.514
483.82 366.034
907.092 525.428
38.0075 666.741
765.726 177.558
98.689 134.041
89.8361 735.369
523.97 743.169
827.686 644.805
632.694 360.333
837.882 224.351
389.551 636.283
679.6 187.773
440.37 194.573
873.914 302.402
906.965 381.797
232.507 505.397
779.702 38
251.909 221.729
254.22 884.842
84.9558 962.035
248.514 798.5
848.636 728.487
906.961 611.541
827.865 558.88
906.96 961.935
658.606 533.138
144.387 667.692
293.146 444.413
885.235 89.9286
559.657 406.616
38.0006 803.992
536.949 103.596
292.215 961.999
267.435 38.8242
109.35 38.0001
657.711 902.277
762.223 798.991
400.799 789.11
636.104 446.266
383.424 259.018
179.634 268.387
517.483 570.981
846.809 814.466
63.2714 282.378
421.649 427.536
440.408 532.865
128.966 337.931
251.206 135.732
38.0059 194.981
203.924 588.615
682.628 616.323
592.547 37.988
721.558 103.829
906.962 875.93
597.931 601.407
302.428 555.47
825.153 902.549
364.457 492.49
275.038 636.977
170.159 182.907
115.954 586.036
146.49 505.531
476.916 943.281
439.889 865.692
613.578 687.217
175.391 95.1345
785.753 292.752
331.517 188.511
400.916 343.231
322.214 754.177
576.321 508.135
604.355 773.733
38.0006 889.986
164.403 778.175
388.889 38.0171
450.922 104.449
329.554 100.269
906.97 173.138
145.111 900.576
621.006 124.633
532.351 657.087
701.172 308.306
