120.931 541.856
99.4826 350.974
185.468 350.551
413.759 385.301
63.7362 262.466
906.737 410.711
270.348 336.718
348.957 788.77
827.848 72.1078
629.319 784.566
707.453 820.502
328.964 399.648
519.486 961.983
725.901 736.504
95.3849 628.354
212.724 74.7365
605.71 955.233
476.867 604.186
824.601 636.291
488.889 864.842
491.4 348.419
906.743 37.8755
622.266 528.56
791.853 803.982
846.738 484.123
593.652 140.994
158.409 899.677
230.27 853.5
577.153 354.94
456.979 244.895
462.9 500.415
620.735 870.138
698.712 906.411
382.832 97.8302
402.233 561.134
766.173 452.335
190.658 491.511
899.393 698.889
132.252 105.207
906.516 899.704
512.841 105.44
657.973 384.31
230.5 244.28
682.124 466.81
826.515 172.058
745.171 272.422
691.282 656.915
314.467 262.897
816.702 721.933
38.0044 564.296
413.275 732.432
523.897 190.876
907.5 613.394
297.089 91.4295
836.197 257.512
403.149 647.028
119.111 191.951
237.396 419.2
211.939 701.524
906.741 208.437
537.375 275.814
265.506 768.89
99.3851 962.226
824.552 389.185
537.526 543.222
749.003 37.7658
149.227 272.539
383.841 466.547
750.384 594.441
438.542 934.034
761.993 961.997
741.588 186.779
484.997 778.929
316.343 564.089
367.15 194.922
307.062 960.012
220.958 961.829
38.0141 692.299
459.421 38.049
51.8987 74.4792
260.96 629.884
38.0007 902.478
52.633 817.724
487.659 689.507
181.222 783.446
847.997 961.981
283.222 176.305
315.073 867.815
598.385 446.32
198.845 159.676
664.933 242.57
702.507 110.113
741.346 364.033
298.374 479.988
444.649 157.64
178.388 605.846
572.387 704.245
102.783 748.183
897.316 123.236
404.546 854.389
