objects
618.2648225760325 596.6546093867836
208.39857913330144 399.34489853124387
203.2760426818165 336.2175066647365
261.20860386258505 753.4680362798447
901.9495116352595 720.370494557824
181.50199877383892 687.6197323625056
877.883644109304 638.0601590160794
961.2037941336234 421.98210006658906
550.5448531893805 631.9031633334976
745.7480168516768 309.6677433950937
46.48152008855122 508.39894672640776
28.6901789385878 813.6124775385829
794.3906527209189 256.77670890799953
541.3502040803472 571.9091798173351
748.2499094166942 485.0419912433032
793.6942630588934 424.01383950525724
117.527896278935 72.30735047750294
928.5161232045984 519.0309556432542
479.4743017286945 473.2304295034882
393.0177901676531 197.6971692283897
618.5633961939864 135.25779907963457
326.97603944517687 558.9554866627234
236.66734282089 805.8113826915345
799.292239366686 516.0207784958161
833.745624727402 956.2507534048895
624.1677436531808 858.9363624227269
497.10120113139675 719.9925762653215
191.2653312717457 502.1476007631753
579.7076598935547 81.75164739873532
308.837181763661 66.60798875679458
314.3085647700094 659.7865292693674
402.3432686557028 495.401011989475
181.45617170635 760.7055687700106
499.88131688200644 415.5175920185956
364.4869535971719 291.0961405226727
368.4660305680083 82.61720555396249
411.0728788238292 604.4601365618227
618.5617895149048 688.1261043256168
631.940979791253 236.91195537759242
860.378780633744 236.42899738627435
525.2621315553909 130.70442487639815
966.0235520449735 614.4207767580878
814.2015949953428 863.1756825556872
953.9700251213756 950.3181159721208
324.78018967221874 863.6184115709328
381.32258702503435 558.6669385375782
340.7553386726644 812.2433676384798
476.0507620846158 557.8788078969551
301.6936743563736 152.00242879044401
556.2246030293699 264.40486598777835
98.28330642859646 402.5385008053235
725.2528496925736 184.03461063283626
892.3050683928689 41.63295900116104
884.0496129063332 822.9748714964255
54.07047733242693 231.08554517638441
56.34761033570696 746.1412067280992
216.21955868692612 882.4047753540201
708.246487553697 641.3155337385421
389.28540741728045 877.374776361454
309.3375780190233 452.89471630883094
613.4392433383026 964.4110957205683
642.7017177041047 776.2568649167258
229.9104018655142 278.6484805869824
61.397042235006495 920.621058411528
168.40521233478557 281.24379212659466
594.4152597768248 810.2681135704604
306.42630419821893 300.7448255926702
956.8161338740264 172.23455671970967
734.9133547919258 429.37055096775606
74.41566079825465 674.4622875201109
346.98211177920285 932.4622620073344
180.6921820510022 95.10615091491835
117.08458167470356 704.5027762179194
834.8346213788038 374.02978570223155
621.3217159243809 398.5844041198328
119.58390928814669 222.5397216691544
124.07591732295913 814.0964545770943
176.26771610110882 939.2241306515949
62.43162715319306 330.1532750289311
535.750201510567 845.4666157126316
662.0896879100809 98.89411479806955
436.37598009965774 694.3455726361526
140.285725458723 366.3464117720693
748.2183884565815 890.5886596776078
562.9781543589573 174.2285006418983
139.12249728967322 158.31552213927088
342.7577132712593 382.18937168443335
964.0997708437299 334.05788067753394
699.7872490892026 523.2960236597835
606.1899115029297 297.000866108509
279.1362623846775 899.5434642684903
71.76972644866494 580.678142622356
656.0092608303577 918.0946982354621
717.5441337761621 118.0138194263401
319.28636838395124 246.11213454238404
247.06622641785714 574.8636719250516
276.41214942500113 387.18313828718505
796.3648826147653 768.9945485885696
26.912957423053943 446.89095520615837
843.0147596207156 563.1726330934557
32.98128290734887 41.697867936541954
243.82562057754276 75.89433179058236
322.3659923675139 737.1107351935921
429.1720234258954 265.841042230883
798.5306790949342 661.8456516275445
822.8304819176798 303.05888407761404
732.9721292078121 817.3039817794593
870.2676981655925 101.52338567452037
498.86637109389414 607.0028043279867
503.02641929495815 218.09271562904982
913.9867203331692 897.3617697023612
463.81184819844646 157.0520559031833
836.8624847247514 161.40286964736214
26.89446904745129 144.8331126579986
405.87685960864707 806.1305682571698
896.7227280466873 193.41646078783813
255.10031606163184 224.64787715362516
552.2112093728081 752.3320547595089
356.9864433315363 613.4132395854128
126.10093350676317 887.5318606961639
854.6265152154766 424.78469174573706
679.9147358866811 272.82639394555315
805.9870968168144 70.97070379252254
698.777675980371 863.4630732386274
267.45732785041855 691.5822097551694
210.80877133123323 619.7815538985272
341.9512595285547 503.06291893568186
891.8518005878674 294.8946033323532
457.01241782389104 30.58370948648045
282.3695633321955 960.0814669894355
42.59381086653505 968.9601825117302
377.6494382282652 761.1865639642461
786.6671519179271 138.89762855187155
127.79362252087994 549.1846727607001
518.3021212366708 320.8820661246453
