objects
44.10022286557238 146.4561744446909
756.6262993476926 943.8516116199288
353.5284282795086 554.7506422125543
616.1014636174278 898.8648283722716
164.10935381777313 623.1947868331342
191.64164521756763 765.8192209604844
576.9347424219235 64.07772986697485
256.05531359957445 75.63162594933723
802.4182159086771 712.4947884265259
326.1441674861419 686.6230033165825
294.49352364588214 407.72798904694423
786.6512088039302 336.68861796329367
417.9064034311655 820.7893279371118
203.33809396852595 579.1313875932444
316.76433937475946 947.1733726441205
644.5893923891149 783.8404485487642
473.39313366464324 948.8516951253642
541.0733778137775 610.151100375624
471.11536939680525 255.849641493868
108.97168883665306 770.0337163729005
673.5519485961291 637.345064453155
771.4072418469358 533.3554110075405
560.5794647691587 799.406985181116
415.7015375356136 738.7481702502989
849.709739689965 345.55078197640984
413.3683256707228 94.26653499976518
242.3167573445077 434.898140258364
282.8401119262706 467.0815442416739
241.08034533797698 748.7056508092904
940.0331854736314 259.91556523738103
631.373931553706 459.38663941480013
720.5522130337371 726.0037348477172
703.7216565469301 68.3878513853875
776.7899523870287 210.37956441047493
449.55475738762453 878.4840784368516
562.1959978887852 351.29388863200035
296.60628264631254 614.226934387412
184.0236626132 278.2235205599254
701.6939944934774 925.8426850709693
723.5206631815821 828.4042754425742
632.8878129018567 376.72329430570375
647.4943632540314 225.6536916063501
741.36699894534 671.8410050076444
146.2426461143425 505.124797449404
512.462724305983 92.63280868190857
796.9278963805835 896.9373871951193
446.74459480641934 152.53518285345962
793.1182514089622 418.16044468436525
971.384577894764 745.6419613996294
73.15552729638345 458.87557603298274
541.3305496781217 260.8634469901876
886.7458609645901 955.5693742634194
957.2431104121048 893.6519003019656
633.1332631263372 681.7880009258567
429.1171175447154 337.04720678847207
833.3912400574158 517.9448350019245
532.7407719560313 540.3427308964041
130.4961975276368 189.24277841989738
117.95431048920186 944.8705512690841
937.8442179813646 439.9630523021733
445.73132670602746 619.130215679714
966.5528303030032 508.20738904009903
847.6340085814234 413.6241297057901
344.1429835657473 152.19349564518592
419.4526681284727 285.016461656503
240.5757400007776 246.62472841172803
459.8063375687152 411.64680342289597
872.5617940588121 874.0460559505609
256.54564269260976 676.576648189572
535.4144989347323 178.31395803191697
542.6643656014244 408.50785425271795
930.3100481801639 583.1809909394051
247.31062422743508 893.9720222168936
113.30562382782257 303.58319582081106
531.4196070546622 864.2146280923572
195.6905802105822 28.38751546985584
694.3776918310753 305.26754731315674
491.2597425557639 703.4944080584901
37.240551723379994 243.76682714672378
678.8426106562755 541.8289989724021
69.7722688379376 60.99506570355436
948.6868278315397 698.0897670948548
683.7445071276759 135.66006871916818
841.8544771081675 217.80081084772948
286.9915741079912 315.89192349549506
505.0133716817197 324.26237472443125
769.1674666538838 90.64984515241888
213.92282167456477 495.6781979630263
709.947823374146 247.98977179071636
257.7315026865144 576.8438634485855
493.86030235055006 580.0486319343996
881.32145172295 817.0168245880564
768.4418364124817 587.1195079715851
369.66885052468353 443.4737577975611
45.57421758930346 824.9984833300813
498.7776173596855 785.5136758439847
349.90057067683506 322.04603193372265
224.03769311398418 163.5829243977454
284.69186793439957 166.00046437607608
190.20330199187813 220.219153300008
300.149005182571 882.0433212030507
167.65830279965763 90.1919818895174
807.9577117250221 262.81691909650453
51.23472473019288 617.6563536361342
620.5927504650614 166.0575233080003
360.67201700705414 378.2269300988605
550.9477868220335 664.1635155470952
258.6496028086166 949.3381573626675
935.8924489968148 46.524505598846744
106.59772265108558 362.47495323353115
357.5605935078526 99.38755038448532
957.2999375928382 962.3005133712145
172.79820412577766 689.6728541170264
952.6413320069803 106.98075210126682
737.9316361657742 393.26148832661335
831.9199560190928 632.3924441419904
870.8041859424195 131.1617359001071
185.51891188667082 850.1376888977668
825.2547292043273 571.4298418898393
376.3537874349942 783.9429954416261
861.3483105849915 736.9682302771588
209.58776593751008 966.2747711789979
374.0805711647267 641.1977443511818
869.4887032512173 37.97276036026024
308.5914482543774 33.551724096707254
565.2529268997662 953.2652402399452
614.0872788527616 842.0144878895809
159.2549089858448 355.1383011503939
525.5165878438779 36.53447916913913
606.1066141461475 550.015904379739
933.4295741690297 362.48574047923483
460.6916322243842 529.2679794088289
27.02392645955767 338.10583266355917
211.595732940742 364.42773369461094
98.22779858754923 242.08640906488253
