objects
138.02759259030177 208.14347825279822
444.2408143283075 241.04771314559486
109.067156232955 699.9444929349049
345.87943774560273 944.6586184562751
576.0151276968711 349.08159545984023
686.9933235118743 85.86477053232555
430.48406277076117 502.2310643154509
316.02980836077654 805.867729412577
710.2063617886972 695.5301120004739
434.03989365979027 728.4712010255886
259.52361458124517 456.4699164870581
758.6921569666914 626.3830171495912
407.0232995089441 441.50291693910253
829.2421443846853 933.071729463165
65.07431541930627 56.10876994189005
482.7574702521524 443.54439169753454
220.651675132071 620.3694196734936
621.3205729743727 32.40865444999875
85.05561762884483 243.89265864083822
40.225023491883896 778.0801465044489
71.2128294832442 467.3678188401169
545.548823117148 591.9351666386284
155.1567575975924 953.8122688229491
730.0528910373376 889.8467093257576
907.9505620245417 94.22150372699764
682.6219888681314 406.59605581087203
180.4883204299053 486.3361063203389
120.20716257970818 80.42228611608054
859.8583482332353 275.6811703443836
421.08943921800096 128.77414916467944
931.4294508210749 321.77450259459016
776.8264796194246 356.8775435164585
968.1444454403032 103.39988292296562
255.1733074794898 184.46320972021707
52.98123452462667 634.6739323936163
895.7425359662574 820.4874010435725
326.9671207062179 119.37416410497217
548.3384808911406 724.0358875594565
372.13566325934744 306.2374487381434
964.9430836559845 857.931600000501
583.0210662087878 531.4861653855573
191.2269812687553 212.47349114711548
248.47645196457336 817.4013051780577
536.7997907536283 49.259413256121015
232.52355397989464 876.0828999553569
80.90194972108603 867.1375048440007
408.6217282331544 873.835971776071
28.220269281972474 266.40849006007323
326.65696655571816 493.85948588635245
885.4567707443433 686.2066128575049
221.6428183857713 696.1193702916441
484.17397955528423 924.7387220838333
266.59823760896256 387.39905524730585
315.7973954298711 213.71055100143806
926.3285330309654 756.6297956115594
188.75526986154486 319.5004675896991
313.86216561807896 706.7659193786559
286.64791034497847 857.2258366137515
577.3955546327601 419.93279659436445
160.80369465298332 118.87764807689412
936.6172577820505 626.7953592748482
623.3755088860495 385.49578947265036
490.88007603553564 850.0971479246692
882.1913377519063 588.1262183915985
660.0240117278554 209.43810691023745
273.2166098854373 42.18596060482512
350.6885467134111 363.46211100812815
262.0121922548189 764.7950763664825
482.6556147421644 205.93092413000412
802.7992836999487 702.6136943815407
448.61588854414526 603.385530658929
616.3051597154463 300.0506918135423
973.0626919472415 372.79536430851766
619.9173785919877 476.64935566867166
714.5109718836154 472.73857763688073
934.0663893395944 527.8362094297345
765.8529430833873 553.2722638041697
933.0889081881995 469.4051825589765
408.78996245168577 943.6840006925689
644.0922327233985 805.904340429544
279.59705963733404 586.4451456213792
783.703419954516 152.65274012575435
603.0464962487036 881.871146913652
661.207137232618 929.7993654965052
380.73126421420017 755.7960906536315
180.9571794631085 541.1025505088785
744.8868341372355 828.1711666876884
900.0512722675581 427.68675278173436
686.674025870131 643.447697402377
143.9025447447715 585.5495219726645
925.5526568647701 902.6034913920332
925.7079405653761 213.39083894724112
785.658909821064 47.09260697374632
612.5397754595386 84.19430176018375
463.4076229096971 661.8376986285737
967.1692595293426 278.0991656103774
565.3933724980797 223.4960572782241
201.47786059957687 426.14508641970093
742.7266967886154 942.506828143189
385.5601362091 592.0272528710543
132.00881370734854 517.9020953673921
625.5332179916841 639.4041377014264
327.6378665176488 411.34103052707394
486.08265196936213 373.29187389119727
702.4195611668057 765.0907568464286
216.4696172651389 86.65899776202585
699.9863348449478 573.4927265746153
826.5015395355438 780.242703733327
705.122710195517 314.3175885468039
863.1821760828595 743.7825160296345
378.36454914409205 220.28948809900962
244.45852210317437 973.2878839785847
494.58249261550367 155.24423941324142
802.8192233616365 234.85758370919302
858.2820608317146 200.32629586063243
345.4904613437581 34.020028300388205
596.8414314672891 146.14333228882336
97.17318488510287 559.978029363782
766.023940152144 751.906773506491
100.93659510738394 376.72117842835297
893.014718517398 373.17103567117454
457.26610255660967 46.10091410502639
764.5665441842267 297.09825012865485
286.50751642385904 932.8139233680312
550.473053062649 960.5775708886482
517.4514630506327 526.6586697743393
49.92234967315967 151.63686218621905
454.98202299989305 781.7696351244701
32.55221157598319 891.1488855905926
884.5912814887928 495.23405175960977
355.8007810981993 840.6230622306457
900.6272190298139 958.5434623172515
39.56856737401806 351.8285970360294
294.72244844673907 284.8405421166411
122.41750906679215 441.3125632288421
