objects
898.1665479612948 832.2557466115694
626.0673181306448 475.22262305714634
120.29696433962023 323.04733912934756
86.19229170208713 238.38544239628624
125.57050880634948 91.68144953756074
536.6665966939701 614.3429723247891
902.980526619652 421.451781880907
719.1149027210097 519.3870897199671
905.6104173980419 753.0327861063681
477.76692527208616 151.0389498240531
416.7586238699144 641.155793733162
298.0445748268244 376.0034582364586
690.7412354706095 205.0270977016394
79.9812153740647 682.7501759166975
547.2328324829349 188.67154935726484
600.3374731502544 661.1825935685991
780.7649154430303 284.76049780008333
180.03188568194145 392.00914083829025
600.9828676957934 58.42568741712117
342.9852952940919 238.60831864240257
778.7573811911737 417.6264092540991
60.27447739520747 765.9926016798098
239.88395378310344 612.557657136584
544.192686141667 129.43549525608287
310.3649944215565 34.016729860506906
463.30696713196534 505.1082833425125
523.2619605260714 445.7080605571267
214.97112612210404 527.007028047961
178.51228100436876 729.7350552263298
648.7904324089974 928.6358507911657
392.62198301573005 498.7089132697763
186.69273888164386 60.34098905493347
881.9270249791729 627.2131343893749
129.84973094519313 435.8162101873994
841.1121997263243 39.04878619788212
75.22804561214903 564.2182745864313
961.2870732182513 329.94772309738676
750.5819283119368 94.12130770467496
330.4899417145679 529.354646634211
718.1236581605436 463.51199044548673
76.35794956056228 168.98356333287558
619.0815818177844 151.09737305357737
379.3838524927527 429.4882962016772
821.2642239150008 735.838307604749
182.98568490904356 909.5336648932038
231.85152188295572 88.95106509168528
520.5493651660825 960.2798123852064
482.29900694534257 646.7348076897754
27.59488856862286 381.2954051916153
852.6717941676194 948.599087104563
149.50602835566238 161.3511325364558
619.7489814958767 563.7466378629077
300.1735378201243 454.1962567565393
935.9120450913889 591.9568723563322
385.24503408483156 298.11518939401
465.7869851065027 865.3761848287359
388.27687435034227 832.119681893277
175.72439752522118 480.15939251089713
418.24026244316667 218.38837272489928
790.423055124985 852.5721785867405
723.0690170366889 759.2102326212638
145.65518720073348 594.4159968203738
640.8927686397285 290.48050006084196
320.6112272205593 873.472330147475
256.9659030462248 894.3693276982153
822.1516964689744 483.7817436795578
891.0220271092962 93.63602445641357
326.85867963024566 641.8062626866404
242.7396313653105 392.51635784719764
174.3283676520071 655.6413563198428
379.91933201988405 351.8207305558988
733.750356408393 964.6205820707356
35.43931928799953 877.6870375423489
850.4792526853352 299.62553505598413
531.6151048205969 43.617323013982514
673.0155163592792 121.37431651407175
94.30944644288189 925.0292975986063
630.2616607569076 840.4130348918146
756.9704220164496 215.34179464133078
560.9653436279655 287.8261529451078
732.7019766067255 852.2608991362848
876.9868266330211 199.59476139128364
375.79566683819274 680.3363444863177
963.7031324093648 711.3821600528129
480.9829938284449 402.8296854073715
817.6311914984016 352.48399512723995
28.077194042819563 483.3283693978868
443.9859042834584 704.1519032756081
958.1590628733563 274.67220177697726
385.2700068122046 575.0204189518919
280.888153070525 567.9437269529903
26.811015020287705 293.13036211307923
896.0972522526188 353.70930270852324
900.3939068001746 690.7308008827665
38.5643593955477 611.170270117508
247.1739955250197 767.356276384963
734.5180881505617 340.11162592540535
188.80347062691558 850.6618956338787
749.5917609158844 672.3660756761547
917.9817122805401 539.186317885256
546.5549777835347 756.5973056111444
247.23047932679535 271.8776142684586
552.0980020111259 882.0720455550285
62.52616362586535 93.52138811582239
538.4313049123622 498.6119846120344
599.5750797836428 958.5104289099507
858.6009013743168 787.9451797175508
761.8349687099305 618.325230572625
954.5065828637397 33.77467567887986
673.3287002283005 588.9245202392143
255.15663294802852 683.1008978895105
226.78989039388583 959.200730971778
769.401020324456 474.97216452294083
318.10309307206563 185.4958057541257
66.42809094649246 426.08628635628554
136.77197643070954 770.2581198428364
775.6807085973037 789.9899636881795
151.08651193571214 954.3503825179769
580.617064365019 353.5753279784333
708.652024195445 290.945797016081
401.2857960859937 66.4925971499825
301.72997427469517 937.3786976496866
663.5062143117461 40.635584895877145
151.63995321332752 269.90848964119925
40.48796290885663 956.8342578468964
400.53277305169945 964.9250406449685
248.64532802307627 190.41362648385638
651.3213284211338 672.2645082295192
586.8649231994431 225.77356829337046
310.312067836187 768.8456571845492
493.8646336818803 549.4038820794434
440.36905373012223 287.5699509766359
790.0138731787847 165.49756020698683
390.0157467676766 884.9765602511825
784.2648489634795 560.3539621863987
