objects
626.3159054540492 489.7626660591444
790.6001709314171 571.5738139590986
811.9328378755479 686.6569128661444
705.3386617044338 223.33595622738585
307.6694523190444 799.0653645454239
892.1422209796086 191.8334445316496
115.56656951227916 711.673179564669
532.5485360703063 320.2848464791562
824.698728128575 118.42080373132191
119.42956364835732 824.6794916195062
291.3963364525314 262.69540105435874
770.0902080652555 368.55357939860784
280.4297411923958 644.5300522131758
371.13636064126894 677.8593802155395
619.9368066755252 652.5613354483692
918.7499017448511 523.5973174957628
159.5522369215252 902.397279449585
624.6179995048557 867.8659481028717
64.73857587301086 450.0351727359819
514.812629716272 896.9692714166816
508.1076523958536 133.73661949411675
234.52598768920186 344.14450606010934
608.4574674318395 371.8923334585135
943.5163806312498 116.92881230250313
799.2441008182157 886.1507763908365
232.69172581865058 152.94574738103736
289.4948422461265 484.9889742546861
427.75130147916167 161.47340348300114
50.057274235634644 599.2697351711636
610.3216383091984 283.1055975072446
493.59302090039114 433.0663275017412
373.1520457834959 894.9931668950203
664.089300028138 755.3985488895494
837.2907283048843 792.4406727534224
133.28531259221165 228.3606795242287
433.11316808737115 298.3627661708484
514.1563257867762 678.8889911684399
952.6028719462489 752.004449553085
206.85455602263204 65.81496113581484
477.4198322045181 529.2966295882951
675.3368399747673 951.3599027028973
170.6530891137663 627.2108537145505
943.471889313282 265.7578843663672
459.46260450793596 60.42671735925495
646.8453329357392 87.8452507614505
370.89865406191706 452.79494477532336
378.1970799018239 560.7882241509093
562.2794527596184 579.3561464117512
813.4999836331483 270.0231831217444
892.5889585951413 865.6922818454696
