objects
806.290202759249 842.4970318540727
810.3786598882759 221.1894312092537
863.0096409106415 694.2504346519647
652.477795539823 148.4740914620343
538.1335102018884 175.59226394777878
301.2866687472054 140.0316747858699
139.5449542397838 693.6278625788825
525.9543282802592 54.56314171589402
550.2639247386949 721.497600683386
327.74362376163464 803.119623466567
252.15328543575106 343.1641887091515
774.9542502215455 515.2997906621216
584.4282757244487 528.6190385673232
102.60277897281566 45.93441572673428
672.3725699467361 282.0141040367813
228.25415355550243 750.714766071146
905.9190685013131 875.9356968039502
329.60196956314246 671.8861420105951
317.6522827747525 949.7561506898568
124.78660707357943 129.29263508883665
413.80648481601037 870.3039286367294
177.44826467312703 450.9950102369461
145.25138629999353 569.6040292889732
115.20652153717293 789.3479498907583
926.0742113361972 74.41402279713316
62.134158438450896 293.2024482647252
788.2186526498442 357.7307045293607
808.4000897956389 70.75273366254443
471.1413001788947 464.1560644246678
648.9973143514634 731.5652367689916
58.27727020693482 611.7813560844952
663.9802856112516 629.8478729956671
321.83356730238995 496.8308810228462
325.00915170369063 230.40742618521654
393.03919569072485 126.11891749774523
791.0676828701166 601.8861388750141
68.5809447253294 514.508118740535
246.6272165947299 871.0676711914715
414.8013440196674 782.2738518204189
656.9072984154448 428.446890057189
116.26689855095987 362.9781707194789
942.8811439918918 265.3456112600705
587.7335181844534 954.4212237334101
438.0084539710489 216.75145675199786
694.6532370090943 887.5931519780664
927.0055132606225 786.3408053782299
542.3529530712739 295.7968992537492
570.0510301488117 392.53326175298923
408.25329894042375 594.1346254890366
343.9512901314404 49.84204738433583
