objects
512.8297411473492 176.43878504870432
277.5106133058419 881.8135125757265
409.33896434769474 321.2785036271495
935.3933138571708 441.3097473996496
484.339616010248 410.85418099734676
908.5253844482104 326.56666260752934
618.1926776700317 821.8086047160849
191.9651986761025 96.03918048698273
913.8570113688671 751.2263364672841
115.84520154308612 706.8307346608594
162.75726278788093 842.3095563378519
80.4578354446962 604.2019728694835
611.2410456673308 101.00243086053928
879.9549138460213 174.96122949388604
102.86061875037522 517.0566935291857
571.2571635975064 479.78212473272646
684.8220137545899 174.52939301866326
289.51365169562376 88.0979717827667
857.4108535088327 652.3942663750049
933.8793627902625 923.0924008033663
430.67776064678367 607.8261845133121
748.6147338389874 509.08885946306737
89.95467969937692 259.8997815230859
432.8364782883744 867.3340912441868
231.20859629192555 512.4265985733597
853.4521319742589 60.17882532771268
401.2371648541141 64.99665069389411
208.24638604436214 344.5522558600308
773.8717390053755 423.9369504280947
650.1419196791541 713.3857501117353
362.9975923042881 699.6850973509167
520.1365424832775 666.402789998903
221.68573375578032 744.838448881189
565.329093469807 928.5465900341587
515.4083647381934 808.0353499389245
819.868841917275 938.0577736105562
370.82939390459205 208.3792375362742
594.1349399322199 237.55129259227044
697.2189540777608 334.12524752608107
315.02809490822114 366.17611993682254
253.18476435016805 616.5576185623407
948.7469431343519 669.9604194735148
91.20127934647209 104.07730208149854
385.8488726564741 447.18173596936475
659.3380344439573 590.1418166083075
271.6216862036825 254.0178982066784
812.6224758738927 327.53737802098726
564.7600158497276 329.97358547327053
757.4887329145365 635.764325925488
48.5132321802451 951.5943755252234
