objects
947.5722046315217 82.44761003361782
483.1076619841741 168.4688557918042
490.22089224420785 335.2247377580208
383.6951539480355 70.90828233726204
637.9803169302551 607.1457984609543
133.06587853544156 243.67709825338056
567.8255695402685 73.19525916056406
267.3320371847106 952.1436679732432
744.1715788433934 815.1558980609407
231.80169460305066 599.5963051061622
750.0990893382829 417.95008828572827
394.12168106643514 377.36442955827465
93.29063244883947 820.5699171279219
277.6327157320255 96.08429360408525
527.1006245316487 526.9391883656881
277.31052220055574 480.75062566898833
842.0231944192734 677.863081421468
478.55702096529757 917.2387358045861
587.598540933461 320.13838188966724
112.35392934553283 646.7813087173639
908.1214212968249 329.9573141270673
835.165482724069 577.817612353009
905.8769438179695 179.13140391658578
198.59335701916373 160.2709879526685
845.2484711513985 428.093726267671
177.46235833516965 780.9330293611205
299.6489366518679 850.2299531488923
807.7960813641021 909.3354818810298
454.33378214082467 632.7720589523777
677.5596319525824 496.77921400260226
371.8879897667972 686.370526999238
496.7739857137862 779.6045598511672
93.49965568588001 155.10635950429125
359.0263636108144 783.0123054845586
907.3800402583928 779.7831580755156
805.5199987893105 257.56698267186323
582.187844173559 217.9420181045858
341.4346757594743 566.2159036524753
394.1519458131833 160.27690863321894
73.88490978603748 909.9918420446152
300.994649738278 301.46711889807665
777.1985235404846 143.72260407347696
277.20803755498076 199.08340498620814
174.36344841685147 320.28637507473877
400.32221270576474 281.6340333953905
95.89232349596823 47.29201830567103
136.90090898722224 537.9712877676429
602.5652188434784 912.0661186173888
647.8554101634675 407.4726268200796
658.2468053553997 809.1991613336974
