objects
456.4667198555942 217.93576298385756
712.6128200936711 458.53461497050085
355.2700541472216 679.9765852033481
824.2309304221603 884.4376965876719
407.3956830508775 846.90095265585
452.7836859301067 595.3416638136608
51.28827325092307 155.92442820786383
631.9582966820037 686.3537507566011
625.6523653260093 285.7421394287036
753.8021441604284 977.4327447722924
824.3396863392911 27.60363719739432
441.62782441281814 923.4970537939737
640.0939411147153 586.4662815848142
127.01563541863915 282.6691067866907
910.0171042192839 515.1175995414583
136.5809200089456 866.7157188257597
63.03835288483613 499.5534455961532
357.56355018245085 628.5920972813055
941.7501376117193 978.9166774174431
793.782608313336 298.19629876694245
391.54489816399433 112.82655539058948
674.7830331882665 673.8543326318945
173.48326422731023 540.733888730678
228.19733904635626 368.9876546281987
277.4978441962898 322.5891419197706
816.3945127419354 566.0040891586251
406.75732174093696 510.872997225979
717.6077725002767 651.318453071779
251.95431718804164 796.9838032261239
767.8907964966177 217.9160473608849
751.3271661854612 336.37932705727314
262.18039006027533 886.3824209389451
474.3211136905331 847.4066625340872
931.3445410376623 453.16292675316356
843.9431450466889 107.87248641470049
277.5364839240656 135.8455758605502
525.0334729536887 237.8633692845727
683.8161932194956 277.13554274715034
535.5736042537696 479.6181184803463
56.781955131485375 625.6406084791688
660.9801692084058 49.14744183079526
274.4231865242966 415.10290415661706
872.5219430330403 365.3088378673381
588.9377933431527 828.3546490869054
647.8338734104602 466.3578100806976
314.5115370071907 477.53352812651417
161.52774188157667 61.25196842565924
750.6433784252698 806.3718786438112
349.669789291965 956.0556052425036
711.5785402509234 825.4904864386747
924.4860172481891 638.7944749759804
20.079535723345888 642.0082910336431
569.6561196387927 45.725602917534665
867.3967292998735 843.2735312132289
53.857660933503 676.2831990882243
723.5341535820315 186.1937219958058
381.0558479578299 918.3829114106568
762.5274023587945 169.7464877465949
598.5875283986837 947.8145577385051
642.222210611386 173.41911869217162
367.0129887663157 364.0439759961139
705.1510330133647 781.5087335162079
155.7870562789811 708.4759790335036
237.35577337330614 188.8280895734838
730.707268099154 390.82863454295824
872.7446128904413 783.522287259133
460.99398728076403 529.4266810058225
410.053004771351 462.07461640547353
704.5943899396069 895.2070514002698
914.0859632234349 204.83283002279097
815.5110163886113 978.8739805462417
747.6857877739143 510.2514990898478
531.333484392433 797.4321404067733
547.5101930609277 277.9932197868542
324.63473996891787 760.1939355603186
771.6455398080855 80.1664581114549
690.1874957403605 587.9254162485846
682.4795367951467 856.005719267691
314.1273684914359 809.5202828361305
632.919059760444 521.5237088224653
806.9914941699612 437.93915987759704
978.4676822961624 165.07990126780845
624.8392126218208 420.95125332493456
76.57245251379146 950.5450668419621
412.1885728713258 47.042972302715604
71.63088137113 65.11818058796062
880.8647861720395 47.75995129806839
128.866893542059 909.1280886581294
536.9162353390626 939.5995403904898
337.7915844438544 88.89192164600126
818.8868689834737 703.0577759823863
184.56775802660715 751.7494751248802
148.91444333596937 193.04083917403858
612.0703163017718 241.33488526093092
740.573980573136 25.834916233774518
395.37491540469216 185.50887247698242
191.27758860390702 862.0814247779678
25.05896456519249 71.56345141058489
663.2523518056311 897.9689409492416
196.02296626724893 175.24636333266247
104.18361967831022 656.7717769879864
128.68574157392067 355.131523536271
773.9257624742987 722.8984899044402
954.6462437975447 315.3180374750758
817.0172148147484 523.2487570540394
32.205626221985284 198.70397832951627
403.23581279840386 787.6238305769065
97.79638398312866 316.39320235529834
200.27143962248746 602.6709692029651
270.2985897916095 257.7297219896842
198.70705273401106 325.82299712679185
916.00738390817 802.3796220543477
957.9298127287957 399.50001774533365
565.411324230384 693.8427896459549
697.407351206086 95.25056911014501
686.4271780823733 538.8002217237549
337.5645306094243 568.0205560944016
650.029027286648 353.881987628541
927.9410482146194 41.36375924425039
608.2201108488354 141.5062779994359
51.59855075635714 545.9487749852333
137.75131626335087 108.38411468184934
547.7011901635102 140.71596507140796
972.0473022327939 68.78726110059438
237.76865380776567 285.9558628009646
529.7563617438891 574.8099407609517
734.3680764163045 241.0387827542447
494.87394261879075 443.9809244843002
49.285917671412705 904.2361429519632
860.677350325059 174.12803614160308
939.9475261436712 275.56115562600286
526.30962542701 45.68233367285535
869.4069870150266 438.96083866721693
964.188654187065 944.8644774639437
733.918294842229 601.2065497079739
946.0968109133611 710.643339602731
154.49869167526487 440.1275297974849
273.50515150850543 524.8819910025599
357.32726963217385 49.79884131948161
293.21054431660656 629.7673539269464
74.85336555020736 445.4951375331484
811.3559472505544 798.4998874036453
311.37160043046293 666.7556867598912
846.8915179448095 310.3739755319316
876.9465352345675 926.8645863475534
224.65653852070304 31.7627165718838
48.27086888112628 385.6670099834939
559.7429505415596 392.3933810409819
445.78287502653217 695.1001012328969
135.02212709097864 595.2488284118967
446.04695813409035 414.16876549200776
541.0811692972964 86.47887657804478
176.2357830239283 99.41449830148296
243.66651128947123 621.4462297505396
382.40131278682946 548.6894956261089
798.1976194847929 929.2504598452895
966.8560436840155 856.3722414793472
58.46329815673434 731.7769031815419
538.2821820781917 189.89636414908693
350.2451496427879 830.2830744663083
