objects
519.1795413761976 940.0793725128144
676.7179087759154 904.3285971550329
302.70337344276464 367.39362827351897
800.3436440413916 901.4134554601466
942.8381930120441 841.7870606606734
669.1139829865646 442.67057138673573
66.53958660027598 317.20143089897897
20.266519179567354 632.4687986862156
840.9518320929512 725.0156528446265
394.9026277756546 475.2167662274516
810.1302260963306 430.9424042202982
525.8689882475072 827.9844910451169
979.8414736009214 341.1414254842987
574.0975697476337 120.22476004915296
460.7698341365301 708.6976585656959
427.95793115462396 211.43387546697977
902.218076104649 179.04205881956267
568.3792178910941 674.5564344080155
966.3753014303152 422.0135668517276
708.7657358649957 103.18584563092384
479.8294712005652 830.3729434278614
111.89066723867401 383.26184704564736
540.3287143014715 249.46853588238326
292.67355917105664 809.59235924199
676.7661071899099 394.61194066615707
316.8256693555355 221.12037871885568
561.4649675477884 852.3735974476157
935.6019773348963 568.9090466958942
409.20369236120405 137.05295597015362
612.2073290447811 360.67191637572506
595.76812238213 488.28528457266316
350.5487425384907 475.03067088927344
896.6495792242645 614.1261939233397
810.6750064247011 46.999623445579424
291.58295772209976 151.53770722041202
623.6641698021498 953.2613307328816
694.4997656037173 141.2880454870825
626.8708928384873 302.3511471445262
573.2961598242692 353.2237080527063
646.1240708549499 744.9061544808436
481.658327494359 47.2802845877531
855.3573452985996 514.9050050229266
67.2188928357996 422.66364728047347
236.03076962261048 907.839912400236
174.26108539332682 709.7613598074383
112.23223225850897 648.9847101493206
526.9377710630596 96.400565211854
194.54989880684516 335.6954020158544
85.08810131610107 255.4128958333531
874.1006574326827 232.95748435179382
454.412488662589 95.08865087816577
898.3408137686557 712.7927333714678
941.6887162877147 938.4996301983908
158.5111411233538 259.1747612560817
639.1235590949808 835.2233246929162
423.82862793361335 594.9818828763856
462.2817504990413 889.2708042373213
817.8088119425513 541.0199708967119
536.9690467724309 160.63019185147198
310.19252548325346 767.3879108719052
656.2257717704114 23.027780525630174
945.1519922890118 130.95876722524673
89.28812642953012 785.4048362889349
481.2832192945206 287.21203707577706
722.5697604725199 820.7799575074729
309.4218647003663 717.4878552886925
283.5620295735798 26.35481436899662
68.14790707722855 728.3551642639402
357.9175441022184 548.4517528562841
856.2066668583946 848.7071088100395
849.1342754027861 424.01900467231195
550.5240300976193 617.2528710913397
941.7708978417161 174.8428017567825
405.099949283715 964.7288521168252
191.64456135963195 538.4898402891058
658.26775781186 269.05568047872515
70.70761413800498 651.8364365718417
199.83000950655978 805.9880780547002
970.2331189807026 690.7001392818803
907.0487740507724 274.4378404592194
747.7576548125018 533.8992782422081
891.4030368861269 66.75046070287294
917.6670751629507 33.38347975151225
943.5027604721363 69.800498636832
207.5996400838185 589.3541794975924
898.6888809651738 815.7725535045244
211.8157954927937 504.1604140861215
592.1496880250501 186.6636453393682
47.587074012755075 495.0581134274895
122.62157386138551 54.11716049888888
305.63479316114945 670.9148718869135
822.457872481639 311.43233059948506
791.0092435383986 631.4730012539947
309.6851034930618 594.8731909148001
619.3015548083455 56.03619504413291
200.08684373880848 177.06646212450283
299.8288915000924 79.64221410745776
522.1545807688912 730.4785685832469
145.6787094875948 821.4662648774154
109.34109734888781 538.7541471119832
64.30402813827955 56.581444063481555
326.8229775012043 110.60352030829954
279.9980746268981 943.7833285083567
737.938677842012 885.0273365733648
653.4352768271849 673.4589568153458
903.2834273938253 451.62185845984175
522.3271191732122 559.0763164014463
337.98604055423294 161.04946130218372
730.6711469364402 279.0192590368767
585.3899836839113 815.8165006649908
56.64001893222425 596.7875205689081
129.56634888319925 878.8190869202708
356.76308411270975 331.5920494042059
319.78502927677783 850.2802853038776
817.7174653141055 140.9495741252104
189.00825550451393 434.7134936735758
243.71516653174785 280.8350696699981
91.49431016410132 25.478737545284016
630.1796597270188 140.39336673797104
854.1049873246568 780.9314748657268
949.0364633755768 464.34727764535376
966.4442309911943 753.7149992081366
558.9808743304602 967.8476725464977
125.9055744935191 179.4851398990909
853.6919522813309 75.16559567619883
145.19764305081907 215.0323031559373
401.6270742479632 874.9529574440536
634.2525232462093 214.65218847436515
128.0416756455339 771.470320671138
434.8411789684606 932.0865357335462
594.4032797177382 229.56987694240055
344.5649661689134 923.7185525902953
159.7426246043259 908.1268675388409
827.0108838349718 608.9426318708571
218.24032817906976 970.4053923773573
375.93613622931724 294.45663675722056
59.25873585302405 818.0424797936794
788.6655970353921 184.5090588674511
826.8496030754964 482.92217676822975
120.70255342471694 725.6422392010661
555.3016045107086 488.37177295554994
447.71498259257254 653.361085577559
621.0638767372088 432.80210254772965
913.8987495929484 906.2549098938179
685.544993444053 697.632127375442
891.9536187064955 404.03912084466526
506.3981907714671 356.34133639237706
966.2170612907692 263.08346630122765
143.9123575550401 964.0330372686605
784.5986747036062 842.1291268390464
355.9423294940399 429.68492965872593
632.457205602022 510.4387632421318
38.37249663792092 540.6202949353749
365.4135456452956 591.086155254326
214.48193560668048 649.2354691384412
867.396187732064 571.5595923669066
196.10097823844495 42.262272295753604
789.1009623212013 80.16431062231902
676.2293520357912 628.9679447876105
268.4192498357838 861.3984396151405
