objects
441.3616950006779 26.95832386664575
140.03962277100675 213.99502205974767
402.0767858064992 180.6051432144462
590.1574247869988 404.5876623426693
205.96925345046586 710.7381851515955
256.8091893148479 798.9543727905914
182.02979430582897 654.7930000684418
478.2881131427238 772.9698361734033
531.9329351941327 404.1980614423018
944.5451670590912 707.5392505480725
549.7804775924027 156.0903756978112
641.3562009079685 469.93332307675377
300.5666520225339 247.91574630941645
750.4729841944899 368.65521012394
254.08788657200608 534.8677109703425
445.8560605095516 673.4702273231424
270.9715365159464 439.4634217307546
328.85159714946843 361.3312114920054
308.142386292132 951.6763169032477
307.55108144264835 733.3257821726617
163.13163309617917 931.2780308038548
425.71643818569487 862.690680980673
386.0930353333536 335.3510266174467
184.46056273847165 270.1719286421172
802.4571348654404 331.45240366762647
315.62148508430755 659.9758499796984
74.23333607884219 617.4135697099142
757.7227822039246 632.7577187116909
52.614015667412104 900.9545380685512
380.32406606059425 860.6536384796741
841.0647161341649 139.42562107910658
937.403746759103 293.78412543911895
446.1765066899201 222.5341466570917
870.5208220113689 516.8408570569774
27.260931098015398 933.7109682606081
631.6448001468899 816.1053788065752
329.2165332726455 506.44850732795277
602.8866967104971 900.8380646032368
899.4418952297217 883.7476348252225
672.9601661481183 952.9391560344981
529.8038570350408 202.23113339871657
904.3855033025987 743.5489172080913
399.14520270325875 976.1388121531642
605.8710608623253 708.4303650133863
651.3934749976222 850.8259911865276
158.92859040924654 775.3613986091642
973.9142191526404 72.2156919965124
808.9075543243849 713.4638618037259
141.4057681428917 483.4498340063135
295.38441892901585 827.1016993346352
82.37050594210972 287.3480574925253
927.6218431390276 58.42574987095465
34.42954070470065 857.2625422967434
700.4168961885176 813.3968544973583
479.3716661681168 536.2455599994207
38.51233183110962 517.1633006664529
196.82420984559076 506.1218912708067
891.1314846090945 40.7811334007261
91.0297038350806 224.85985265913823
565.1806138715693 101.52900594099559
477.7607463813939 145.89587569253504
204.10591668565866 424.16098885475736
637.5447215865422 587.0119378268081
112.14814557523628 819.7427222264437
532.763605692713 780.3523673253512
787.3892896145934 866.2498481452741
644.0711135092794 350.7673464368634
189.66203185319438 190.98599229360485
530.3123740512491 251.0571159765225
653.8520912778855 898.447381831537
848.9138436397863 64.9864416097635
222.35142093442602 666.6744684944532
557.9353001333449 875.2137681469824
486.5621366157087 636.228298365202
264.35817072049815 934.8202840132441
316.11622783239505 323.05278016124737
833.3404365672769 442.8977275181698
264.2429966442547 294.2781994247616
334.6284263610632 207.37275211316336
713.3472736599949 98.45080048415969
836.0235598522964 946.0549877475701
23.88987205070091 100.45234520814353
831.6060957223983 178.50147588498277
427.64238353113984 428.18063751778146
904.8709217482582 324.5141197300272
115.4594123539789 594.7576174154492
368.9556280391617 235.24919035021085
121.45258345801342 528.1983192116945
915.7558436584156 188.54398044446114
920.5218014597012 104.47521125598999
255.18544451980713 578.4594679251632
407.5692596745132 731.2849980432267
482.6449546397894 874.9299674087205
571.1622375783792 801.3489228776089
73.39290917363601 446.084677979237
21.001319463801522 779.446484865207
74.42612324206027 185.50505357173142
525.2291496306906 93.21104025222041
960.5889508733943 216.60027270629442
563.4862924271381 662.716113776498
800.1597468717029 913.6823541332939
288.20630795738117 76.61797625641323
349.7317620906583 802.3587748936224
415.280058964717 119.31893339459944
638.029473733743 740.8772653165213
109.88231611562387 349.0156879089911
330.78604200252187 885.0812684465316
590.3132216720735 254.31132965566172
178.18857940763647 62.79460882656018
728.5180740837609 883.1744146374131
908.2566799920346 949.3123275415376
883.0468132543976 835.9981878257644
750.8267687964517 769.9019291743423
262.0925439083865 657.9351324250935
709.5690536466162 419.84975976075566
370.04129820108136 90.53491063675378
220.7087971838339 349.8715631311667
162.42472916571072 21.664561632699364
966.8063682160873 548.4840753136093
358.9070929399945 587.4207962463931
180.72299366110659 106.73532757122403
279.4090961448388 207.98213930147276
748.3557490534635 257.2187993084894
551.1847754550266 568.4033186907485
851.8920526855425 879.0773459036828
274.3452394988085 973.3571154118349
234.47818739157248 874.8612393532715
632.9026286209203 161.76586125360487
128.93903204866024 300.47541583949607
807.7208976454306 584.1437023210789
617.7593220029496 118.85807192014092
50.517325614302734 353.0603979394776
749.7559423540793 425.4244605511801
709.6328473636587 543.7652206789456
91.70449524128755 79.60587100878995
773.4374865923028 98.15584741735134
841.5239392321298 788.6648669484564
220.19339590647266 153.25575772076454
524.577026658 602.845965905225
283.146150455208 131.59221058783763
786.7263616386035 818.035678545758
369.72088508538974 297.1494298842581
702.7795348736029 250.63220592562902
666.0488334627445 438.51475707806503
938.0797534884354 420.5297331543826
918.2329721571033 807.2439828831299
656.5200707151282 84.41079400201505
977.4543490495693 465.88057947652624
109.33458656030302 965.3672362885311
458.04080053820275 574.0958542400763
964.1753429438861 933.9080765225586
160.39591214374698 543.7481573023243
241.12440112510438 489.43571043766053
269.72522256312885 716.4792261049544
162.89344697346766 431.6112775403906
488.75257526053167 279.0638910082237
383.945329550388 515.5560954568815
546.6008940957443 478.8336622217899
661.9282497445544 535.2918320801205
665.1239807073905 649.7207980084363
