objects
149.74361593971219 974.5292061502392
240.1485139599632 304.9926475900044
932.86582620593 658.4628808842784
225.94710449419776 686.8789608278558
429.39971440295267 489.85429017886713
823.362332292731 186.3422812498706
237.99084841885767 175.57424110754457
256.9173819600745 817.0893917491615
31.291810034215903 50.174970382246435
814.4367890076511 888.3532073136472
269.48519617585697 247.68072109236502
126.78011833928201 418.46124918693056
644.016408585411 167.04981247344304
338.55489839053706 301.09763296012443
457.5328270710121 321.2802421760272
368.0126017820737 619.790657758639
309.35847510330166 819.7238271766548
700.1706214940292 78.7652087515539
355.54981023012465 909.8694853576078
136.14507129076557 906.2701269565205
660.8712292964177 771.0353118429805
927.4613592896267 563.864039202581
594.6838577172754 841.3269318486949
489.6344805793928 399.7988363537085
601.2451195197979 700.386183976774
276.42791677522496 67.39170595138124
362.1251255986462 576.9755839763047
828.0577770044895 115.31928346087223
730.1005502245314 784.4808465102917
949.1012495763824 806.1957321671465
766.6071055661948 556.5441819121008
876.7403626627623 769.8653243133218
263.9356909803159 571.5085954142584
135.6440681684734 583.881003960422
855.6089152518947 872.7060177181339
902.1268437001099 847.7779582907123
900.971690137303 161.32405713641296
77.26481571295216 353.9614055888302
850.1808046598195 441.84944625968944
375.1226765149257 337.3373745313307
629.5143923793205 22.823075137652584
285.2017055091339 432.297237568111
610.500989079785 258.00415700685403
40.27201395245199 786.5152187464936
805.3119401866879 26.79552380261599
724.5993218704807 926.778145923464
886.9237119292968 650.7094569352164
716.6342568453383 553.6212727074758
932.9083759040717 938.2060622428204
693.1113426678197 375.07081087267755
272.3129853879801 154.1851826081148
348.24709637041104 529.5444068126451
881.1323780188516 579.4637167324903
727.6502448509058 257.30079724917545
686.13320049541 453.94840842175586
207.18718825194253 517.3071854744595
353.16383716806473 398.3295115240362
350.1024840072061 451.9294739668028
28.472800073411026 861.5697703564374
287.59485907345686 738.2009346618541
43.80167871108898 442.05751107070574
564.1906071783861 291.0510252718259
25.88705352334294 381.832082690826
87.4905248264684 582.2784703727268
395.0787528495042 81.40178193761976
401.58524484601816 124.86705258093406
838.9467868761416 805.7784187876889
228.74680445990313 431.12844218844845
334.0073859035636 974.6607680522742
974.3470149224223 22.76312906131321
181.41412387603387 800.6613511335784
164.14369537253086 344.8299165551824
650.83912481833 534.3647080684768
373.92004432504564 786.2813388108743
52.77332605283047 225.73787480637193
560.5060363267872 716.8622232089231
953.7514781015498 741.9632726192025
441.42158897601905 684.7191103234398
52.87205087710356 139.97126880549447
59.831224358115605 84.4531464916067
227.79866073153954 94.44267372856591
739.7946189291077 217.60255701368945
835.2967495217565 340.5419310065891
621.8953285626426 330.48574502755196
485.73034647834044 214.50932246744128
539.8777967196056 753.2078320391745
547.4551279743445 837.2006277074275
89.65401995011025 498.5713386856359
29.842040816450762 500.70017918412225
287.9255653384011 106.45848684829697
295.93296119976884 28.16252630154691
594.7977117530003 69.86478453347003
691.5048772304659 277.83935050039156
133.92658700466603 46.31180321256963
242.29280286301523 964.904912936397
565.2632285183179 960.8207890213174
94.2581512895267 176.75588309975004
204.08145467606818 627.9562065397289
222.26614838904226 781.1219965694597
199.54133853169418 570.2508801859661
630.8951108441995 815.3560735446304
860.0319072895003 239.05272873457344
761.2340320590445 502.3090199564635
651.029206786594 594.5950844652208
101.66324754632574 741.0753677398743
395.60444542754686 437.7620939861453
740.6807746991387 427.11416680995484
907.2402306220489 905.6598186885467
195.56739384844843 259.64377686664074
194.62517457752446 858.2657132417946
677.4959504047828 850.728162657829
49.210882650349035 277.20018111452816
878.3613861741189 496.5408537838865
178.9043161127204 177.4557297285991
598.5428301223359 621.6237546055851
666.4087180100602 673.6747497365355
916.3596635714373 435.60620779767686
591.6071240629999 425.4426249811502
647.7408525939171 296.8550244376328
793.6353488451089 246.88663452273673
133.87533999858007 512.2743961223861
739.3753264962191 963.2174996285867
333.2086981881528 218.0087550793778
267.351902277894 659.7110122914621
417.438809618045 882.7372240957718
297.7832430856236 291.84149072911094
848.6968725243954 527.0899323267212
529.1764548510234 320.5305732780931
28.90946614677134 647.0613465617271
36.25584340887401 979.8577736043608
957.0011990663488 246.5433696473414
572.0767827506093 197.63864922658746
909.2841394884398 252.21459936258904
966.3152462590378 421.5590474194144
470.94491650806737 941.0949508909799
477.3902866498147 818.1703740828797
152.12512827353427 293.0747349461791
809.0714809035385 625.6838150475494
107.20758979946349 818.265975552689
546.3234397945589 440.24400239898887
325.9634260147251 646.0983331760934
234.90371661733798 476.027326956785
334.9288987579205 754.3990602988168
755.5289575047343 76.24955183984362
621.9600680990778 908.0672037298312
327.4353078194606 175.66090869427626
570.5770222202193 559.9784382464402
516.7548654477589 862.0831286447509
549.7470385195614 113.34085001347638
972.850698648515 851.5875145048299
973.7367523095988 646.1599661657241
84.13661144607043 48.976322083530974
196.3915346056989 386.5201619764318
609.8821584729737 122.08701680700919
829.7152999305029 661.8291510286195
129.44443844931345 631.7861837750444
527.2254110765939 191.32953175982902
240.209703118076 872.4444912194454
963.5081061048164 162.93452179471973
489.0472448610139 696.8551472124377
