objects
403.7594897283777 904.4380815730028
469.85909667006166 295.52643958857925
919.5910472829063 391.5848170089538
882.4531561337403 292.05785729192957
41.21301436449809 515.1099843393737
87.42523176946206 89.81686679066924
567.4555292518313 295.4933391076434
434.90024937438517 449.97998918953743
382.49645684014735 851.351965023473
756.9168040706538 489.1357275787092
844.7634689195262 462.2856382722145
83.21116442977004 267.74060687116497
627.0921752390605 653.9345853688135
552.827811293399 104.47201828562623
39.944787887372435 775.2110009510315
771.267043223115 627.1699762281519
414.1387507386354 971.6595390869564
20.382661057350624 337.2911194787366
85.32976647305223 150.95107785532866
930.9967004333536 901.2152928752329
622.584611704185 719.4620504780398
486.7611093095295 697.5989299034267
483.5975322245258 626.793623836313
805.8185989887226 953.0128345582533
550.3278036654443 631.0607288317515
824.0295289915139 530.281675132041
450.5925644567255 376.37976605468333
249.7579347646366 552.693909982216
676.3633170503954 433.65556413313817
474.6598775962957 951.4984464152174
358.3225057358382 429.133596860943
48.58754792187175 877.4930619416903
196.99863815145014 749.1778408596512
905.2038784494438 694.651063475805
958.6628489788255 523.651499311506
836.1498800043651 882.41779279
748.6244789892485 932.7959744458632
782.009107740133 26.151830214578524
921.832229810732 950.312261382743
558.1331641154021 751.1733427044167
367.86418609917985 334.9783217611932
313.6798342997557 545.6781698685436
427.1765131920102 261.88818707785344
823.0437354082349 212.80920861751997
963.0852011623358 697.2845031215064
33.65973129119883 839.8128209615654
290.630368284286 387.72194192299685
718.0949587445905 145.80139835627676
730.4286693736516 305.3966340824181
578.3794708814695 866.6099277415605
735.2237006151635 533.415970265024
268.565611939676 271.2809231883523
357.12267702738706 707.3276165977118
623.036490306873 222.49039263735415
762.0389591209203 885.4058985618492
150.27844379640965 36.894838335101056
847.2547653153448 322.0306758589528
213.3900279107068 331.3908788125136
687.800337917254 504.0619673617
876.0982769750896 747.9092693202932
731.6359980225347 797.2251727260024
862.0518167820867 678.561619718327
809.7476977325147 169.02184902339215
51.51950883181636 957.3889320990149
158.15507636741665 110.68480416970755
344.8001528981338 631.1705260355147
69.13820764669723 681.7217388086661
192.9014525498318 396.9212419815356
112.25009998782147 585.1760225071295
221.71146463110207 98.28949892976651
834.5715723758213 279.6429803997316
935.7513048322883 191.14775835390319
487.38011958737997 45.2196980134518
295.9422748302551 42.93222661411802
895.350340097262 207.73470176427315
733.3157334674044 687.0500165526782
427.9860511784011 159.23857784385157
647.4082424462166 368.22463832463774
32.54941633465159 629.5464141668541
489.520349601754 562.6275997816535
239.2258686437046 395.77504502053273
447.5483897871726 42.34808859894933
631.8206794268164 929.2866825848026
202.16371367813505 202.84037879960263
74.66564491961292 918.4710872821839
953.5582138945852 614.1359839654532
182.19208631999317 801.0474363902927
219.9343709550168 486.55733327897184
126.03287399738667 535.10751771844
971.8032677482773 366.4786594841104
854.7268260224117 141.43683189622675
430.9308710906482 618.9365278329906
356.909661669545 813.2436686676562
299.02928919729413 811.5191295747127
344.17739503722834 476.8177594427506
201.94935716474018 702.702102505553
676.423968520734 694.9733931773138
805.2082698277767 857.242930503605
63.33280884314557 434.38267982747817
637.7549089653907 271.4625001699944
834.9332072920818 923.7751416893013
139.7831745277324 479.9025723200184
52.011039674884984 19.950798833898403
812.0327908669996 724.362065873512
223.5578864455193 935.1193362698268
176.97741155154822 533.8052822718455
254.32990821421947 807.782986807382
736.2101571092895 253.4356552927737
874.4660615557277 521.6696197541444
958.5111685212897 809.0982990032091
751.4120757724909 419.8529657929711
116.81620461998945 826.2755092749655
326.80763768193424 735.7769442852451
600.3046876488357 345.20221044030677
865.7056353706023 852.6807801158267
186.57227674957443 63.03106508776858
783.862870423577 807.897523965867
945.5807472988365 738.1438719228008
967.7001206933018 945.8756137539154
128.40767283942472 915.5866577877813
921.7192829388225 487.1602836015561
414.22756465378677 341.47876154599055
141.0880322749588 386.35399357973813
748.721936277986 371.06791752422595
566.4653907527742 976.5368504874664
977.1721960507858 35.88907421840784
67.2122593913966 562.6845464102729
731.5637626122448 747.9556992500808
895.336499227572 625.2578571926472
316.42623013839034 232.9453568362145
690.9000384693034 59.33561428109559
398.3543023863833 591.1444825050316
378.75446839615233 498.5704961157242
454.5718958463563 536.021867463665
410.5075263206278 805.1687575528068
166.395629428533 602.8392286686064
534.5785342997617 683.6488668599396
338.34913165214914 862.9458281097676
675.800304767576 544.3052406213757
478.24281863647985 242.00605595714612
862.0042001223189 79.79242451358935
549.9934755394714 473.8467413636449
273.2250979050171 344.7953290868586
279.79201735717004 862.736488912428
649.6945004015406 758.1094128791136
807.9660926700257 490.71410760265786
53.460177646391614 232.83137465862634
404.0563397331923 379.54115622838765
369.2546703956447 553.8798871795581
556.3714492175791 422.38739472378535
276.85885665740767 592.1782647607503
140.12741639856878 663.5745489844034
279.7776838995362 90.73355108269587
290.9728149630399 954.3946543472981
502.28523157793416 868.1666194628043
972.8948317202661 232.60458326688075
589.53578621184 475.973470749854
192.40811840286048 452.1589079212305
838.0685229540742 789.9808740229761
651.0053329916094 99.95753253345768
