393.727 334.975
550.834 962.173
842.195 152.798
54.4145 207.287
694.335 960.704
300.858 112.397
847.698 751.188
128.788 256.004
92.6252 659.542
647.688 112.307
699.888 562.818
322.862 383.703
84.9107 38.0036
649.352 246.987
38.0841 940.365
521.322 881.396
289.542 799.918
207.458 391.278
518.684 50.0488
595.964 368.29
138.183 585.955
55.3347 300.733
277.1 456.523
91.2144 397.367
128.52 834.849
635.199 740.784
339.782 524.559
769.022 511.667
223.771 744.511
476.506 483.175
907.1 311.649
170.857 922.74
201.207 496.981
354.193 743.206
437.579 219.216
678.531 392.177
588.392 666.936
396.081 589.168
379.199 961.998
196.179 98.6848
293.226 959.792
553.464 528.027
450.36 399.694
551.928 442.159
137.855 748.613
573.053 812.538
804.281 288.337
535.825 735
723.899 319.118
445.923 133.622
847.644 477.158
888.937 826.691
345.108 657.687
778.055 96.3933
842.513 39.0445
395.995 818.363
539.971 246.318
433.531 38.0006
617.027 585.843
770.391 902.378
906.878 541.462
116.303 500.909
715.489 706.853
689.318 874.789
798.006 680.998
690.987 38.0013
592.454 178.15
471.316 297.88
880.073 230.007
906.929 688.837
281.873 599.401
480.574 573.141
604.107 38.0009
379.6 448.331
906.928 911.094
837.755 962
734.336 233.808
141.133 170.945
239.7 172.86
901.136 397.596
606.033 896.227
862.743 615.417
796.859 820.552
257.148 38.031
237.683 868.648
177.73 671.919
906.915 96.2378
757.691 426.417
343.154 37.5176
360.024 255.854
715.442 792.853
479.694 800.157
38.0105 725.982
199.07 305.567
37.9824 535.008
778.582 597.22
323.043 879.125
268.217 253.996
688.572 477.589
364.483 170.048
