681.996 282.859
531.622 899.541
482.888 824.914
191.386 451.685
798.525 876.05
520.973 739.436
819.262 37.878
293.447 720.544
338.561 419.243
339.167 803.622
256.194 394.907
422.617 210.089
726.051 592.169
618.409 742.847
559.774 38.2115
382.655 38.0007
335.635 889.55
325.302 102.03
171.805 130.168
824.887 794.2
284.313 255.12
247.487 169.323
38.0301 543.438
58.7466 908.191
208.248 933.437
689.071 379.733
38.0529 824.325
906.581 767.62
592.277 140.252
152.381 713.409
404.6 294.404
355.336 503.591
51.2098 191.241
200.021 272.183
606.667 947.43
704.138 749.506
272.866 479.199
289.34 962
216.404 774.341
614.197 335.768
792.104 537.096
906.799 328.201
92.4561 97.0034
652.188 201.879
114.972 412.431
453.545 682.552
482.692 438.445
843.034 709.674
729.92 927.807
510.691 113.051
906.779 414.229
900.708 500.014
507.898 199.282
422.37 557.452
682.35 666.261
121.216 521.593
242.262 80.8445
179.635 355.732
382.006 961.978
167.693 37.9985
869.485 202.464
906.99 125.075
832.2 285.265
655.349 458.923
380.776 728.384
118.496 244.799
882.184 633.102
826.147 457.157
179.077 852.528
177.625 630.833
832.273 371.275
567.982 812.512
586.379 510.264
468.843 38.0001
501.373 523.472
906.411 853.878
421.972 885.621
535.565 370.597
675.5 118.95
542.322 284.671
740.853 468.15
325.98 330.352
424.753 113.022
97.4628 328.189
905.262 38.143
808.831 961.996
467.948 958.346
342.709 589.851
756.757 326.698
735.929 182.298
759.32 99.5402
646.38 38.0198
556.775 591.008
641.547 576.198
768.394 667.023
93.4853 611.626
117.821 792.163
268.946 634.302
656.706 821.259
38.0056 450.805
