objects
387.47453047319715 27.51804412070026
94.75803308408109 699.8430886015606
373.3118647490322 864.4814172893973
417.485569516047 921.1039526440268
857.3960666755266 960.5887774527289
796.685043128983 295.70049020829646
157.6021582668173 136.96093710409176
617.136903051126 159.0602419559223
972.3752021831626 667.8063308691385
573.9586177122598 611.1798567957039
708.9581668663767 323.62784920569135
696.1856373872541 87.65020729257192
812.6005168113078 788.898686369699
669.1572120820019 196.5143273165081
317.7190118538897 294.4032300116275
53.48121131711572 294.6546831847243
613.7077332088652 375.75911682361715
81.57102008257466 834.8801520484154
769.467929020334 398.18658396375673
877.3022079611378 860.2661047700125
629.1739700345377 973.6405781592109
818.1642653833931 834.3775588697798
915.5684513715804 86.18650938040503
908.9221835774313 34.119130580933515
910.6527008346301 140.7017413847658
120.64113525437638 80.98145351118949
249.08191736721903 30.907735328017196
558.3596041709928 432.18754993373676
851.3401805142555 41.328746355371685
870.5419556251322 392.8449942202654
100.14759146725503 23.86908434057912
300.5306517153787 788.6700117282417
164.85343911706838 669.2354905238024
285.89428909884634 390.60706643300847
33.73314581969383 118.59804298926402
901.7581093773211 927.7753118792564
827.6603954372065 609.5845696839973
956.5417389572146 581.7605724972366
139.08707168402267 297.93380917205116
463.475342707404 484.17956968438637
917.1423130559577 422.04737630790265
538.4975434530216 184.3605352718706
966.4101716434191 248.3343384209396
787.5594765870461 88.87014649005071
931.4619931702 311.2564482473491
606.6198526570398 905.6337973367977
565.4097158982185 696.6704661309931
416.01766793232997 281.8553816476092
32.279344299306445 23.391439848492343
175.0329858653076 429.134095920761
853.0633439882026 287.26039249964634
525.5449301438148 389.1561237874361
394.09273170755097 483.21117200609945
29.787457666042243 192.83310488815397
686.3891667559552 707.9768600735504
650.7449981246632 871.9675686773143
156.5567910309091 586.6668570850974
103.95859345654529 958.7579309728089
124.23516436567213 539.2442355890709
604.1765296455072 485.5164771977659
953.9678741631357 494.8870937573113
564.0639513414615 520.2851708088222
700.2821064684738 779.4591816809925
273.75769390562033 750.3557420946546
452.072951761225 333.8150651523264
726.1783052279294 451.14864070932435
304.8448679260159 892.91114214958
244.80037832234422 481.75721281360086
35.98555866308433 973.890146494941
248.25951774751488 711.4411440326509
63.00871377674645 744.7177737711108
456.0037389962718 118.86255171391834
297.9261535629585 475.8441316082532
772.4063688591027 589.334914810764
357.09579334239237 911.693766928791
360.43835361835954 717.2531700060831
178.80822694148253 30.74150409764587
85.28066073923793 626.4741957692723
283.20853679711513 966.8986899113361
549.4860264792849 78.45332968973005
375.6133574678177 574.8575291026981
169.81746590690065 919.7635468802841
743.3670240199539 733.6097222181968
299.05497233759627 234.3125972500847
420.8434094448977 175.40550772946108
660.2475960947368 668.260750259202
381.1312174321855 99.64769691033275
24.885173242635265 367.9138056407667
888.7032656946801 778.5351374792018
247.32238232847737 180.93609963430734
213.68814208912985 859.5399996506444
939.8481253668483 379.7007231267672
571.4815133370366 138.09335376487428
200.79103779425222 362.3413188340739
155.94413779969025 197.3261791420749
521.7196884531002 813.3163236845148
337.1176581781815 548.4191022496057
460.9679804229903 850.4223015617981
762.2559464642957 179.65834189637658
528.7522240998965 267.152635462055
139.71749017524155 386.2378714409656
828.0871639292269 439.2922316385426
430.2850668507134 525.4835835255817
523.5153710418442 635.4476057626537
812.8808058940751 544.7957553798285
374.72557853102535 417.95990727183585
121.85730622926798 342.24381259068315
969.9474857321051 741.8141573912977
404.0606821016181 678.371072369573
938.0560450849888 790.7429068922773
647.8591039166713 107.01030305553506
295.0879891596706 69.17098402938207
406.0467069873066 371.9041928119938
616.4834135215581 55.081073483860195
383.60955346496075 810.7140662240074
483.21931513905264 898.003329174511
146.440593986847 843.499774939981
639.9196145418215 241.9557794236494
514.608972711106 120.40046942835099
836.2111137374455 705.7350058547889
965.7142260551831 26.084031072031838
294.93474857067815 606.0142481460053
736.0848179319369 539.408395803522
467.98344440695433 183.20086011594853
250.90887150686908 290.3908538001923
262.4919302422957 823.732371092719
878.3883447158747 674.6679148582679
852.4294658664766 175.90622553737603
212.0205656691132 256.39555314876156
372.9522912287335 760.1743469406078
796.7902598960385 959.5258187547186
748.9958309637643 28.816923445912813
878.6747549471951 527.0103601847208
238.33234348476816 643.4013622425853
717.5392645349289 963.0296312646872
965.0852683008832 191.5600043535805
704.2099678519033 275.4434386002641
487.81458111924627 436.263494375463
74.55910128093586 221.31581299519763
471.76715177078063 260.978590610955
727.1016065288469 126.77912115800513
85.17628188385079 416.6969352028372
868.5069451737286 105.0012093363151
179.6886721934167 532.4522701522
448.6373651625398 718.9339378757293
427.9511272190712 599.8377298535596
706.7664000142689 499.34924768504334
724.1512137541789 855.6353800245345
302.9185374983793 179.2754500443806
99.53289187052337 172.29811130908377
501.72116225669936 574.3984751397998
614.2892271064777 424.1672947330885
175.15169315718165 83.56240304982629
100.30834985744414 579.3286549602525
240.4542440766349 410.1463974202727
37.457304041155325 460.1512779946452
917.2398037804281 245.16862325161026
656.1234894564681 818.3158102882916
933.6204398053227 710.3460930152478
822.6804408127706 391.25274505339587
744.5918571745756 643.6906474508365
178.68641161186636 713.4425275627098
273.02275833268817 127.87284223284247
252.00367041343316 533.8647124380265
30.354367714455922 71.09151571201215
962.2852587178385 943.7852386934863
28.276527475039938 924.4970739033147
602.8490881858455 101.7457769099226
645.606964137275 463.9810871606205
471.61986765546277 629.6855545914848
528.7982957838708 930.4263897151633
934.4121157561957 848.2655782093238
830.0913071034305 241.72393760590808
38.54637549306732 248.40374318151893
39.72208273331445 520.6891803651184
209.3414030661356 976.2781307149135
561.010998496356 774.0262022903764
345.48916076834297 485.2822442370523
453.7339867522023 395.63284406539987
264.966383535043 341.872550665125
