objects
485.2853837363888 143.68043556762282
322.3986139307199 753.947661882322
683.7707525773818 288.0798268858725
327.84508793470553 838.2335279538274
625.6271669554673 601.9214419672763
749.7931027704245 911.4908116394472
192.68514970215497 35.98249512438781
395.8407774341247 945.9126779324534
336.7181045787747 55.754093426758914
913.1554624054886 193.1416219796935
857.0462888689849 32.972685506233745
180.3777109374788 194.90080698964718
98.73702672118183 240.05265327899482
121.23136737798946 764.4507267845187
853.8268102207403 567.6860002844397
718.4922144383581 412.04293050656884
737.3519087684224 316.54681578904643
197.02963540354688 247.5713862632788
912.6608769415571 649.8458229544339
960.3824965144007 749.8361068030321
28.829856592442212 226.90945914380967
223.69107205556924 313.08597146134326
468.91007758126074 892.4687900854922
123.74018867442432 626.8121901125918
911.4827422853278 851.258873550166
749.4663605546688 511.521427807372
965.7366777388278 465.3181534365668
52.585195227020144 677.0037852486704
108.49164534316043 348.24572899794714
138.42513708502497 32.40645780957097
392.8497653227731 886.1167791312641
655.5871518635793 712.8931635254986
783.9030541695594 745.2141382558365
145.31387780384833 435.35561983832787
65.84258803868327 305.7724933826888
459.5453846035212 705.5977551035883
572.0273303033807 356.4118224261463
785.0907996700114 211.0276208195669
494.77539207441794 944.8947914946616
273.73077717697976 812.4766412078196
809.4662572551464 24.91942276832878
348.2342256652648 523.2047089289958
655.2130420988142 957.4494157022982
34.632974560493516 147.3606730714602
529.3498346077555 553.5075427840679
548.8985171596416 663.4222455718077
772.0164977617097 401.0007239813156
511.97272532840736 701.794609321455
671.4221155319985 602.9985030529175
902.0304273610816 793.6032774760237
705.588479641311 500.6502899094981
331.45823788316835 258.7022770520785
242.6178893187829 381.3613311871282
379.0097627970984 826.5519375520771
673.9087817441778 783.6082617657513
468.18760544652116 403.14784182773536
606.4443675456937 689.2669813898342
619.5658512719594 512.7991663467647
204.90357119856768 842.9439470294354
529.9827243030162 67.08456826352639
27.864733173287785 386.6933503641711
135.67688658653532 834.4325413401026
181.97237394707457 651.4911219756688
836.7287606686756 970.0969730467426
445.6645717002066 511.7573310473508
511.31721433104696 269.2057753217969
368.9003285093629 287.3096884854223
811.3493059878787 354.4683071505329
630.1814519315205 274.07482653959005
448.23121387356747 951.7142244477507
962.2167040347515 232.24168719487648
438.58262906709933 178.6697264938697
260.5095553171408 897.4425054696192
352.6731184962698 661.8208288484968
505.8728972633584 200.89659960874744
664.3821601804408 895.9901101553879
914.4068888749712 102.85906929573956
752.1043717848908 856.409333632413
826.2332526472713 520.8527423031013
870.7310349924927 367.57092980630847
699.501018602598 86.12948496345797
815.0289261902292 687.502920507
501.8620372975265 444.4476272290724
660.6107817094191 194.6912774053272
59.54824653859468 570.9148205332202
863.8255307693945 429.18471538120406
453.65919438744845 105.6724777034785
310.71773995851015 349.91884654645565
652.7871918294217 830.311128463813
685.158580612148 37.651497221082685
878.920956433822 907.6912050552312
250.40398659850734 472.8807399987518
790.2463232109459 95.54774607234704
464.3876253729403 795.9535792869021
507.38237481133024 823.2689274932218
668.9954417877099 361.9466224810993
375.2096413148733 599.5264283513709
565.4387313858435 525.5955881058296
933.8659878274268 367.6992842525811
618.888353773521 212.1158926153001
209.36212228635566 135.60477673351986
414.8762370263753 286.45625667963725
559.8975364370762 888.3707026451444
437.7046425445235 224.8608897127294
34.81541782663566 722.684203412548
420.17428788111823 465.91937608464906
952.6848213068679 309.4586866979798
301.31374500620126 303.51126468900435
919.5777554661224 946.299707745551
417.95976640047286 333.88265168707653
449.1868851669725 658.6799357185779
838.1011472352999 298.29884345378724
700.3120762238639 675.8557523372973
816.8708701874629 601.8701568380262
48.86203913403844 796.4510798640667
809.43816045114 850.9204838135802
935.4768418742027 56.89693595365074
68.41063725105839 871.5100175020459
411.6937072628323 122.74608470568387
53.60019165859963 52.13551958254723
588.7739815844876 744.411610184535
533.2934732351938 323.0553333452152
804.9439037932882 933.5819765082119
184.6271915939787 545.2159469804751
659.4983295457826 116.16489689678474
227.8571220210614 936.9196520111609
744.013824237172 123.87995330385722
601.3185350309634 72.86853987180568
384.4577103440811 219.54782789169047
605.6621570881525 413.56394202076905
68.43646559091293 627.2651310878481
467.22993233586254 355.2013518094675
969.0393052083907 803.0153690471936
819.7704775935625 132.63343751002333
98.16761867517836 191.8841690882203
704.929570178998 186.0433805724135
609.0949838558109 116.94880072692186
889.0605107232384 718.3295806936321
870.775540107402 617.564982415738
265.673737938082 172.57968372461826
426.6513943037344 49.16855963589178
864.069219985058 108.97058979548352
320.44916990621357 581.06722788902
167.50745598009252 325.81583033016307
565.6442787911385 101.72733448640423
269.34050572762794 259.63965624785345
329.8751612475079 475.4106386088058
595.3481195699287 644.7893541666209
277.3899426914317 598.4851142790291
106.78363831627367 116.72284371127571
760.8770391634224 807.1309004654079
926.289076271458 588.266786100342
735.3000002118305 465.552035494406
634.5401891739941 448.61101843112505
516.2932933793039 870.7647463016139
144.44009325845548 691.5992693138826
150.09912204425447 936.7733052646461
377.7540439559812 482.6442802760339
305.6989986443595 969.5687034752824
763.7989613637689 39.048166862105084
598.9411739454893 164.3830167195541
724.557594590519 764.3384672674036
905.6650853807766 270.6479749607393
849.339349096953 764.1164143551867
217.88800874854448 510.46386779836024
507.42611755498734 639.128886447786
96.55531696242483 934.1718351880482
955.3296511470193 899.1053093317307
845.0958313469372 202.18868386819648
205.5184477680846 429.69251354682524
769.2144698387096 620.6109151142548
200.80286734961905 975.4946224668427
127.47498894844422 290.90326638512187
664.7109326980154 547.6177580571457
239.03432992191532 666.8026405553347
286.8277122258139 697.43078999954
188.08273979175056 792.4441845865706
866.8063016670944 499.1531019131254
142.79098364836088 516.0635805651641
321.7372251242738 421.19512362634265
