objects
458.0959218643732 323.2393117392596
809.8126897526614 907.1605408460813
523.0263174312038 61.773580051432106
737.8611433768615 395.7012848928647
814.8801516296473 710.5696685869555
883.7220347626079 401.034272661117
300.58564898991335 537.4691699700963
73.43329217260465 873.3074067037463
817.6757812684033 816.3056043713484
401.0239499678903 487.80982844408857
288.4064918096528 849.4385056944197
273.81090693878326 114.95677487060021
923.507593587869 650.9765769497111
564.5430537224197 951.4617441465022
521.3317274598619 465.5509410517056
556.9562379846046 320.82501020432926
507.42128484195723 365.6853799366454
597.9042490747463 23.186448994436883
232.9379803911672 167.5914174128877
608.1766426175749 971.6012736964524
37.12736861499971 739.4283866791683
494.2914629756836 269.99634245051215
372.69840061168827 721.5284395301792
145.12595602583153 855.8747202066818
493.438890406377 531.2898757609288
30.59433371923067 944.7453754549157
379.1239331942228 577.2736977363365
42.66576720411573 213.59135023954443
557.3453920885029 501.1157930406437
882.4418748712344 49.46335350365939
322.6941894068454 766.4456948331266
785.5005994618311 126.97421108894697
600.9357041204505 76.78047951294076
904.8287023588892 717.5368028259277
193.938141538411 96.68134724677664
45.34087066221902 75.4512083989363
807.82600882555 389.47340375332266
336.84057837996664 926.7516025146049
445.71526034271784 791.2232479472675
31.094628416856267 531.6689135430361
182.9728594046685 669.4181595747589
882.7068622245259 948.608993860854
756.0926968799957 935.9038345420817
618.0606900488418 177.66955434016336
470.20955074564193 204.61845602006073
693.8054697793839 377.25815511858775
77.87348210964537 421.84127569030574
450.4185758568092 105.08568606971497
584.5350443089504 658.1524561435034
733.6190866402218 760.4303079047862
628.4472252157165 687.9868942592694
97.20662626496815 637.0247165854362
658.6936372518436 740.1618057885154
329.91634942027804 361.3237938499221
306.9883872325788 206.56245516427185
547.5366597275682 830.2585575313431
813.3657912626377 342.51813076271696
862.6111009648064 234.55032562687754
521.7686087138005 192.04994467293488
866.499910016679 536.010644486945
139.85802216236067 252.03375221361242
279.8941805733412 929.2260715825814
795.9942340671432 769.287790578221
833.9362825399254 174.06707390587007
540.0076151158437 719.7826765194385
81.05903431003814 570.2214763585579
493.8193014752064 778.9736017158929
71.29594188374526 704.9444712208515
125.19787781758649 466.5947410162195
131.2510914085491 340.0395384023153
855.137793369087 888.5069596074524
688.808953408188 693.3885053441104
655.8713564369068 809.0150976359631
331.3474388901467 482.4315688938455
326.43625624320686 58.739733095115696
495.252818075326 975.4760279477263
588.7072228076564 401.72239936366316
409.2380892685049 753.2616577412273
915.0661455748353 890.9731069661123
250.33309767426667 263.3683751216558
331.39878605711766 811.9530574347477
694.3970517166783 622.5263650394664
476.8512678495821 419.9460484719101
88.97529480988392 237.70836508725424
426.9458067552133 215.2905082870734
708.6148832156425 495.3013277269098
361.16939227987785 406.97019177182796
889.8145437005612 843.6627783746703
961.1861043583918 559.2684339298248
700.9694886603447 198.87156532878623
954.286244143946 693.0698581137615
182.35328387967695 307.78207375741465
407.60764425077366 320.4442603418766
256.7598105530595 664.9283900266984
450.09976008288805 25.88387650619662
435.10137679652416 707.4434868018008
261.6150630504049 603.2058775170295
187.70789338640506 44.122863723906804
109.82470151851962 814.8140897729623
262.4578495727475 39.14470931074316
736.3920502372795 640.0135766523954
948.2291894684847 386.67495074517655
653.5062038236855 132.1888273807463
199.2406066244005 482.12778832467313
791.6224208049932 235.38627201882574
286.39791236507625 346.1649186844667
572.6665348610974 201.148205007303
517.146562241374 118.9330725545963
952.8570640962415 199.57200939533988
960.6673934435678 611.4487426904097
215.73072278075094 619.4071374657509
668.5648393002318 303.7193321298895
146.04984263954728 589.7604958860761
419.14235992644706 553.0202883393612
245.20476234603964 776.4638688496856
234.30426808488158 819.6490488453761
942.5113801429418 767.8392412452622
113.42516529802035 515.4632181779359
27.90384954736116 876.041011075058
785.3071238889651 615.8338575252897
589.8605777671603 467.2499909768666
622.6178059186087 610.566364795961
357.8702969898745 619.5161275656844
162.36445234618697 973.3563727267104
356.11909091404976 851.5103508946992
852.6215300033315 300.76973726937905
494.65577292548244 875.9655184115261
179.61584539464846 781.3289617331845
461.0906074513064 478.79688093989046
133.49204007594705 56.69914369801296
929.1688496825565 274.9721522572175
975.2366864886691 807.0817179569024
954.5885464240394 144.36248333413099
48.950167374160074 161.55080650616543
607.3996097247186 259.03483943143704
796.256097862537 453.9348642775117
974.9122287735199 890.0523985588777
414.0960404283865 384.35451104435055
204.7206719836275 373.73802812225375
98.9226348216466 747.1367335613919
682.4645915442488 886.9284675424014
159.5271275605617 431.9272354708228
348.8355611534608 106.98413965694048
270.65388738317824 737.0102030063223
556.8762400172513 606.7904868863351
646.079330546099 223.33667365681796
707.5890564270018 568.0579315722014
822.4709615038286 664.0490126261312
389.2981774190754 29.29389598719721
623.6784841398963 851.2484794271234
199.51450752386776 263.1339355686889
141.56570038045786 158.49190699681128
945.6058765181767 32.71929083659941
606.2046364031428 130.0315759982512
105.1560465784585 285.8738350802769
829.1817967876581 497.0215563481497
245.48184144231138 427.0510650856063
764.7435565307575 714.4131101789826
577.8595896219826 885.8256754362831
704.7509935761415 967.8377386766599
198.87216983011885 856.1128829722547
194.03978439551997 194.646871373886
704.9985331640682 93.85546433319864
764.4790069219953 565.1592350248661
712.7104123105215 282.9228125530786
763.4258430478743 813.9583204622453
706.7066564314267 824.5119663533638
602.1470555986272 752.6731734548805
401.29746214541586 885.1210787035816
247.81591570493816 968.5982104277093
476.09703655952393 605.5906639712034
765.5526593505422 360.2121944283659
761.7699616181422 860.6082323706057
837.3022388798713 602.0105835245744
432.41942967607423 168.76111597170117
386.21564557894527 939.4720425730466
128.78886871092988 206.3539083085775
304.68353068483026 627.7971902675806
618.9579537047209 527.003996991208
783.999064249493 506.1756074102623
