objects
454.3835472506466 181.85438232784182
939.2057772334946 901.0795159137184
37.81693380766691 323.96084669636576
309.51316557878175 262.36849902439076
576.1307546912503 699.899168997489
103.47375840670715 646.9596120019046
43.73577060922915 494.7019664612067
199.40045479755625 607.8272329128002
267.3512499149479 911.8571839314047
43.09961240136339 836.4974450488309
739.4878017659838 98.7264462587581
434.91123023761054 286.1927493862466
847.0826862849057 778.5770702597105
377.2160457144281 457.422503425519
908.1265307809626 522.00487053424
584.1992067126179 519.4780988026013
964.8089637955808 66.56453304690531
421.77237634083053 393.0832868879535
636.0412537194408 367.94146982980106
566.3186150616821 785.5799850630713
263.45073076626375 587.1061421255982
602.4105265802073 885.3373147385159
966.378400714782 133.62889963572465
228.21792466193583 683.4287284298722
488.87949726867515 309.05268776360435
427.86786229772815 54.39714084274499
888.8568896662917 721.4524483749786
822.9661635177572 344.767812639139
804.8289108482361 970.0049676455016
125.28533437425851 744.8075880605055
690.7411623835513 568.4693323842131
230.2612710361221 502.81488881912935
149.54041510954332 355.3835235615045
63.41750774161976 280.5731461258826
553.3296657728991 388.93773186031564
746.5260885800094 277.3560906826095
823.2557699763945 424.3266428696125
972.6814075474911 240.508431739348
965.0217332311961 503.9869571771286
290.3770828793761 328.8431696298853
294.5525001368977 546.1167443244099
368.4489014366337 70.98736025633461
641.3194595798344 525.0286128824963
643.2791888593712 697.466152852393
105.28122432365468 838.0015914355579
71.29640322247269 210.5597565317081
121.55595739718132 536.6209452906056
941.3228847951444 807.0153944116344
405.6550407042416 848.9865998971095
750.5671394349366 584.9336661153344
844.961980264202 527.0556148394595
457.1511846849387 559.9848987177181
627.2187618375723 185.49642691525807
754.9911900991369 347.3399539042393
885.2338539704429 296.21466648845376
736.6719231237277 184.09680646702583
447.66345984151764 495.9478914762976
193.08609779564563 912.5688693951801
780.8288198210179 890.4486123572113
214.61519920716594 245.67471148471404
692.3224067612873 100.70107512211963
294.21250175824736 128.1297657663867
130.67764293445734 54.53013172989391
693.6483013145278 341.82775049524133
23.474786004996247 891.9003369722203
386.02119313298084 245.1950596632094
546.5687924133998 868.9992025912655
809.5167423910707 617.8468860825582
952.8226069150355 181.1525968554938
111.50315161804312 917.6057023317217
146.20127254708453 303.0620433979258
601.7152104232836 138.59332939510014
918.8065233591153 460.26766255646083
566.6442555993239 584.1850243943109
92.23229529636 461.7196682589422
405.8218308172945 339.18280180020224
663.5097530164976 790.2655218495896
741.0097428738829 28.723396551996046
372.15075486799185 898.6342755356434
463.2545616663892 238.42206634069566
702.0459084496729 925.4007343421816
821.0090972536902 75.81238324815378
560.8655365045964 64.30424675905945
165.28089299112216 559.6568001357251
914.5728977440235 156.26998190164198
24.787020142363527 411.9537988031677
712.0907475045752 681.682065939538
683.033939035197 498.3488101200434
127.92652554601406 216.40558712294433
102.00585470372059 417.5698812587748
602.8464461560282 294.24491273323076
206.8757359978957 42.45507953606186
308.8025785796941 835.3363681999236
192.11661360067424 397.60912009804053
935.9245586726237 695.2854813294365
780.0024535095047 171.32316741435548
397.08469930498893 719.4593317594208
307.3263818049188 623.4996876624468
47.399393211739834 724.3851122736345
244.7489381945232 142.29835797397894
69.96514195142268 575.0675760063618
488.222068324203 129.56316275314757
219.01840578390795 870.5157045659001
25.384083373432457 115.22365893878778
482.45727211607584 705.383716835699
968.1107183645586 322.37885181915385
248.92929583367732 811.4861572468589
638.2964530336835 622.6785996990484
650.1444757156114 30.484574945740935
529.0224784783444 915.4358962942293
472.9988225229544 900.2946694460571
911.7482088977081 109.74329212345758
298.6502608907568 750.8948757973269
557.5573697848079 954.2237611863135
962.2616721309037 954.480964068033
973.4336355615815 398.81518074292944
905.7010121155461 662.0246951438154
691.878298453058 219.12325053469044
509.0610383579187 539.6938141417983
152.09987830537753 685.6490190230269
159.59928603216943 438.78026769121794
744.4814670895706 507.51144397998115
784.156971030186 835.7965507559898
675.5593665683313 168.65746883096404
445.7076536128999 440.4091457340125
965.2302890289465 570.0377354990729
619.3801132607172 837.0667300609049
695.2782262425113 737.8708082786136
690.1402351827015 639.2032752259837
562.5356953314262 262.1037419000263
387.10337249410867 189.57878730577903
221.32379211527905 742.6254918850545
182.6902388684609 111.0444569439559
523.2046128462154 450.9914138796782
618.6662587476256 757.4591524238011
401.3059800114715 961.5714125010829
347.9697034758705 322.1315829042344
403.28238406905047 764.0629118566113
530.9197280417424 161.3778318064534
219.35785889390596 337.5765714243955
703.9502312866204 443.5990688956147
147.79814751749785 960.6145187488802
872.5072557309352 625.6696435132
421.84762017298794 104.63062081079988
842.93703320453 221.5353487360785
87.00185520059087 359.56695331613116
287.1471127158725 420.24768179779085
793.6196389634786 281.97688625093156
654.618686758502 440.2243627106561
73.33819343095581 141.37896166560432
649.3096637019293 884.888005383695
159.29369456638372 181.93121619365937
882.5095223861923 194.35434723827134
247.3434515201212 293.89417282588886
544.6561659827076 322.5976390866615
329.4918828371952 29.099230493203866
425.52316138763575 912.1859099594601
758.1007776655958 973.8684118115755
25.7674494277619 647.5400902171937
611.0314756848309 249.32501942545957
881.3418885313018 855.6193188928149
53.40363466708766 929.0981085935568
69.54793214579773 73.77823134259526
876.265354511291 927.8130427810538
678.6428856802219 283.31579341760954
820.9178552828596 688.1745872377832
378.8122600198993 24.56741068175635
509.5146748081352 267.9105815608733
757.9474031091008 728.9855696903379
840.595510968474 161.96131853857187
29.374723267517417 170.7901419871504
512.0651114260115 591.1365392014095
476.07765198664003 40.36397162133279
339.75205057510516 494.4591158124358
382.8072058547721 559.7291100331064
127.09437455187458 101.58532379263687
343.03189216537135 398.8484387017982
423.98985035163946 678.7509154317132
313.39340567859404 886.6249261941917
152.46372254617353 781.9167920880913
