objects
154.85338575036178 623.6730662382167
574.7954191858436 842.6297592391868
246.522402169207 905.0985106376085
492.6253377375628 817.8993507172286
70.13143209685857 67.63116639258939
618.0494935636207 317.5948702837856
927.4242151875221 697.6958573669577
955.0910150362786 350.4183613855157
410.997240916119 579.4786992921153
577.9259085195345 551.4445397351803
295.753078182303 691.8521153113892
439.5740135832143 646.0218667061647
740.0690482343396 865.861855579335
125.55626947146547 149.6986615290282
147.25102046046192 298.8296581901064
518.209564782373 367.3358491457528
239.589950419235 233.11789330351542
66.54873065049964 312.23105585497206
377.5657334261022 734.0362778697275
331.96505669679834 947.9023413691164
102.77939204350436 747.0111812298022
904.1981608925295 506.74660661169776
679.2267187770342 358.14609950052403
249.98443121490325 144.20164006358618
83.25328477219945 661.4855377749434
102.42453339182245 924.5867561121603
129.4693573419672 207.50038637448807
669.9547512412283 937.9470378129839
937.0525733319212 83.06123283998959
731.1327595527337 220.30656766046928
972.9395137253308 796.5178339889568
25.24803274986171 870.9204535263268
250.36659292959413 56.75782019749343
500.9839367843379 914.423052686724
860.9295836780132 463.27260200983426
421.4435206879078 817.3231811830659
732.9833911105503 376.9049580582822
768.4371649403016 720.1486931963195
194.98443618910594 241.87092955653068
543.8632007386452 714.3980413865428
277.4035925649413 98.05781847177762
54.57330742184152 622.8831173518629
970.8612660201666 540.9053512282474
435.93941666235423 447.30364525713594
874.1802299105657 388.4594664881687
770.689059122871 550.8853147961837
732.9718635417474 468.30540989629526
510.8566668186487 149.8534903632139
726.3519437379028 567.6908284982547
523.2918753675559 626.505059029189
264.6998149612478 499.0145565800744
651.4485903365264 169.00327853663018
570.2425598454091 254.5121199368377
454.8493684183083 951.5662359003267
354.78392010817026 668.3698799718442
420.05370717363184 900.3295916937396
973.7335537718262 677.1525241951418
703.7153808105344 81.4970041446358
401.0518813127724 962.591930190579
572.6508953192987 642.8249014762049
864.8562968249546 642.5881661338889
380.7169383676947 424.9031875495444
783.650622299345 381.40736181282165
136.6818749405689 710.2457989860668
894.9278289024184 431.3378005333925
796.3651756005981 756.5073244188899
165.73257008347315 95.15985549737432
524.0387373213005 260.15399884674605
446.7851356200002 222.46807875243707
686.8574539094252 256.90632397531465
579.8467508838302 797.1387818025204
137.18686705235592 853.6048294623514
370.14666836607245 350.91891702424823
650.5725274194415 517.1317837621265
210.75271599412343 788.3209881961911
510.959813009931 95.27034059895041
380.6529537756703 97.0801296622661
503.0589638233676 316.1363348858626
46.36041023517164 386.89899467045143
863.430781834881 718.2113628711787
822.1995933035239 658.8071740999285
441.7716748659836 286.8778251913931
108.37323151499704 513.1842245352337
635.3106211056918 967.5043533767293
896.1923282717814 44.55008624265398
246.47571235859695 855.394862529837
287.8120370882935 402.3781826589853
311.72432497537716 164.8525937203657
104.87118612866311 594.0879730937229
646.9514005063742 711.0764759135103
204.54944524296272 676.4675727243007
434.8163896874014 506.2842075024911
848.2656023189892 877.5751398272213
44.622793051907045 452.28042507778804
744.8636997093034 970.2141542339158
815.9434477943712 303.214084563154
686.1724468520541 778.1243098343652
162.05485143941007 49.14632057240476
690.7408166268889 650.6896557482042
948.0344612900046 876.6405459775891
967.1395152938551 751.6137268991243
794.9973780942537 470.70231422702017
217.76827728362835 592.6488041707171
343.43173139537225 206.40706439073276
783.6534515124528 211.01706082894015
44.2516832045697 123.58904516475917
593.5966718355111 85.27521556524586
200.63676180525476 889.7637307835357
89.9072240225519 416.2275934958419
282.59451436355243 326.1531142093428
168.87393697266128 387.00778193791194
895.7959476261656 821.1268144085425
39.70719642284296 678.714085091628
603.1859629688064 451.2604696306166
623.4471638919492 247.65297654171215
899.2896558782202 182.4614394935964
212.02088150242926 317.6651810216098
494.5019299639085 507.12672751039315
149.95515716957036 534.3297194308984
291.9904157033071 793.4277664966797
785.1785943807453 841.3413091780174
880.0103006142534 572.4290549287167
405.6837048483705 41.4603999073823
628.7216227969851 571.4706262469381
38.820421241909486 526.108302612853
98.72848491073047 817.5091041587438
675.7397500822226 853.5364653728365
783.2606202973639 599.5361056442964
615.7067611187977 890.1364650852671
854.4514194692521 791.8589732308692
934.8314565234106 292.37327952524976
114.31998841434864 44.645908629823964
831.641040356921 118.65299461697033
234.4848541104604 368.14849806879687
497.3374051237994 207.77509447493014
211.33994025018723 410.0517604430384
341.90639799629747 486.6256803003707
138.0439142269993 957.6112719143616
325.5070850050816 256.5454295639529
302.64861305941827 594.0473475083357
974.8149784719161 161.17277556892114
520.8836241019852 431.5972043443251
242.37881831271906 738.4694217099506
507.2824871937136 583.4390384123062
194.42248927833765 728.2921214260571
395.6667300487401 286.6550774354256
798.9586823247166 966.545583297036
343.5628469845198 301.183954618368
262.4616350556208 949.659190440494
324.5511245542236 363.2683722061103
384.4478564667226 504.02889219065514
600.0666467385715 694.8509470783235
565.8223042164433 177.98018957931845
933.5380896041071 395.84733665790526
831.1486836135402 359.082776620586
852.102131152779 185.72087322651788
636.5655028974821 818.6856342376481
766.4200548173553 60.928914360011944
597.5325947376521 936.45045168831
725.535664382016 740.4537537765183
455.5086839054267 32.364514957544635
726.9805736624793 422.7579638230973
944.3457817409071 25.56114018946619
466.0799754888527 551.1232213800523
334.49378137663166 767.389709721786
87.09795962544187 243.10344778732014
291.8804442974747 27.667244393684076
151.42855759933246 759.3549232159661
211.386022692349 87.55587326014381
873.9691819518104 234.18671678349185
976.9404904247071 949.3551458686088
559.1741574809568 315.33859273791586
430.65485453850073 728.4347599017572
973.9690441086358 239.37337323328336
235.52815177273047 640.9616530240011
178.56175196279855 158.32674406569717
927.5287364636067 936.4452200065225
863.4937522724065 956.2045900192559
738.1701861533928 161.81218846832348
875.62387646641 289.64726528119644
