objects
743.2836020717984 101.32116699817531
871.9398394953535 250.8826639184535
513.454461709665 372.67447072130176
882.4321140988019 897.7169182655549
274.92343257973675 671.052519724394
342.3539614283602 48.115421268734025
43.04386506185513 102.8559885035573
78.5932641939655 830.4617853674691
636.5997868242299 476.4453817483152
283.9069220534439 569.3656069549937
646.9923986630325 926.07545457807
814.1213698926749 144.77541147613044
148.17540687548492 594.1450411864226
925.8415256721162 573.2997912632193
871.160739045898 637.8252476717622
171.2413822818535 328.49479720474557
618.3889220888398 877.3789878609849
295.88216097502414 756.3530914474964
754.3300635935159 702.8081016388601
175.78021305539542 191.90680448536074
685.5137488427563 742.7207235330138
631.7244712113348 204.1683673274667
443.30106525044016 419.11401383100144
56.85008008067588 380.4825068413276
148.74544007298763 691.3714801808158
366.0898534917829 683.9813276033149
873.3531203682777 534.9047994039887
386.57079566634116 262.59700795424925
516.0320287249777 729.549428026825
40.58892122092976 975.6021509152134
872.7440988936098 829.1837979832511
249.3755982064408 386.14243816949505
264.28870582150506 964.0784741594064
406.3436134366258 151.32148382675692
277.58091432213536 476.9793785092363
814.863128395923 435.10377757513936
902.9610125465565 65.7524101829221
278.5869815407465 73.47263188175485
502.78372978813286 40.31803861652657
571.7340186374506 596.1543729646565
829.991092218097 762.9347107564815
490.7915464899391 830.1791332231846
569.3513387399904 485.732599119353
605.4563828258559 971.1804053002611
627.3395657473546 662.4665817151689
702.7480961193231 936.0378490532138
379.5960307825104 454.27387316614767
194.3903160878963 371.6531895579262
68.50969568175447 51.19435132919592
598.2964374957332 46.93347016660576
541.8290932691004 890.6302988916714
688.0900731975454 587.5216671638876
663.2205320543769 840.9357837156028
712.4514862669348 336.6095709805882
110.71986288414537 95.62097664756945
877.165693797994 410.47636240001253
483.419403849765 689.5206313379763
396.9212003335607 83.49074032415609
177.9684019741411 824.5565692335873
563.5843149202943 152.91369654306683
811.5917320174556 933.6864543590916
940.6500077560667 440.541920421077
389.5740240131136 400.16533929699824
296.4033295105583 518.0292136524885
483.4826466583661 610.2810144555849
492.84965300183677 245.59592684422384
683.3626538469605 228.04675029701042
919.3408293686704 663.0972495320808
448.6567678632525 485.3827136109248
187.42331267960947 565.6083225847024
698.6982960249729 92.38003569411482
974.1267688370565 974.302662000325
905.2970679198156 292.51443242286626
944.5280191272163 266.8812077688139
800.0292760061635 189.2761957603838
736.8408661248906 234.26052584935766
624.6805583984348 262.16088551957967
65.53603969066181 501.68787882996935
195.82741301359906 966.9639687107541
746.5999308438662 577.0487860080062
443.6097354385518 354.41770031066557
814.3528334492921 85.09996020480703
938.7103486854481 490.55821360521594
915.1177251666393 718.2125424644624
975.6006931951996 597.8786968341595
858.7186987620604 339.4188814397035
399.30151945505617 514.8871087517678
524.4643876355901 966.0656511729194
105.22629866402455 745.1022580130974
886.1692900090088 176.8652041055291
905.0540982036035 976.2023402305267
232.74384425584887 853.9086814033463
955.3667284373188 218.7096045596554
574.730834392586 363.8696383557333
420.81673432726336 197.05339278941793
548.8856896009744 430.6488761145366
170.90781425865353 246.2332579697168
588.7135604281688 316.7503975052373
214.0872936905597 650.5385900891308
499.9716587446194 421.3477500345091
488.015890776046 96.49782647773141
228.7721799239377 603.9001734612337
559.144732650679 202.64148946704478
438.1167452021919 746.6494335179955
589.4840646282045 778.230244485415
698.2047674108229 676.0992727893399
247.4257007052167 248.5363811297583
332.40172320452575 843.0201633837671
440.86378200844064 33.06307055611344
292.87488733812353 211.18450685696834
317.351158407315 116.92611307090301
139.38485131139234 439.76000714447645
92.26462433487534 329.26662627452555
328.7049120440993 483.81001873250057
796.2238022238796 390.18076027526547
43.076231170145995 659.0429516222754
864.7315314975357 586.5136555087608
430.2364306063877 275.16611198226406
449.21745606860804 955.3038743606368
821.5814365239925 279.02360460517593
373.32708508896536 796.1799932702515
102.97805559637311 220.58100915744583
424.9258476954878 906.8025392440331
646.1744121979979 774.5503048779761
128.7043688973195 968.2087949038905
739.7123609812005 416.94175771713134
948.8719305108399 779.5151105084171
654.700875444865 623.3437752970278
447.253260729895 846.0860716649472
261.1547050848958 298.213384037858
735.4193548776637 847.6300589352335
652.3712011800073 74.98395074300771
969.1611508157614 35.09909292302724
219.07287845342447 722.8411344666764
856.7816422489099 65.6507156579624
479.88681664834405 905.2933567802183
40.90228510163762 433.2638162072344
693.2065635235311 457.29559628597514
225.07184502422993 37.76525313780721
639.0026085071516 409.3234485060522
323.7670275820883 391.5966019421378
830.392119049811 861.6404135659251
421.05305120663905 689.8967880192494
25.314969910963633 326.98664808688466
235.45180435779966 520.959847634106
157.72955887086295 57.4531551966125
331.43057456624103 645.2232505225496
473.5334213640737 542.3608849767844
393.8099565225632 352.4177120522243
140.22421880121541 381.8307102203741
47.66201518145259 252.10658116123668
357.6914042346509 552.9817568603972
110.63683928796361 791.5900539798672
440.80079667229904 628.5652119351404
117.41465975228469 524.1782438293591
196.12230204421493 125.24036462743209
683.6402747914614 511.8647630110224
100.43074215193599 696.1168937509194
800.3999803223338 815.3172264195439
676.559038609696 30.803893634759582
703.885158342507 791.2544670425915
388.81138100329076 964.2430301172053
92.44124247237471 924.0685098889863
967.2338369035646 121.94866101371449
489.62577657718725 767.4483135907238
947.1306209424324 343.7423784906594
640.0058550347503 564.5583352743402
98.95345403289485 139.71421191108226
669.2701703803704 142.68468673820067
777.4461866515035 298.91530349758114
975.09326802776 706.0599749702978
801.9928828830857 24.571204029103246
879.8036928705757 754.8894111468549
751.0370270030821 919.1869734549955
209.23136786320796 769.2566569732236
765.4567730944287 487.43816056576975
328.3506530081916 342.8363182779744
574.8844456307585 935.1107502144454
393.9816835206921 645.5539222867549
52.290345071125444 607.0000930702511
