197.249 44.0159
557.164 887.722
629.591 821.703
817.348 853.236
735.946 602.414
334.051 380.368
760.379 109.025
792.283 473.596
508.363 439.253
853.042 140.923
128.798 511.044
195.713 832.759
225.534 604.253
140.699 751.635
225.451 155.632
724.708 798.107
397.877 569.879
491.211 535.746
473.798 235.742
432.872 803.681
589.04 541.557
473.786 632.196
817.806 655.12
384.979 194.325
43.9212 280.223
902.447 320.568
530.35 793.571
285.335 681.029
162.891 421.002
318.672 477.225
224.369 503.893
237.265 251.79
835.806 558.788
901.298 222.569
900.981 706.947
503.028 139.224
545.889 44.6208
44.0119 560.189
44.0199 735.598
559.618 355.726
825.649 381.451
819.728 955.999
634.393 628.568
416.609 473.686
43.7622 462.309
217.703 940.062
345.955 758.411
78.7452 370.758
229.926 349.516
129.609 137.084
837.603 44.1269
76.6392 826.609
99.2433 42.2115
658.744 473.339
432.63 376.973
344.496 106.719
412.387 957.341
741.281 331.586
86.1247 648.681
382.989 292.668
382.419 667.649
632.138 282.169
662.632 102.017
654.698 377.54
901.607 803.185
719.607 238.374
812.84 264.763
314.397 955.989
578.322 201.959
730.835 700.286
143.037 296.803
625.228 955.998
723.23 959.165
638.52 724.11
544.442 696.581
900.974 901.195
814.666 754.143
358.815 867.877
447.89 44.1399
890.674 479.067
