objects
371.8776115475115 209.54628848086244
31.884506948217368 841.2881505046636
94.26926075113124 94.98652233813948
683.0267220422787 303.98795413545315
897.9089164080132 557.3656890677519
301.2818608383217 450.3075273912873
399.8636660065158 393.7441185568782
670.8135190777841 146.5463065131184
712.3938361696081 877.6900101391266
325.3644289090473 152.5281329848285
508.6573184145059 424.8638689869581
461.7301151894221 505.8597734823834
896.8036181309138 313.69030346819625
524.6714703927299 42.061398112915825
206.88576828127862 814.2101403543264
599.8454811602775 726.8708776427802
75.63254208760918 722.4528337855419
292.6579089633959 893.9582859241453
381.32242033558657 864.1124997517564
150.40358254996616 764.8187188876602
738.4618738980307 685.2082407068959
93.13803442252801 644.3641575171998
838.1553978465178 960.7525670389319
306.87295806686325 205.3461783753694
396.82456818270975 42.18395506527423
346.657822559529 371.3222265087435
670.3427485946843 515.118837285872
920.2704980644511 359.0666287225432
61.578941165153346 372.66081362306284
940.5410585746525 747.0787941302908
389.52172833842553 685.5729094368311
152.51626935392764 247.08056352921642
867.3623044043017 625.9816397431424
383.9219853720508 468.6734500500331
121.39469072777818 296.488285869803
583.1743617738282 872.3374887759741
720.533841069842 472.72416383855636
76.2307669855993 928.5524504830491
851.1536194886263 285.22569487970964
171.35155051910883 165.80310235151367
286.3978527582359 636.551922749208
182.72026403000618 929.0953560011388
124.47908334600112 426.8959232278098
879.3240510182833 867.2772563919968
907.7411248728395 922.9412759030296
852.4849199670681 581.3182364474502
384.3616629734056 545.1103352662182
495.66592037639214 127.38694234210946
206.9007777626616 595.3862673489626
221.56305650527332 884.7119520647362
328.12241082520165 317.09813370144275
812.4782461654091 353.60042362163847
916.7742246601181 832.5350736680347
82.4682259374331 780.5214560521939
659.9314072811158 681.6254205247159
893.9071001407578 252.20217110482895
626.1968688088251 810.9781971847949
436.16800940882285 824.6335264993213
251.4125520186753 205.72034415041023
960.3862451908948 929.7930471120098
291.3378948736063 577.0785732781565
212.2225758711656 74.95886074216844
301.6686315866947 105.47049078119935
884.7458095814744 752.0086072515072
227.25380860612796 357.2881492037336
324.1148473444041 723.6879638508332
521.5866805897051 697.7998522382239
78.01563245091681 540.4825063027513
794.480076021909 636.4060861831214
55.58051078782205 489.6776844751953
387.0779568260723 627.0108552036619
232.2181928496249 719.8224414718311
124.97979943036684 40.863680352732445
66.5795903158524 303.7174547833672
865.4696600028607 708.7230381099686
176.3842902365933 860.9336457487797
332.38972285604996 785.1572466914957
848.1161403456196 69.99463289565026
526.4200455942356 241.25984331606378
121.18152685047306 831.585631173622
711.0624561451617 793.0097911425645
49.96628201908848 252.26251220992566
546.6360183411205 295.69729295801994
478.01241310148714 177.36823327582064
762.9126627218257 499.80696752982317
588.8998665054759 383.1266034334951
711.1801339378495 954.6023220512454
657.9162437538753 931.1557163579249
283.86933643341706 749.5469419816179
849.217342180043 158.20603860259519
819.6007736983789 878.4847640425207
817.831899390034 202.94141074352873
405.2764708152416 248.89460069122794
240.70247950429902 405.3468403103119
613.3075099260519 40.48327567131136
477.92366222303747 758.331028976163
681.4491450792866 727.0667373901942
620.7547567712548 493.06281671199986
274.6914643279044 951.6645223155052
29.234572291126728 338.00428310760935
270.80354588127886 150.6950545389507
631.8663119347289 223.8665048216471
390.72721063978713 786.4965484419736
361.8143067368252 273.2447960136297
518.808264809005 488.5526320400428
500.5450893355468 330.0636285263324
817.7382848251485 687.7655590483363
140.54752740066994 608.4487521077879
741.9701498437583 174.86015849773725
548.2831237836867 144.66882473699852
