objects
448.2266486070978 196.90091854629975
431.74538021562466 77.21490472175529
943.2558524323646 564.4351904907234
278.97147434107035 475.6228644690324
96.37512735299642 401.26374584430187
160.2144108384434 308.6023672932969
304.394820671659 330.39388286969165
163.50197154846092 453.33705531507496
382.78021357566695 551.5671494374187
944.6770214065208 800.4868793492606
578.086766807349 600.7652760314247
733.7840294080568 269.37608689399065
314.97439377607043 248.3417861312093
897.7507047674111 942.6686442745005
689.7904925622883 562.676540314747
617.6620578127637 770.1359291246182
771.1069416298526 862.5476568559311
519.8391661500202 812.6839145383011
109.27735445213632 498.8594015789249
817.4706117628276 294.0906978997847
303.09825231138404 44.3702731752185
134.59454702003626 764.5898870899521
854.3683389554501 230.8195441820124
521.0559098251455 715.6944773886531
135.73773651160076 615.8625221367977
924.2739002292268 127.71766927948208
682.738133346034 806.8545906058412
135.8603983584831 826.7498775596243
238.1295521764955 888.1482912564319
109.45273391856189 202.16964138720567
226.9902098690294 375.2273422150805
240.6668808341224 578.0457745549833
56.08463828939563 714.6642806337721
103.51550414801837 941.5543077846664
796.2136343170678 107.04295646196871
438.4537159265817 930.2023071533772
946.3875782348201 359.12360345603486
667.598575994419 896.8576871208758
57.02881994739525 591.5953394765576
643.3778033621453 297.11290337432445
661.1534689767689 960.1452101295095
305.03061028050365 153.80161400430515
920.6409148522239 510.4116299181553
87.00724228031581 548.1487780380891
883.0279339360966 740.0429243086675
28.180584431297557 67.77338429474753
623.6765213897359 443.40785569202865
103.17996138948911 649.2418085501139
946.8210707016567 712.649435698649
449.64574233597716 422.7407011959027
883.6702992483719 591.7097550275302
653.436729269294 198.2536026874868
376.1385632577458 956.956741066233
352.8269382076867 343.96034067667597
350.34676721205733 474.4898507087945
887.6570068278456 652.2523564698841
932.1556497168049 425.1429704404085
874.0605844997061 178.77073068565326
708.1650669874185 708.8970471562732
169.6916286567667 581.6419826280822
797.0755582454544 754.2134912499031
974.4921093460041 878.1407859718792
42.69505532420837 871.8658623884635
548.5771859507978 543.5099305993562
925.0033253061303 307.21362352131393
844.8342458009703 964.5681106012848
738.8914095791292 98.1477508368583
28.667696740638053 211.5516925168303
846.9466397019908 494.36769147686994
813.321970221202 53.81934612357824
162.84965000202587 379.3347808729213
945.7008261719993 182.65108729847867
843.9079220205751 884.7486862345946
474.8942816998723 345.95549080550734
829.8668918664862 350.9010996852926
816.320200970348 798.9675994278432
561.5660307949697 680.9357488446785
592.7842104726817 720.3293254481297
385.6978259465908 729.3361974328774
303.22500272495074 751.5412005110695
763.4344035250102 334.1950072299327
733.2308106615686 494.2458417394439
751.5678065958965 907.2839756900285
567.6066422736468 971.4309728809131
643.2600640921108 58.60727105676578
781.0478650078555 650.7878487172063
174.50014021628778 61.50227567256767
235.14370645564176 692.6678728640178
514.9859206320239 917.7623795076644
354.6603895258256 280.8858663555843
253.4025827078805 936.2129921632664
446.0600156352932 259.502476565734
664.1697491601537 142.5954233821244
915.150560580583 251.1577304009756
179.39512294766067 711.3222562497251
610.2407535826345 508.522839054569
872.6458081973711 544.3558632066423
818.4473093425113 155.23244839804616
523.321370038113 97.43177982184575
539.8414506836039 180.55074397540633
373.7867289650443 101.69577690076203
335.3110787482441 808.2187625865903
138.51650645728606 104.4850592174954
157.61725278069216 949.0743531820096
548.2237829606553 243.23045807032017
380.44551925558926 194.09010378853216
412.13064237953154 327.6739292372565
198.4418286251343 511.3930697451817
642.6933736319775 683.3600119998594
562.3983813605385 295.55743139694914
