objects
108.47683408929197 734.1162048558066
358.3926081386784 487.4456868691193
743.5839959245201 659.5075951412549
937.2155214850031 603.316591820664
746.1463667384736 423.033628520609
375.04946834999794 372.73722343256225
369.6503995977238 219.84408518417578
501.7103781753109 542.3766825126899
294.86395393220766 863.38363910186
798.3252280146766 839.983079651363
397.8629919451645 592.8420583597454
617.0913690259903 608.7970089858077
517.9436469164832 939.2903274491124
149.86557265277446 623.2717601280237
40.83540827565783 204.10188518921734
455.35772541707274 102.29829600146897
499.2686246151468 849.4135742247176
55.941857721937815 332.08980783571235
813.4650734414984 535.7011613914849
347.29158915875405 640.9094865392182
949.6420734174604 972.2988762731302
534.0275052325939 622.0479700552546
363.2497217281566 770.1094311705267
790.9356764726361 485.0722893929752
259.6795366995323 559.5094591952518
825.0876975135758 50.04442401455326
567.5248621030245 227.26941283923367
912.6631950329911 348.2715040305394
484.97737830675817 713.2430114368365
244.29570505740634 236.75631766351546
635.4561852296064 509.99818376509893
600.2941257026766 752.0726529304111
376.9572714823738 91.82637182989573
35.563134634259825 627.7068996160093
35.61698936321173 755.6941278792458
769.6695704918625 140.91782374785575
540.8700253284147 878.0476530627776
818.8988282682697 109.26531800672711
625.2586092800642 661.2766286884474
450.6470007626797 571.2685988059955
915.977968446035 702.3601691319507
878.5426951850042 172.16924372125123
80.8229166280698 107.80494087096392
135.57978069585653 524.4517044979846
684.7181934458949 928.9558366021344
310.40660296849376 702.3605532525359
608.8886256968503 101.88235463247693
142.1498661643942 842.013291928934
641.8469526249877 426.12555888930535
707.1503674577247 476.6855343901394
104.31214519714601 341.28543767432654
919.2852060330299 834.5268811278398
643.2829445536236 886.3127397508449
885.4434244537202 446.3500101849428
83.33182259591888 591.1794015698067
69.67840613577764 850.286370803169
694.4186984820598 352.60561466738943
138.07419436578698 218.98813486160563
712.7077228062718 774.1466557971635
153.61271718141032 676.7305107923911
535.7192064029391 334.32474677154846
430.93743112013476 825.317712751374
255.5476219792614 807.7285103190717
722.5814214947198 307.5027040811792
273.09234184855416 745.3694813634665
220.46722083803135 389.5078818677654
458.0892309371087 477.6271847065549
837.4497819190306 950.0401402950059
948.847559835131 257.4395375928335
344.80528508002476 27.78583855911059
308.205595544791 454.0608139061486
462.71426239056325 370.64028936727675
269.14671306943205 355.31207057896165
850.0538399458383 282.02410038257267
374.3644727416927 285.2416888658006
777.0402023345056 733.4780525740495
543.0180302659951 688.2280638071763
301.3687482653379 56.309368105406435
304.4461101793863 298.5696965775611
230.91645773120268 704.3926269299128
568.0140172664356 951.6367484229874
730.7459862924889 873.8125228392538
375.0449307564553 916.2305048025207
96.87913997771813 672.4739580718896
661.2086070423466 758.3466907103128
237.06327968625578 169.9254970706381
81.59913752570984 934.0584099837199
967.1040672580826 902.7683092737636
774.0000742283398 46.83095949015002
345.99673084438587 554.2288689715102
95.13578762117965 428.4909335778484
139.30995876257145 968.8244038465511
447.3473229624353 255.43207706279716
486.8134005258868 289.3355969742836
973.3494859734952 409.88592912330273
668.829331356249 690.2554625696623
184.16749296844048 43.88674837499985
516.020375940559 245.91989446898614
908.003667481351 755.6076664700229
607.1447284039192 152.19918966370219
952.7471010054611 160.35137204703068
551.419618520176 451.71763471071336
754.7993872363944 346.9285653391869
727.0051755085545 521.8244055560779
975.22577759983 823.9276171306839
959.8668179744252 543.5009644193822
440.07455070756885 311.8805277789262
194.77822933851272 92.4249423833931
340.9628489872897 852.4074162058206
331.2180131877358 970.012637259301
