792.037 169.351
255.685 262.114
607.748 246.904
623.91 893.05
215.064 953.5
178.554 193.86
352.78 902.331
93.584 125.358
850.246 254.326
554.651 578.808
321.281 614.766
639.665 450.499
461.758 765.495
48.5926 922.015
746.218 443.069
348.151 307.49
266.156 46.4977
476.165 338.563
46.0203 488.717
236.388 480.51
704.245 600.693
677.235 804.928
540.57 953.488
849.388 453.747
492.905 496.202
209.109 602.342
293.556 394.832
75.8125 718.76
104.78 619.294
374.577 710.644
403.334 46.4947
113.885 835.006
178.204 754.53
487.154 159.946
396.45 403.682
895.464 160.387
898.35 362.934
336.475 198.224
898.328 794.151
623.585 348.698
193.061 369.915
143.03 523.331
768.384 852.896
710.221 292.992
531.479 847.602
412.771 561.09
597.924 144.028
339.022 489.187
430.837 246.073
898.349 648.629
289.013 768.867
745.952 953.48
802.006 755.548
223.814 848.448
710.799 707.498
898.344 906.654
795.349 648.799
849.482 556.748
562.798 745.499
619.633 659.428
