589.231 953.549
428.457 371.511
63.4779 674.592
418.852 268.823
811.253 689.732
201.415 490.39
806.37 237.883
45.9859 134.672
461.115 97.6213
106.905 559.487
508.155 890.15
244.515 126.516
894.14 294.964
189.633 953.21
741.563 317.939
784.959 903.264
245.389 376.195
898.339 803.573
798.101 135.217
646.359 271.67
46.4986 237.671
217.601 850.866
709.442 672.463
64.5291 339.08
340.514 425.66
387.507 953.5
641.632 806.056
549.937 46.5002
48.3459 474.751
559.249 216.871
814.51 390.843
662.047 421.658
151.761 284.383
116.68 871.764
373.751 567.345
850.722 525.367
592.473 496.982
372.403 46.7818
260.255 574.82
898.371 191.979
357.923 739.743
678.531 902.22
499.839 542.015
555.513 400.626
746.623 46.005
437.211 673.019
795.382 800.575
712.828 192.988
539.547 792.05
539.684 683.487
898.345 46.5012
297.59 240.304
133.725 749.922
769.409 588.719
360.262 854.178
144.423 104.354
145.774 402.399
388.437 170.607
664.496 574.936
627.313 135.576
