681.36 867.804
565.301 742.72
401.508 560.205
619.309 950.015
339.761 229.955
258.13 578.068
749.886 589.544
279.22 913.787
891.935 751.569
212.104 390.291
898.381 304.572
744.407 185.424
55.1453 522.134
851.931 900.424
625.004 149.93
164.596 534.803
373.825 367.369
499.137 862.377
164.445 766.068
255.891 813.466
753.93 287.983
67.4468 800.699
463.168 315.434
852.091 602.315
47.5358 915.111
646.883 582.554
898.347 501.786
619.187 483.373
132.41 292.297
756.236 938.533
170.654 46.5928
472.656 485.782
542.487 383.139
70.3953 652.119
48.4961 193.57
818.725 93.7267
659.432 247.006
511.239 654.648
355.776 838.651
161.61 149.196
218.662 235.25
367.873 46.5116
435.506 124.189
423.729 953.509
119.857 441.969
412.471 700.356
484.827 214.608
665.486 714.848
311.876 677.012
69.9438 68.6501
547.059 557.008
284.161 316.679
562.603 282.123
760.314 487.098
623.919 46.4926
898.35 159.024
535.418 99.159
640.484 349.542
743.983 785.446
206.963 667.459
