789.552 327.166
635.104 777.806
286.681 598.33
711.388 250.908
208.55 137.522
326.552 250.761
840.007 448.132
324.638 502.551
898.341 560.179
257.804 853.864
851.037 709.173
609.171 572.116
628.245 311.705
354.456 95.8293
360.447 862.427
427.634 501.444
254.969 749.381
406.269 184.848
496.714 135.565
760.375 758.097
246.693 435.256
53.7688 492.404
444.978 46.5008
448.893 400.67
526.32 471.94
898.335 363.239
66.0562 790.124
898.345 953.424
472.364 953.5
531.149 277.331
443.054 800.903
61.4953 191.63
548.512 46.5
225.66 951.683
801.98 854.351
698.77 148.685
896.425 92.6064
397.895 706.373
483.279 605.289
152.465 382.089
156.505 485.039
531.853 748.714
555.649 892.893
152.911 731.745
129.809 71.1077
97.7074 926.108
738.171 657.519
677.401 494.642
615.174 209.231
638.933 953.5
155.613 840.97
354.548 354.594
849.721 185.184
96.2386 595.073
154.834 276.077
783.031 46.495
613.419 413.903
759.567 556.772
751.627 953.23
190.804 635.966
