500.831 462.67
175.089 328.084
219.258 536.303
568.651 239.19
466.181 249.621
465.036 609.986
284.496 938.183
367.297 278.449
852.635 239.083
297.927 784.989
104.795 158.57
659.813 191.21
649.959 302.399
850.787 135.036
598.697 87.9374
709.96 386.146
897.686 501.743
779.452 560.053
762.783 188.728
391.743 178.392
603.735 458.229
663.492 653.671
275.532 80.0919
203.967 827.212
166.231 923.061
589.202 950.461
408.16 928.441
378.467 76.4051
264.334 276.389
898.225 953.473
504.433 46.5245
663.102 756.656
704.028 851.176
849.808 855.461
400.355 773.896
803.428 459.928
560.631 648.335
795.225 953.499
46.5029 69.0271
566.464 792.456
242.881 638.021
52.3005 765.369
132.253 673.754
59.446 914.703
701.313 96.8298
210.584 432.066
339.544 690.763
98.283 418.425
490.07 723.369
692.176 953.487
146.983 46.3738
614.945 560.837
856.147 741.474
753.308 705.821
83.6317 281.046
320.983 370.374
398.863 448.125
898.19 341.37
510.954 153.912
375.556 558.326
