objects
556.2415274539484 58.69919272719358
158.8925120030628 175.56019600435616
403.6153352252356 299.81597860862576
967.2784134309718 689.9244500645353
36.00542332153613 677.2555159022869
101.25277600624975 746.7238004507195
45.324833729108555 763.1579541516379
105.29064542752411 834.169286999567
962.1744597461795 910.6040797146624
124.39917173262054 23.461218045162283
594.693287110509 712.310260521029
861.4847999992808 261.1750625261428
965.2081175560057 177.7167458597685
741.8787347981759 140.42060629487756
658.8203270650246 667.7867018192181
508.0179654429803 306.69993691752705
563.1018867654393 522.7273888904762
151.44621212762672 662.5251328108982
127.80361331986634 396.58463348862506
490.08904373879636 745.9948321997988
549.7922163823201 410.85537591849993
470.9477317621718 789.0594908549384
357.65613932282116 107.92179729594058
359.2551341224144 856.5177498699818
188.68587569964228 925.6580792998527
327.193754483182 261.58505223577254
682.3529227403116 161.71389875698608
914.9171529301441 744.9457623007291
764.2020688297455 819.0587591316913
209.64314614022558 543.3743080415088
95.69247807124829 685.8348414785214
145.33668890848983 787.9687329202038
432.6056177050381 673.7504032748485
785.8247937119355 784.5621235216516
38.44033638294335 263.7063096669784
487.07188239606893 437.4554259857857
694.8520140899152 39.52461414202551
302.28658137268263 729.6231677573832
464.91693457350533 556.728111610812
861.2218690276316 143.11491117103722
316.4713444917819 124.57985834333098
505.9265612717841 528.6049850025461
308.901743306721 943.446832262293
643.1135852233059 88.04669148793614
783.7812116970596 147.23427003055724
500.42125410746434 840.9743696372004
193.80583536857975 50.19751215545938
656.3954770025642 958.0495246178472
598.2705872623816 258.5074604631998
921.0966746315112 381.0115428443214
756.9338168259268 270.3217987924353
882.061250198944 568.3016899098373
936.049799764745 645.1842170725819
752.276265396357 311.6372725088997
683.0820112771725 758.1862173666242
337.76522891695276 472.2202926444784
767.7249851742588 357.6782869874245
651.0066694640695 591.403798351043
640.7012475075619 757.2721651944154
258.19202695274595 707.3871875195549
256.3778584774931 249.49027004358848
799.3430189449671 607.7864403524642
730.2486797414857 508.12275224339993
403.03188746603485 591.4790173389898
378.2192258348405 917.0430401173834
771.5438443708765 951.8690594476535
792.0688989851386 42.45498790722404
374.4655537701421 522.0564628167533
667.0779649764318 841.5611537825997
90.20467568465298 940.0403021028442
700.1237559621753 679.0078503855323
829.7826241305988 954.191439531987
766.3033852608786 670.3206944386402
608.2882384858526 327.977430013041
924.5068205504335 578.3975864699821
276.28108746885147 378.8761962691841
160.81115803636962 609.3852078108088
595.5091070957928 379.82701053838485
793.5098909752763 302.4989414197855
226.67803659883677 111.14477046828884
77.16374439504847 609.5947156111162
668.0486195817925 363.3683692860297
477.0799622432483 164.01036950087365
459.7323004856268 646.0018515237329
271.5576486993918 513.8480542883897
322.18420858579935 22.903274918475095
430.8096947833238 100.2941118335867
761.7290097264923 102.01103060560817
542.7441248599027 486.13480845269686
715.066933539194 905.3537704506322
431.2918772654917 943.5144677135962
407.43316971170634 248.68765675109512
695.4367535297081 101.13336155559388
420.93962021103493 411.61261892772797
945.6845395792562 425.5008245990286
525.0920850554727 94.55148948938876
272.7127998937439 314.599783224603
905.3047823566932 451.8943712730881
320.9655475360659 424.9216650869889
247.00105459322754 186.8576265260256
200.87598613676838 372.3635500434019
582.1728523092555 585.7305536567962
75.64692787333549 471.1579870586635
83.64510987924692 136.09078798704616
664.3760594233304 523.9576002397876
54.62324620523832 974.8453125595623
875.9079821490934 351.0513975246084
401.45431103070086 647.9722948245882
836.5601995567887 716.7782710472367
885.5602794124136 94.21782826117247
102.68979007582853 81.34348590358633
695.0340055676406 554.0368080611091
413.9194139079214 477.33717841493456
907.0807432935258 492.28417024810085
122.55742132824332 516.777041450229
182.43316391639817 827.7849739017947
836.1149194514182 858.6888769223444
852.8243208966101 666.8458980057702
694.3803638222738 436.38892297104405
784.0162998157015 533.9375551250683
741.7974070352678 54.98524717435485
406.22757215701716 62.946940650323285
24.75679156250474 925.9274399615657
194.27822417579108 978.6548589989216
763.7722952680238 867.2634989424042
172.06818836321605 93.68384507487986
201.69584555255744 759.1597848672587
538.9728120178386 572.5676108203631
892.5603744205038 651.7489774944285
164.65535858213246 271.91475694600035
974.8232507612689 952.7352915480662
206.21272535088505 157.6149928167538
619.6817209835947 27.09527531399074
78.7823858666943 896.7011225783579
143.93965932709582 331.102815863126
611.976851120326 918.2492444984986
701.8464784313569 821.6928121309872
431.04198767405677 361.37516208668177
635.6283372499149 157.30478806228612
653.667128030111 325.198174178463
92.52289103329525 209.40283040540268
873.0600090227928 514.4042244735815
696.7236266312739 286.06705011955796
386.2406029072534 171.88519060457446
944.730778470997 59.80808827891653
295.3639671919807 839.5202180313711
377.2444998455535 377.64330539285584
180.6158886476767 723.8240522821052
462.8043398456439 909.0576025863337
233.67564081243702 588.580031381413
189.82634278943084 867.6548409574829
405.9027251027043 865.4797573493494
396.2208572495939 967.1669634709281
50.0194768072461 369.1962896157389
939.0415709637771 877.7710464318895
587.2554561626941 465.4647003645788
483.31432589184476 58.33531826466876
534.2873408070238 935.2946696873281
117.77792720522655 288.2729737141027
905.7556789708966 901.1511763032677
