objects
677.8470328938973 26.217153512820374
211.96942998398796 292.32595880464385
554.9590092658054 339.2847450681627
730.144690041468 581.3725102987738
756.6358114358217 851.250627454769
494.75614873919227 700.118583867016
837.894312909603 787.8891526225478
23.11571263105717 587.412726611093
861.4138168834351 651.6554520729088
230.8056678517376 93.83689152171078
282.12924544215826 538.9586984047062
35.80082297186341 736.9019423992097
71.0183042888942 842.6828079820395
315.0330220822246 449.92363979326853
187.89710304691812 649.4864424848886
764.4001253442514 475.91736491709366
332.6255855934478 128.26467666126393
477.99672595391763 526.3342801604533
639.3187440787055 305.17965648685754
180.7304505375086 440.34351410977456
804.7742770051568 882.9124895298125
950.6516896507845 118.50533965326305
522.919505224454 638.4737963494948
696.4746979298549 558.3617626917007
478.0877193812258 400.66729579133346
522.0336887412222 40.014773375531476
484.87814307908576 151.64524155876532
587.9931806928548 199.3745344487315
58.55818663927079 295.51376476943364
386.86715404048397 237.7233104330455
234.91314000197934 435.0850627724622
597.972445081105 640.3312845141211
305.775798406312 599.9705263813303
583.1187159652171 83.71093127458897
115.76187987845623 892.8472265023829
869.9297640545989 364.9549981072781
587.6619473049273 481.7255376026349
227.57026247469145 581.6871729853433
861.5220234541118 884.648842080832
130.11422701674775 419.8405765044089
515.0801570756704 568.3366205559894
907.49642865229 668.7200643787769
802.9345422368613 145.07768466969173
820.163950533483 210.8996030771883
567.7853579844339 880.6305936207602
544.4699820101923 524.7593964905301
623.156624250634 131.8256538605279
756.5973536223796 790.7088896014302
822.5203963010123 729.131472400379
158.7459744283112 921.819365952395
222.7743116057348 841.8217383697645
591.3489075158355 840.5975959841007
456.8814584695149 577.28023522754
852.0859977840777 498.18046166568587
947.0790730483719 435.7704163700634
739.7697876918306 427.5330637635377
312.44392639334467 651.148039250826
688.8561586342432 891.2763909889601
759.9101504733142 623.2733560613515
433.18846979838605 439.46330243073186
167.0267368342035 258.5069788305075
348.7278296437424 396.910120452314
811.7884433430045 323.6229129781382
302.52786986209753 703.5523705189237
319.3831606136877 911.1006244256381
283.4005971286503 148.19999697947011
968.9044943426896 697.418715339068
627.4586111728346 407.56780050069614
695.8699462195608 479.2006687814453
390.9229769608799 794.6878585918556
250.49880600384694 965.1283981444748
631.1206540579608 188.51255173353934
799.6302747796075 24.805996751819475
661.4666092911665 505.150469215673
451.1813271458548 662.9698463054212
459.5145135962325 306.1959590705262
676.1450071980422 125.5561101121848
363.9545593037539 324.74070554820986
242.89590918970498 491.9471620651924
130.3474215685351 792.2451493664831
651.7112818306946 699.1960028214195
889.8472656247523 574.3548896987045
242.16221171251834 46.38038566677391
188.0042690825858 815.6438331169584
607.8314684467958 542.3498152054518
709.9213725513899 846.5839390958851
433.9032206873488 915.0708197251923
722.5216249013824 57.8326647799002
76.353126576485 587.6667276389695
784.2964149423368 756.0960932021502
21.29214605768892 814.8207470297664
161.60655136180424 173.99049716007744
607.6425360002244 24.691424945800286
952.3228490307614 743.1420305531803
198.34327538153937 963.4654433133201
823.4066784981077 666.7035577299932
532.8718883716099 905.932398109553
109.4253541918846 461.76850763491893
443.06760746150366 832.6120077214404
124.09599695112023 669.3504405383933
434.8562829640076 776.4448135180039
729.191501694063 728.5602220240091
429.46019619988675 384.31344213569434
130.28935543344232 22.08967744749212
696.6740480763355 194.08112268118606
352.96633751361856 563.6982115637167
52.76896051779718 169.6545705756852
323.57826452413366 171.56715849961532
73.6699704081212 256.88860980943576
229.0533979639254 180.43376042094224
97.50637468779126 374.1129379485108
955.4845766410093 851.7726047498688
574.2698441025806 728.9457434658168
916.2702864612062 407.45927009992215
513.6099537905395 286.5063554882791
897.8877249042774 735.9425694267017
903.282129123261 285.66097692920937
950.9291178219823 209.92418229551242
355.7593650754654 727.4624434518861
876.6939296388938 410.88759544583627
51.211585373250976 387.18835306963405
406.20543038357806 950.2898973498764
206.4658254032749 688.3729301915521
341.9853714501122 484.4882387928791
366.34373696917254 664.2437414340899
24.693626264457315 88.18160058118374
261.1995044057444 396.33552221633477
228.11026308673257 752.1772691583856
790.535969166804 564.6003230373074
171.87653867074073 81.72842660888624
893.201737714573 208.06233418912302
480.60916883027556 612.1569646988663
361.8706362305551 272.70681371530526
315.2769683108269 53.76840617565773
937.5693850077971 977.4463261573227
387.6657504011192 381.23171326953855
738.8217240034227 164.86503537866508
643.8706067613768 755.2054779209686
958.1517695552712 267.2410924327116
699.1755360221639 943.4748961633962
55.808116865457436 678.2653877536296
358.25836020124603 200.74269430530683
235.36557226466806 928.0160954168058
330.75262626613556 798.6097316614594
392.38034692432956 147.57285124751607
21.83510269292477 445.99595970668975
764.8509655763213 276.46706497765456
249.4112299852075 624.5127462582445
560.2174382801978 144.62151062902043
635.4166646803582 944.9969425681535
802.4408859679324 503.4309751413298
289.5224884348576 280.88889296268445
605.0624220107337 326.5950741748351
198.2538754014653 154.51930779410398
951.1277961506462 523.8858047003648
34.52590128719167 234.60358409688627
947.1890182525436 576.5613613418366
725.2934008073746 663.3306971389651
686.9396630891287 397.18914609509295
112.61534654460091 70.32967708992021
