objects
634.3527527291358 934.1697281902589
65.78099536723337 565.4379084614089
460.6675184898876 509.1007954416927
409.02511020984275 191.02057146351171
491.2116674858427 874.1602828156302
292.26344594136737 58.17847660725438
77.92315778735346 719.6199737164411
946.4725899349643 741.2481507790462
616.1232033445418 795.7929732759113
800.6910349367075 569.5996033118422
266.4197118198542 862.1877586966377
166.59166268365954 379.83227743633614
272.0993024132169 431.28431988658036
492.7256239388823 268.2527796744414
513.0517783732888 831.792524546767
520.1957703020714 574.3740582313472
55.42259601474373 909.5284822051791
31.145536552399598 253.04734387872904
115.1301001469759 591.4164222597112
222.42255144298952 918.8295404500049
824.0725147958335 683.7942145017207
694.2988539602749 875.1757984893369
158.07830499748684 722.9313810076326
753.9959963149033 109.88306625981268
974.065593098236 835.8425643711248
256.1677101758232 482.72308128925545
759.240943955416 55.20068646187187
600.5324973415193 614.7778096481061
63.393180576162365 363.8528754430349
741.3544504353482 457.72715783958256
150.820578981477 312.00059399596927
897.5219794857393 58.60174508935157
157.49003333226958 592.1033357425899
307.0103590571647 192.5754779229277
928.1232503080452 23.53586076323706
656.3450204294772 446.83520254793
979.7921280585489 793.2027565994103
722.5885210647615 413.7352369134238
962.3299743279559 240.7643531053689
858.6294197858633 76.5026567211797
372.86445443983956 600.0997519646803
76.12161402802643 295.3660357511166
146.00856300195926 857.7753940301893
935.8039712273476 534.8990264837084
371.980461852022 108.94457134289348
188.70566467574508 121.45771546976768
814.3626133439672 958.040889228853
240.55376776558532 87.30678803491406
421.21090964935263 675.4170447035779
701.5926252986944 507.40558800522547
649.7802417394329 319.6799954304466
221.8519465353268 757.4317144959115
307.1175704936488 763.5600371126559
166.1693130095173 87.87395623791245
94.22581867577652 258.80085376137754
844.0724642680477 320.3283932883692
592.2777015344918 422.593191511087
831.2711616262237 597.4737719443474
504.714471634562 377.8057085813454
583.2085462112568 473.7405531987696
23.580170857129175 951.5269016928154
907.9147678746928 762.8723818577095
272.7051405570399 355.5006141867167
922.2545258435802 323.1658247835658
138.07851658823898 424.7367535645149
133.53078040285894 923.7676892107718
195.66147938861408 959.3599837455923
884.3108540575302 463.18771224489467
558.8488313714612 158.42713462342
620.166000172007 840.9146823712084
123.23023372918871 506.27446881313296
842.6860340831665 497.97915521339337
654.7352894133601 398.2100999933544
673.3602373126128 260.64792603701756
323.5046895202392 679.504947967045
183.64108741528062 213.86914981712215
877.9423816558325 142.08223294060352
849.8479538890582 196.3210734223756
703.1396728505798 119.8366732912115
940.923922498781 368.01377584173684
414.491369892371 741.9953667265471
867.0159748122037 760.9860441042598
503.40379116597484 923.4446102276434
39.823206620832806 412.2896378183162
491.1462746388191 307.8476671509898
940.2842560108606 468.2381449983948
604.8955987010931 710.3760907414578
877.8183929089519 253.7239687633491
419.1893248997867 878.7851038369275
638.9500229151816 512.538902875723
444.17657309441404 72.1962161138488
808.6073767156337 746.4079271794511
195.57114014856887 887.7142308995002
182.03320616014452 462.5135129681991
393.16362552124207 480.2758241569017
638.6708579042843 602.9722849623067
498.41912846945723 639.6085448497419
569.3216002227821 828.4976390724028
764.5166457800118 291.5529930730162
180.37017001491697 26.101971558962347
201.91152144101773 681.5796433207297
760.6921831575264 193.79921914257397
662.9351228133506 827.0832854949085
30.932431899617157 164.97343263477939
301.250364203609 923.303962265404
488.54679771470796 745.0873262708802
864.5097812009818 806.1198437770375
401.7938729793418 947.2823947691517
579.1667724891163 339.4764158933866
804.9065160653187 317.449272187756
785.7903799863259 917.5059703139611
409.8727698338282 342.131211709611
460.22879085514194 718.6732851628749
884.596615443855 869.1909913053222
190.23998647448886 170.6971823072798
979.1649722281501 45.629782268583526
200.41098650050628 261.6282140827229
590.9272238749583 929.9765205442046
44.929626531655686 115.29418847660567
813.108768475317 219.37398914313516
366.5388954402401 424.0687242542715
920.8196069334136 583.1593308060658
970.6382202171498 97.00657384941789
733.8658975038676 872.1124239181871
577.6499219879024 207.17199715479018
776.6438767128017 375.0494249303308
310.3156997671751 399.2165897427588
804.3555362579181 483.7174727859052
229.95301096561388 290.85837403329344
39.96716330362118 764.5353276373405
157.44373854945607 272.72962208054685
438.9274945765842 783.150632041037
711.3660497314683 252.7888016425268
686.6228016541427 596.7071955473652
327.0720648638302 533.2848682531848
308.77587584258066 497.70657458482475
565.220091071135 25.298619864072418
520.0137191819151 706.8193599269678
480.7422175504031 172.52715226692453
329.70054159870887 125.86530543008726
404.014826116597 400.4142819701902
672.2942596805851 192.8126850067265
287.9024271481383 99.87640949522158
295.04182804228674 596.3189890636627
468.92248719281395 666.1314711187007
525.554852712186 969.1748030610376
931.6475603678588 837.8343818522875
229.50106035720907 613.4085375138905
244.97455442948822 659.1775483444285
79.77492215945882 493.6748438958414
323.01549375948275 321.1668864192245
974.2718717165379 888.9845709689761
725.4028864836662 917.5753791788511
617.199871710056 893.4787156594994
871.4455158836973 524.4643105404992
265.8221362054915 565.9622131872053
701.6037585340811 775.3598889470295
480.9062171552833 223.02883739478656
765.8040829081509 799.7640791441156
219.61317295686467 814.8533965146908
