objects
182.7216004695248 276.787518780457
774.2411790714385 762.2953947149614
951.0069589203885 648.2057529442784
406.5835842001729 452.6333740793906
629.7332710901409 450.12821185413014
682.2681274368077 879.5681492264629
376.52660792579 205.04452095192087
330.66595410639394 261.6969873044588
360.0050721769432 108.53622944085542
861.4347838937191 247.51703977220723
463.97869792844034 218.09239806298402
528.0534972966772 553.0865400453876
708.912176683446 26.083882073506764
175.5529386393908 423.9422619202522
969.8906972102831 132.92046806763267
819.0476272409473 604.538652523495
887.7392462965305 214.70474740335936
691.622369210526 957.1325580082801
812.7619226081353 316.34805197894684
389.28863750858005 584.547020778237
564.0777504620967 575.2342071243786
92.117299043648 141.76787650918018
644.1936943013573 391.09690023374117
118.64111331480193 727.7283026402104
298.13291505219007 178.9379408296103
55.87680864004956 337.7054552008045
551.6002283710022 218.3537707877829
469.2845910290571 178.61901577063318
780.921460800073 948.0529316121572
912.7485519650683 608.6821653144707
665.3297162239793 680.604244913758
525.3691040582718 642.9922499466442
91.13250486868235 857.959463705721
124.6093880017351 99.95081939009204
871.2210146634417 389.43332347169337
626.6469164684097 287.25594905248624
562.8250995407013 260.3568119883236
604.4172713247104 665.2645083963091
701.1979901081462 593.61607889437
425.05522644645174 923.8711566863999
680.6804003115442 356.5233409578975
163.27586217324375 508.64245879264337
623.2653399150763 921.7174027141052
833.8263415911516 675.7229172350216
392.63799334479563 134.62936463739308
586.982562555252 42.82050810325224
419.66065801290125 712.9655332657111
360.7317185477891 818.5139070876779
315.6146463774217 84.53912534408364
959.2273611017171 937.0013446017875
741.5558030775213 328.6305453407858
946.277865431418 717.0449899907222
360.0365516463518 34.17785582051389
454.8894933197026 650.5891696518722
879.7760516521447 654.663194807912
756.6043821099582 895.7834653086034
757.4828417741254 603.1647766079652
457.7094262335846 62.19501874162174
746.2972327452297 382.5514842134656
368.28682336634307 877.1706896591062
289.3608155683079 390.07204654869423
662.955431131286 136.6401239318708
674.0790602381022 833.0998835551137
707.1641229205851 273.05264100860217
378.1389339233105 526.0589081722325
412.93096154194814 806.8414712302931
30.05778065978322 442.32132775998457
275.2407531898185 593.4359841565778
331.60162389401336 593.854312503894
59.624295498147674 577.3395253463332
410.53383716918853 630.3360193477696
26.096988829450595 685.3088507420126
399.56493621550544 52.63279105529516
905.4541267400658 504.1463399043134
880.9255390186978 567.1695882074032
788.7218626200678 862.6771139099582
206.26636145694596 146.28828558028223
463.0622838053603 756.6442421048174
756.350156507934 521.3535992332816
579.4381009164679 113.23658413059817
972.2270977693606 217.90795183282162
102.79621513261948 180.12880912419126
860.1689348623933 101.09009188507652
516.8623454045558 280.5936860858035
117.9025422001454 637.2879485925927
378.50630131965477 258.1283930419809
370.50762842686805 758.2932817249438
614.7115789689592 503.1574561350358
580.8616541816957 785.4862460526433
224.9035234570686 910.9696851427532
186.01848819826614 974.3115443683439
488.70850387550644 794.9401241056972
639.9880118593624 543.0640510403157
236.94887046169885 543.2377642890503
501.2119927081612 54.43735058306599
874.0880859580294 168.968625903049
917.4594553766142 395.4828476733423
779.3281677112001 560.5973992704107
481.8757597268098 867.0023852221119
23.732625436481364 915.3881142161805
573.6890229565848 712.7709260995812
720.4192647953763 805.3216250083792
99.64334656016649 265.69801961016816
442.6521223408242 543.9058343344345
810.232055485592 70.4229189884218
130.97561830324022 859.4540417556407
536.9863339350578 355.0659410333067
826.0048782447957 780.066208218217
236.26147807211584 212.04193310502052
20.578504254737084 174.29741794407988
218.75440761546494 794.592941681311
799.6442793173394 359.95847619910523
538.4000258541465 857.9489953753805
622.5683761623054 105.84821407157963
408.9295056736669 373.5695298855735
940.0385667628502 833.8096907190508
414.81583031465306 325.0767988711728
779.1641544036214 481.0485094108985
932.9215930388511 889.0270455170954
752.3916458103963 645.1594727586148
884.5391971976744 935.433995867654
501.65949171703477 599.6703333217905
950.5614216528255 52.82638632910586
186.25356787875896 650.0328508537975
331.8101347064539 473.3243094707495
943.9415596115082 247.56798023993937
549.2908009497908 465.13441779229925
152.31582230978213 552.5523835649245
942.5513221925378 94.71856592584554
310.37870076905625 930.0891422511219
229.55564174991508 41.50819581965347
627.8131571300067 37.18975607952153
795.199048631297 254.14818021611305
851.5880329813256 891.0461873420551
715.3836553612001 164.00460158294356
815.9858809213307 913.0567811986158
729.5512964738218 747.1936005842293
724.6982220420488 559.0700132551075
294.83592425265556 721.0320905913434
255.5563139030847 305.632585530794
779.8063740828718 697.4687104984913
271.04669368687235 265.0772939675492
171.16735099853815 833.0379291616647
798.065558105548 127.57710861972468
84.36551187372454 780.04086716589
272.85204437442115 351.81780254658486
846.2902161970713 464.0281769175993
607.5896111597483 815.7854389809793
241.19762856105027 108.59364228280128
939.4847153827614 441.11385982277216
891.3918522612514 840.4520069633674
205.5900225057174 312.9485161715202
314.64667071190894 765.9260485341391
123.71065955292148 514.699400051531
421.91839008071247 204.25081731727192
269.2926283854644 917.2513440186336
294.32621043098015 667.011675226528
365.2998923220342 387.26653259213356
586.5076347772606 386.16743956774377
823.8719507658022 406.92993698800564
