objects
336.01570528103224 157.64064509002742
768.5586171580935 431.53962387958046
316.4497513420552 541.302233294556
465.20842640956715 215.61462650028957
660.4328428093914 207.51761578727582
310.50703842706713 926.4047930579804
740.593343003806 234.9124134682501
544.6211002568156 28.216282935001868
494.80986862726274 54.84694816315968
474.2750881610978 521.3557600636607
424.68452602965255 804.7026161426684
372.63606460173577 911.7048789342869
61.328234725151646 277.6834611923241
835.4370465822337 301.1424007435277
937.3049606933859 694.86809801411
782.6548182394781 55.68056366753606
633.8548356576218 756.7503849656352
148.38260705789273 68.98652609451469
139.25401500704794 298.5749162313086
481.58799952383595 732.603156111224
51.689118654452436 964.6914068490203
252.46779596664783 432.1991778541975
350.12206859256366 292.7195081215223
483.24617420764935 353.77660691605774
764.5963947828049 331.3509426005073
510.3538502247258 897.6744253881536
569.3308805702219 475.6988367347314
650.9001831176729 30.554392050672785
740.9549277744733 548.9561909917942
57.39975805700253 75.6841362114071
896.2442834591818 850.10161999317
386.0206247811691 231.41124538775276
899.2743197917877 85.96906219652405
368.4140267673237 22.140738954071118
478.4970844509012 459.3514220806781
937.6708462331887 355.8804995962394
246.48819648663311 155.99276147758937
906.0325411476192 925.5494982296341
662.0593433768136 132.91896644560316
620.809883953004 519.4468907123976
24.931156291075183 485.474422868357
549.8606150198578 183.2403635095823
232.4302021626395 695.0626071791972
947.8039784697885 927.4204421747488
549.7193590364365 901.3715032074253
929.3592128864105 426.0124348649372
754.1073098082795 851.01871567443
132.2449851736741 464.4565238927446
138.41166492124708 140.72409000494096
572.6181632103139 527.8570046997938
903.208293875795 655.0566180271287
147.64414871404583 390.1679524674248
591.0316860664783 160.3882005434509
793.220255105093 190.85158824235026
427.4368371548075 315.75990273547507
576.6094370205241 222.70924585583737
839.5893479781329 194.16901248818007
101.83466930175253 550.4037921332337
693.3453498937289 459.87511852298576
710.2383198811541 340.8446337197688
198.55567884134823 519.3560885880695
600.220221225927 433.7318570646969
894.8077818808656 276.3327561511906
310.6629746736596 592.235012445507
964.6338597198069 652.4654145306484
945.7454330132592 807.9368888700254
85.49180168386665 846.1509238145595
262.37914485754754 315.3344206820806
853.040678372197 715.0307518538093
829.4587787679524 789.4740509689136
122.86274186489234 715.2153413134189
317.29882241703604 801.9309220658594
288.69555532672956 222.1866428391079
462.97930105353123 694.7273238966735
108.29947341323245 902.1905873527998
136.12146281001375 188.82315424801527
342.17576700838885 96.0428986693037
570.0991450928257 356.56299264652824
465.63517093643475 102.10195257178482
558.02952253727 67.76835771936746
149.5755753276451 597.8290286986721
205.78654789829756 340.9215052856066
798.2467591764673 402.59974604461144
637.8954329696281 921.8204426022462
313.5289029860625 849.5995546591521
23.56409997708737 335.37949078390534
424.74371989367336 928.0834620888174
768.2643576483127 693.0835808729671
442.542325704908 736.0946954560094
55.24099494341591 654.0375753550453
187.7024293064164 728.068184483875
615.5314390366099 574.6641603805717
108.70365699683977 341.046649203103
255.317084138425 572.1835464392406
879.6185288687268 450.0090191664552
445.39075175794665 255.54385721949907
386.4830529893521 116.00164874486381
212.41152553405485 859.071772761366
204.2108719591492 452.4131967623824
628.9234282145335 180.83404542730636
928.5465559725118 528.6702898231009
103.14806841853122 753.6025199369516
549.5190654445222 657.9874370723213
699.3131532887097 805.9826234048326
193.4399042753982 415.3768642081413
853.1414609294553 154.47381580532954
795.4813578085538 556.8088889411939
638.2392265807127 812.8140115252729
866.5980016696461 327.33739262363923
670.9932136178966 723.7941984981564
270.751872028273 714.3442092782611
624.8143963010144 884.8907975190541
355.87341104637045 551.7518026673949
807.3925917898717 655.4538409574294
971.3203008263084 304.0831642583817
715.2870566594729 696.9482488077857
383.4839082071447 326.26689656298635
155.7375578484455 432.5724967094226
849.8534269998747 394.3317653403943
241.0458512462739 516.9543171164498
151.8755602522963 237.6017088352671
219.88920443836355 934.7971626094063
262.4317077417108 956.4184407554751
619.6661806878457 348.0659732881668
376.2280472330064 154.1968006576963
914.8361175847779 974.5592399963912
902.7415417974967 736.310277954276
943.6534144330972 859.1161841877932
437.0549672521596 490.3696588234423
36.613565068099994 732.0260716876626
205.32725664260775 108.79721975474513
780.3530487647103 291.28461239173646
535.4392651196772 863.7840954601553
546.6931208697705 586.2850019945679
781.4949453304653 878.2362603586386
731.3466150034355 951.901297072504
905.3338831807105 318.2428903439662
427.75912007382254 86.7687547525802
893.270457376615 602.2994246306174
346.5876733206505 965.9228313158904
79.43651414353909 184.80184601355768
661.2453095873122 627.2008150310921
297.0179472323227 676.3619592056313
92.6859736578193 99.15314821813075
728.0097166258319 291.0466081683898
278.44635040922896 267.7212857869386
671.9359759952216 966.9272443446923
266.3473534973916 110.74984281242935
344.5284463180502 614.5591576821719
820.4155511729352 975.7988388046123
591.9742545689236 913.0047185021408
20.124990592642668 174.8146308316366
753.7576839854902 378.38287573553674
931.7541267129836 595.1451338179373
775.4818005378073 920.6650404605027
956.6514488363912 164.3882751853999
148.62250273259096 27.803865484034624
90.13404920289689 608.2262709231013
393.4123986623852 286.6268115584616
693.1069768287427 252.57390966315734
