objects
670.8419000487572 430.030764913455
675.6188561170018 617.3397535597757
213.8473104629067 531.8643497737319
902.9859879291561 695.0274630971693
111.6769791423851 821.4735425454654
136.3416805942216 152.00873048817564
495.33746912377296 817.4035038343368
289.9909518144351 790.3621229544152
525.0018582257015 133.43963809539605
279.81612716136533 333.8585276719551
675.684308993631 890.1649828100337
486.73058374390536 550.7077465412198
485.24223264728033 357.1857345320111
856.7871002331539 874.0128210394894
729.4266573561825 249.49125681393792
