objects
772.8637344272331 127.11034273632652
316.8101965314805 417.99055994292104
175.07079848617786 75.54895594717516
162.91072724430904 259.567968413579
920.2095787429264 489.93433723626805
287.00424523732477 971.384915090223
504.3998792558702 60.919481837622435
742.4601883175923 333.0674146459371
674.2703081962043 281.4521509199764
78.84410033312636 738.7457147997239
351.8276298243557 599.6373219180441
164.28482286408487 812.5918699500344
934.2661049971788 722.5695602188167
437.9192666033175 785.9319677275041
90.7736061260174 278.0554662556111
654.6258199922153 390.33513365701594
520.0786349148883 479.1153934008826
797.4613764950011 902.8997310242075
256.0146139374131 673.990988331311
456.7754242364257 327.4934293047589
334.0906381981168 207.98071746428374
413.37766003463366 414.8157639263851
50.51605877464077 188.02286970851011
849.246946482156 100.52413649827139
347.82512442261554 561.7909077283766
963.6335742855323 624.1760543335589
862.9501428699707 584.0102433540376
770.3453026428347 411.0128811507912
165.091271947055 402.34062390588764
233.58183267989878 89.75047963508067
879.6836982859619 923.2449478438718
65.59311350554671 460.92144469101004
793.5064636307534 487.8862077004281
843.3259897763066 793.4710492234345
317.5822782894207 41.458394083238204
956.2651820154164 856.1790423635802
221.02774253113589 356.4490205077366
41.222050750434235 606.8036852756035
336.74927870136554 521.1765484068618
420.60359488590774 531.527906544921
860.4370025626994 542.195568026473
275.12423361200246 344.5096531125134
597.9627553688343 494.44400962816854
379.3290395045957 138.4915111133429
357.62412895453355 96.00388679918294
769.8902034582065 60.62726689245639
379.13751209523326 967.6402916231334
378.10820872984056 53.138333102574435
809.1244152506335 316.77685341069275
546.1235980168805 782.4024817558937
290.0958345974962 480.4055340333607
500.15758737869083 740.8341147484826
562.7879203017561 240.47637047342025
254.88496095079674 214.2167961299105
927.0604012250152 186.12263487261765
817.3203079123958 730.1773001776761
289.48531629043333 531.34449183326
825.4399315003394 526.4857267360225
132.9165422116675 888.9235370020339
861.6359259225477 705.7757378081008
244.94258944737243 787.4988826609678
102.08152930743071 126.265724527967
315.5119117873066 297.49469874688657
700.281849481747 458.7804848222642
781.108244950765 357.0872986631043
583.796461128411 914.700750667279
937.772785185914 766.6261326612654
49.21343982375386 345.7964558954546
697.5699904089629 614.4653439812188
96.05938783501205 405.5837637046859
620.5907672358954 118.7821014030335
556.7801982263762 161.66537776376683
256.58253748727304 946.2201410974717
361.52409309145764 332.19705380387836
337.7843129159402 809.1197321214106
139.49887908674347 323.67910737577887
259.5703360748815 886.4670804522947
969.7855565221932 43.473287536001195
354.92764954117075 676.0721005302022
321.3547709726784 342.4720035516488
869.6920964109726 249.33003352728028
420.0121484263906 319.0303901383442
482.70853139898225 623.4369233635131
404.9676853933642 914.7322773122041
520.6253048951162 675.8017578652394
