objects
542.8154561474273 775.1703973552443
889.0942687167922 476.3124958435122
42.03372188211789 876.0169992170454
413.96288149320895 296.9888192033792
85.91111717300848 43.640931660211436
182.09727962856002 690.4237867544216
262.99126733844025 756.2853804060244
41.88274614490286 710.0055060446491
974.7558088554249 34.48147346704412
410.9673799426445 214.5641108140598
758.0183486083126 652.6963468536053
668.3007497136384 435.53057848961106
430.7149063906278 860.801983452875
399.51296423664127 912.3007739098903
956.0620341949833 726.5898170932461
133.3591313725407 925.9416992396851
236.06716853135833 204.21423374415485
885.4224530987683 412.3233774898124
661.7852887899727 58.352412319301635
893.0293559330851 602.9543134489364
465.8970859118167 367.7210863096996
557.9248494488794 168.1015678001577
780.5657208921124 745.7862818808172
186.86760581234444 569.3031951428723
129.992982643987 599.4318760291083
697.8984341019307 966.8822997886713
237.3580183303469 959.3536885196204
875.895126581564 919.6702315207423
711.7764156737451 73.84901507789118
238.8285625739947 531.8364661877299
536.2694875132756 539.6189751784842
278.25843992303584 607.2788162006458
758.3873934826389 351.79641632382817
817.4297242405511 855.3489067699885
854.2683668763591 611.1952563012084
810.2216951383008 353.18851252684163
851.2517021493302 679.2436696886709
362.6424182156783 220.3365677926628
643.8932459387987 219.14110441737046
351.666555747395 823.7428810032757
836.8332649094863 95.78723415088771
144.31826928502824 154.98654512601448
570.5718184987185 705.6399514553012
317.5731465550998 255.62813255648175
23.712474536058913 108.39413706337655
376.39241749658413 948.815975523282
273.4917864314344 461.581338492297
313.93994125668604 378.7266717728279
315.2236824367205 121.81419337803709
446.3405911291574 530.7237275501208
166.33440484342736 451.7780347866838
47.343254555931786 392.28336593896233
405.6514199519193 552.8856080779235
441.62937204240353 330.40249001112767
407.9136577212101 721.5343717335301
429.2585734259659 21.500038955997166
427.8835778542605 450.826970481613
465.8828810275557 890.7634104569518
923.1372290147929 893.3749254286524
145.69611973364414 44.00046863728429
264.1997155745758 28.579599046024597
977.6046792109178 838.6755694099388
880.4081231650464 202.99544977588272
491.04255007037125 609.4211790341475
170.70216275662085 381.43220742841015
165.43542641737648 229.3558143604241
493.40297004587285 466.67748955051263
282.72981917102567 309.2316933806405
255.4268391657571 496.03698235027787
317.140105311937 922.1517231277572
580.1606370327032 113.5807068806223
550.2544000116608 910.9058560831911
34.25067896980001 771.0501688794366
538.2214596487873 870.1192205800744
631.9866908387746 495.2119670086597
731.9770951291616 195.5233734171126
771.6748410415904 871.4665368866262
416.3164291472815 949.8246680118067
861.6784270744532 972.8038823644652
580.752756733168 231.01246687907638
513.334188168562 426.27029976890606
63.44424038488958 304.9621789153856
168.30251895080437 782.2340326056633
809.6731989303194 468.6490048884026
638.0294542412489 149.34802874476364
