objects
346.2078209113389 446.71875731657235
347.70163725847544 759.0395829412539
199.8324582808154 59.15841137406137
440.16915941958297 118.42148264864227
921.3883694234812 564.4097549457634
866.224215122619 530.2075334549991
269.764919695734 753.9664865270413
262.25719580468643 560.7485625677631
51.772987532700405 84.97683959474062
111.30783629437357 479.80739192619876
181.12271156356093 777.5073597268181
140.11285570007027 688.946910034008
106.43385591445755 957.0473217449394
874.824570144549 891.0449001066281
896.4808586681504 360.3122515053353
233.74674586534294 279.78499895611793
159.9389518350398 531.2340106893504
823.4709109862391 285.341634136257
378.77102630089564 561.2456406003686
802.911006738195 768.7101399137788
177.30402117858534 298.3703501833044
151.81191416401765 85.70369017473786
39.87026577272094 537.7433630272525
681.075332630825 606.5234910007624
959.3316173861285 505.69826367519465
578.9986029355275 458.8042438054832
680.3548060596563 645.9691154613071
829.1199772201405 896.0973925123249
751.4825334712737 905.5904409068072
263.4946136667409 917.6019618913177
422.33066433023026 553.3612532598792
441.7060411677719 694.940834875044
99.94692119185507 720.3226981854531
905.3836779248028 458.90531799232707
454.83154140155585 176.93862190565963
700.0618890566052 76.97541984285644
914.4063093838264 919.5740557429506
850.4554643725838 441.8704908493106
920.1172039115675 314.66113028782553
425.38199170605856 230.97579235788388
81.53713504016844 657.2780777152923
529.5825011091245 756.9835996927203
476.3369750013385 543.1629876684942
48.69303705425803 753.1500643421298
306.78121017668764 588.3180632021263
764.5147066681646 811.8606592247173
498.92553557178735 397.76754806444444
702.9027704088616 269.01870185315335
853.5467658317762 158.28738062634162
387.0565998741691 164.4023734062202
910.8927163236617 506.39057441880556
978.6920823741277 627.1385399079323
132.57047835957835 220.03135323109564
631.9406827345049 782.3341319016367
469.1741416068201 314.26579913668246
822.0283311169605 194.21166287527532
824.1546298356966 542.7881290347826
132.02184497907118 339.5964941272888
671.5688701360951 236.68768817496766
61.76900857846378 418.8304021958532
973.2191820318972 851.6319598027935
45.79688010286095 614.6902757585858
216.45181908285699 791.4684628248641
533.4615376518713 115.62817118448658
662.8158776863496 375.2944403774253
371.20765589332353 883.5147763721735
580.8086910871533 359.32918935739
670.104572355021 966.3227054616465
372.69787918406206 725.8632929388122
46.599393346141966 902.2358121735805
150.66847141333028 379.3617999601624
473.2369429065099 352.5796989740777
684.1164356785696 492.29840768456836
567.3445759452441 580.8292147044958
804.8990544009159 332.9571992290648
584.165636206928 686.1432527620401
318.04929831286904 653.434644616516
109.33231005865616 281.8776175539333
62.96754307111816 708.6960371966823
458.3999283701222 875.5708260820609
494.24472531085434 157.78503046639358
762.1406470456459 268.0264926379152
203.80947940300624 441.3830288903063
741.8034606801374 619.9055279922252
961.7161904208683 591.9703473418017
