objects
381.4801652808094 943.0491506141527
961.8501132017125 48.44566331657981
949.0358055462937 483.3021325001093
52.69532746934944 660.0176488886702
710.7369598647842 474.7486881337266
953.1435859035162 653.0370854241345
940.7488574796331 204.7467257344582
563.7967413728811 236.1292686951439
334.1067681739459 877.8800006849696
198.09015487990817 547.5771321944652
261.5783256074598 164.74668033202906
788.3501835266383 104.96861729972142
570.3850458688001 514.8926798472971
61.850617778900386 571.394717038621
537.14044120894 352.96134215579406
80.122386394635 622.9420549840892
663.3224578574378 372.38486507830817
779.0545219385052 468.292588940093
173.86775123813462 769.1416002405962
869.7654098502359 142.65281487869052
137.0557251145431 740.9160480112922
869.280682511969 311.5887734713075
725.2306511265895 403.0180294777165
175.43749256181118 24.950625526033665
980.592889436668 87.80689755475953
425.2941217178908 725.8737741042534
861.8702617062115 811.6711811937871
274.4869710658849 379.62565572798496
689.6023862214153 514.8412811061
449.1592334466184 767.2523418335314
491.15988896918367 305.9512342456714
963.1367835885364 956.7776538323815
455.9359032687412 185.12365506062164
185.90198621905478 217.47938845598148
151.53187511782352 911.350183138643
151.23872084938057 418.80699688897005
820.8766972249288 725.7532214935027
965.7090453045518 833.3517641327725
800.7365814493435 518.2903454049515
890.7457307717223 217.0885547226856
273.2383189767565 650.9569796966911
188.88508051281286 679.5948411791337
960.3132924425481 730.7551909520195
744.6781950641481 692.3917297159988
591.6520446964723 422.62285945279564
130.55996101709815 76.41161493048199
968.3581888565187 170.0437393970598
357.411230852907 157.61527447232828
200.31377351533772 964.8646006925142
863.2904490003609 664.6249700524071
754.242058789819 349.21995384221805
783.2333174555408 62.10415598373386
529.7705025324796 55.649258180454126
732.6073137702916 830.5643062410023
613.1185943868418 971.6604983470935
544.4724194517041 390.1281542593388
595.8690981373344 784.3476920906282
36.40813097969628 187.4468248070571
460.54497762184536 808.5459585137742
592.5251250726926 282.95249481691457
597.3592325173361 880.6126826070418
108.26744089828617 368.4926693044262
194.65460245344832 735.3684574761038
250.1237595164148 517.5374682790947
297.05050682843745 750.8870124393483
95.87416113924945 455.50216268020154
589.8145574879666 150.51829551687575
262.0980765285497 728.5484695481225
443.2391245219468 330.3870419509293
119.64092233066094 312.646425220751
600.3378405304463 586.9244250690499
556.1037015262389 846.1195604514136
805.8942657489016 194.28835534655892
705.7443360843947 763.7844740827449
286.39851719036966 98.6817134292275
954.4922723313202 418.625940862841
708.7823043787689 364.15820473530596
224.11442465099458 117.41709597119475
833.7096614408656 899.9595922165879
897.2376568860165 541.4788632651606
516.5278030442396 909.6860207574579
640.9751418655718 679.4498207056204
205.27666302239362 296.8438077300629
119.17099899824416 544.7401973892096
841.1002280235118 378.20960140752715
