objects
548.0005903890399 159.14805744054496
316.3192900026092 904.6272693467189
260.38901721259293 418.432820173074
200.2259396384536 164.62276037484497
605.5795986482162 182.28490319080734
460.22384155409236 926.8094579090671
643.0590134088413 306.6918719109399
407.72224982994896 137.73099058907775
229.23915849489302 563.4858742515523
287.61960983976047 489.7178099601643
475.4169246741662 148.70812057261227
751.7628263938631 27.75966939223612
664.4576688314161 428.4661675049762
393.1215694020926 631.4919742905507
522.6570824842433 259.37548441384416
490.2186859776876 711.8648584270609
941.5471228539033 208.05012401053352
755.4709699500587 698.0632670395986
348.0534515160718 642.9389896698746
436.71496436892494 30.13531032712357
361.5732386120239 162.2069267257041
248.4766958755023 512.0764386167331
149.69254758398006 66.8366903142116
822.9127924327237 187.03105138860437
104.33805653011939 437.70951807152784
173.68214041219173 604.26240796954
427.1653025093632 563.5013232063029
732.904779210937 737.2240819076194
721.0199391160622 597.9115217503714
544.4225504999981 399.8257046564087
686.2610740224014 123.2975409189716
567.0649240757446 239.37801763331015
272.4448859181019 103.1027566448787
889.7783291943884 585.0476099153484
466.8734859657226 585.894313398262
714.1155649240586 230.30736296134273
310.9214026303772 775.4866302457374
959.9445826795695 530.9917415702516
302.0198018209579 55.943751835183896
903.8838615900394 425.19510748233193
877.2948850930292 463.89230363716587
919.5229750799662 973.0896205019736
50.94188901957506 588.0028130882289
955.3986844544589 896.5945946861593
433.7825015988544 224.08797589367848
838.284483358537 875.0887643054913
349.2962134835111 938.6415230036863
323.69563007582485 376.9175427366102
148.87777124044493 648.1297855463076
553.4614509815524 827.3736859492268
834.6869353079139 507.16210826990726
47.55212429117702 880.8318664315113
368.1557347083865 481.87435112214445
77.86979575946232 962.2658531356967
85.73838959622887 143.83470338796343
229.8242152806956 253.70933677876837
691.3733643186334 375.38894783940185
222.18426857271376 342.35383398476137
389.6441237219398 919.8567696077171
690.5915081520255 945.9255444156421
658.017980730056 723.1405223078441
460.76122119469625 298.3276044965935
563.6976014046537 901.5093478280112
85.80835824103696 832.587950646266
41.446267309124124 284.95326149777264
82.13338686734133 779.2363536744672
972.1385740223578 259.29081698236376
533.5640550062158 76.9602266724995
281.2855956430848 532.7757865867909
850.4761153362103 775.8084038005388
719.5120894585549 907.6489476765829
447.10149877904024 188.09831749927503
572.781783486347 749.4162070400641
134.90155214721347 570.5655958472631
853.1038830827804 949.2934755489065
482.9209089635609 751.0404325610587
614.2557492010747 969.6872117948689
381.1813716751501 750.7992540046677
679.4102480372029 801.1943753180983
538.5418793280833 474.61544111336343
354.8747857423602 266.06953847088664
765.11234262212 336.45675220338325
615.6958987910948 351.9709263809833
223.15543585143544 911.0313475335993
183.96551522280762 498.17232492721377
