objects
283.45269482369656 688.0873445054394
42.13966403681658 470.47696037381087
390.842677005934 685.3055185542861
112.4396557527881 944.4434418066537
348.9122357534865 67.4883514930624
296.68681282706723 815.6826113433717
292.7610120384193 960.3578979103683
363.43187931523505 222.02156356867818
529.6906057823508 932.6907570095364
501.844848767354 344.3160689481737
210.58831965100848 278.70946100659484
889.1848751243115 234.1491244799126
536.5587000959381 110.64767718365118
304.4822736068185 238.592486414821
749.3666747709369 228.18299360341913
165.37461465616283 322.6404699595764
397.56988667743724 978.095469388908
966.2209831339014 405.48471466564956
498.4811762409598 278.5625086202766
590.8178714368756 421.7523627950486
111.63688444289568 112.56211297602218
910.4827965687826 459.1781934421344
313.7236428185986 359.4649248810684
667.5261812198793 364.97667324443194
750.4623849017258 560.0431940294134
279.86553783230033 906.9715589309887
887.5621689159663 396.0979043627084
436.9560453716676 642.3136312546641
752.7822763408752 420.71844568451235
479.87581700643653 507.200755113774
620.822986912044 595.0179168893044
690.3619025636004 573.697464760651
685.0773494065584 148.59816678669543
20.995934176241576 32.738860067186295
901.7806426310259 669.8615679389771
751.2384420928139 879.205340631093
454.21486243772824 596.4469503720975
38.56981077473755 722.7057035187594
777.8934373709849 690.0326390040134
876.5809652431499 715.1526528572844
769.3753227307296 40.79625094851605
506.24573308508394 552.1200094881028
100.87259394817465 569.213227060624
572.7277978021715 456.1471841150995
866.8384926699715 648.9266845998233
203.46460694661857 168.2192778320162
523.5656427249114 746.3215690496809
528.0247220127467 888.3857189520434
816.9370697287975 516.6942264708563
863.8370024829568 816.1323605933519
211.55871640910195 834.0042919552036
359.03581508420825 973.0253578995473
552.4138892806616 543.7176358408535
262.63661522520067 267.47119777188766
367.85365105046645 826.9174984243444
412.0764512696644 759.9304311770744
404.12102084634495 75.78398683732877
281.3907906030476 468.1542892373794
77.95643200139097 231.07954295196848
902.4951072407524 962.7167900263156
433.0099949378392 846.3574624510082
578.2880930676472 327.7993968895436
725.3444592064304 72.9349499397494
30.063062264795782 891.6633300676739
116.96200616327184 534.2468007862709
339.7182465594246 643.3693007167915
20.449447206388417 621.6818418638593
513.8287139300587 21.04434944131736
374.054972744601 918.6453283863594
166.32488648599264 139.53158120676082
905.4441879472847 805.0984302939784
540.10898032311 214.62296145809736
213.98637565728964 345.63678419298424
624.8718826164511 301.02475918700355
590.6014533245402 252.77586889855738
336.4799488356377 166.4047462534211
615.4421303867455 776.7088387285235
662.3536355730114 67.9191869120337
387.72917697366614 356.00618219122333
602.2519503717483 192.7780275623819
760.1443930918219 462.7914070028894
791.3576583728972 778.4551464853063
478.8541720931997 433.8832635556234
256.0075196338484 603.9230822429553
487.8320985583288 932.5957934818899
