objects
353.0015527660689 250.24983696719
409.0345887307143 240.44919661007657
384.67644027875576 45.15853024659073
968.1459289365355 842.051983376464
588.3193665303118 256.62507310101785
302.4341994268018 452.26365135260806
626.846068585406 451.1011610832735
962.0499693932214 917.5271998979039
208.33763423269863 744.7470600849259
834.3155393199689 494.6179707451008
644.7066531321143 575.8475395487482
352.58821311890745 86.05165641362152
708.8097587672577 364.37935118994386
621.2928122205736 874.3654149027108
794.2955848220145 466.7558700876104
815.938058045158 335.4477270321894
730.2486110059335 580.9835168834778
50.59706879610937 510.44792091048754
459.98907181631847 718.8124931475782
874.3499898954004 411.8581948679199
194.0050230504506 643.9620601014572
205.84157515724016 336.85653435152005
117.07049422918007 554.3935776467797
634.8786423219644 619.5670670717224
561.2081460794157 527.2339445469634
27.87751360217418 174.0481829358953
518.2329776895305 194.81980600544316
150.5244242710779 84.5407258410348
176.67390178106822 831.2436189693377
376.4054076423523 489.4016129470097
70.40745573289094 239.2296490479132
101.5746026557791 102.5600391747268
498.8664940054042 794.2885743429462
401.2267675489298 869.246898920304
629.1631964107356 366.5704107036861
907.3028486340403 633.3323638871307
352.63795616636844 868.8804961481696
643.7505335281612 962.9310799573074
138.39178446853754 797.8430576774039
840.2764782082039 626.5763123435286
851.3407078501331 27.96465525492458
457.0860194035928 318.74958116628096
549.9024529657697 478.1602608747309
776.1504731874131 138.0173341786558
267.83101504044504 141.6192558507624
319.19213454055654 211.18449265478807
764.4137261079031 671.3534006843937
392.73756279598246 597.0309234791073
665.5587791612514 447.9780681979099
749.1614903434579 71.20257841960567
580.3711698085731 767.5936466745957
480.46626164214973 496.53703715255165
878.5825383093315 808.5904672399179
47.59850721697811 82.38013333817881
912.7242701595202 500.00105437062285
64.11597606141221 859.8884228969417
496.7443582860696 579.5834414564258
315.82061780388324 950.955669702293
156.0918454790976 296.6582154304832
933.4512360459804 365.9866264028212
455.81763703978197 433.3306337563276
827.0694783613621 669.8106396982793
549.7866129619243 599.6652571063244
828.4657908775719 887.0384144268451
742.5003619110247 875.4282792085316
515.5252441886443 843.6907848443168
336.5621501621263 553.3830793923452
158.6675112696734 514.4759440477169
296.5260133549679 70.56592150610078
844.1095794464975 86.14594088450889
973.100102460639 218.86711984071542
176.53578424546708 458.86188259212304
121.9952289900375 330.39682202854755
846.0431128784451 162.67595764617735
255.47808604621034 389.3757675005499
515.6977636972919 458.6856011934141
556.7095210930581 342.79008399554215
472.61280910595383 75.07350173188073
627.1117828959165 194.82184512959006
291.4020186646372 841.4060879287873
970.2840291632496 802.9228990337077
967.394602871509 558.0153583733828
229.02287564560496 172.88799538529156
718.936952884677 221.84722057342992
678.4332978017563 860.2010766808507
