objects
834.9917535639879 881.1832128066445
393.20928654163504 636.6509483335888
454.31931395521065 457.0569179896391
612.1529865108082 90.71189526297587
455.7259169901075 338.5122466571512
765.878310734604 325.1478445061
475.658011397167 575.9014152912815
594.5804290617077 254.39954231031308
347.15286698725544 920.5932041973489
102.97270024279968 890.3329997578527
48.72823109679041 662.844733330247
241.93380945641704 554.5614165929451
916.6834431366025 141.49433751906057
299.6590858935383 628.4430091424036
962.0243407913981 138.61844609269218
631.3290563443388 504.1013122010566
971.923517752352 57.187134362120155
675.2315136201696 37.70599656366396
886.3602379630689 404.4057991952108
456.017096704628 758.5768862214844
564.2260849432625 693.3311112367766
629.8815869326496 705.8707951887646
277.3293675066095 586.693689978954
112.61173419759652 723.7557181574564
489.9560005944893 190.19644655214987
317.87417606467915 718.2160566377221
573.6632249891791 423.19411067805726
561.0216609211697 88.37746317392165
386.52730109011554 585.0126962803486
940.3404250617546 401.4139861628841
162.03521790485377 182.12911875312932
504.71279525566024 130.39907989603887
321.6474923580695 240.35119057971716
207.56183967240247 890.6552471733723
822.377221671222 69.94097691841823
881.469608778589 501.5295679748037
206.75649138479778 198.68604240960886
808.9677128694253 352.78435585125203
282.77450410276197 522.7532072412329
187.14396123042513 318.1478815098377
49.657991923587524 140.93511825019502
157.9506290218939 381.4958067709275
128.90621443719982 120.2159648143591
632.8334970054525 858.4273606880207
213.02132755321514 812.7060105220736
374.7736727914984 541.0538640816254
617.5234175312638 774.4265558320202
348.33164125150023 494.7374517986726
735.5125364804707 209.94755899065183
876.787728155991 837.0556694026758
720.5187424695074 463.78950426933227
342.4266108808494 565.2160401367461
495.68887474874026 802.2255322298532
654.256102127751 107.74828904444288
638.4570908578914 619.0140824473
690.9280240338344 915.2545673493023
351.31488286669696 355.27823134221603
309.9299181015935 880.4905531282432
536.3484653162427 56.65937227096421
374.33855192964074 466.36919091711724
284.850775529364 928.0458193947894
962.3330927545824 364.2420006737082
52.864989697055485 239.76861836593073
866.504222105015 82.78736575118398
844.9049654637233 609.3459803896649
586.2628455745197 476.6407107241821
644.0195062328135 445.4473315682021
637.7999810292878 246.9352803576546
344.9730860269557 81.78645166433827
529.0167428222384 486.3834953080244
782.6126659193271 649.5281223748583
684.5064732314503 347.5356826312038
207.24193104430157 975.6658611295878
906.1269133709304 725.5280080231902
76.6096424710567 426.40737904705213
794.7696210942055 796.576745185351
739.4410866808538 157.5897212826342
511.5965615079825 312.22888471346744
337.14764162933227 820.0321990853005
925.3881976462665 646.9816404494313
460.34591947388384 690.2074770233223
604.8502659127421 890.3987558555234
964.1799527137005 886.4018454677871
23.907795545881257 423.60050615388036
306.08269255004257 976.0945230891658
