objects
169.16311450650323 891.003798594216
699.563809686066 211.6127000806214
814.5504269676957 627.5007482739652
393.174316068248 452.26707905358296
77.8932285072508 150.9334480540665
469.7039249442041 84.49040652668509
426.43338033272096 912.5081785145944
339.7440396032589 671.867175905749
507.9200565133194 251.52210752434146
764.1272527297712 837.948386132131
901.1659912287497 290.10112911947374
698.9799270693803 425.8468014152927
239.88475948902752 221.69147963329115
534.7013475296096 750.7935161070291
165.98482167913136 630.3503700482692
925.690494909024 771.1855917654233
104.88686636722866 301.0556615646543
73.9799626431009 747.8218997920017
626.4266958958912 79.31202584970099
918.6714493511448 482.02013191189724
879.6994975690334 925.3074901897279
237.75960837947622 370.90780992859777
896.4674195321641 140.34881769331867
630.8846726463684 634.871527939983
276.151166321288 74.02283665264834
