objects
859.6924348146096 604.9472722185899
206.68411645973157 905.3230748632121
276.2127101928736 329.8061732328432
560.925725135457 841.2498601287813
772.1968135438293 203.8150051481161
587.7944874389278 531.4902772410132
130.27451536031757 448.646609064911
736.0666407946617 513.7244399101415
393.5969371831885 896.0060930391647
84.80817869417851 249.72616510082815
848.3769827933663 928.2776611112187
607.3595932676458 91.07190050151348
428.8920307983366 615.140527764311
221.83707044842362 147.95385339368923
542.7681256205669 320.23574614348956
591.0527050777482 694.0522755657598
703.9349269358033 377.3791846584435
467.7133571567716 177.67887787444852
919.8649099181927 264.5633952519089
290.78550285749793 476.6069211408752
357.5832546617546 91.25011844863022
81.82283149022527 812.7455366970332
894.4552425603288 793.5436322723921
753.4126402054795 806.8140823132894
235.46180314740673 758.0840138790959
