objects
219.9577946970233 445.5101279996825
182.70343287670053 549.0584520533598
892.1683278607543 429.4478689448131
272.31740909805 647.7993468068016
279.7506167918527 817.2565819311175
355.81982070312466 365.37188910183175
339.75228682994964 749.7484076685145
26.993107440122103 64.34041516889613
185.3565550586189 867.6752053296009
155.33142102193457 217.73513007906803
167.1971100757503 597.0820218062933
328.73534100557134 269.6716543272662
57.29032039794871 427.9361314489423
504.9260524472538 933.6830789991004
223.7020942429507 84.64834343806103
379.05639245689946 786.0735085624435
71.16711938935163 863.3179322913123
887.4353822345726 130.296539268058
678.4333053084329 156.1522674007473
723.0646218751572 907.9728502980657
347.4394060360329 706.4196223727438
219.3188564464072 540.2801485581979
783.0997749750965 968.5628901234984
386.68130738713495 43.555633819079986
860.0291804689301 677.6251455284857
31.3146010456987 614.0835972912132
937.4295321473966 322.2572591961904
653.7396063663884 477.76193661371764
802.6699771065021 882.4798685446738
162.6442642935215 43.345972825946895
131.33439369877763 637.701294652937
68.24980850028894 645.3133884418124
909.1889688081334 503.9197206774506
408.6202757379223 398.0311127877621
202.01626450497508 782.6010468775929
412.4864207634736 127.63978766839006
500.9505235767323 528.3056557481707
786.5397900648962 654.1040639937372
817.2507325757889 354.21481864914114
192.9364198715061 492.3341591324868
640.1730442919117 42.413243696305216
614.8963944839461 956.8363346094886
571.174291395525 514.3602070462057
975.742572511508 840.7948356391639
39.34578610573543 329.99322132392206
863.7751198651782 478.5776181505595
933.7307317870466 794.1321606463054
682.4920412352761 396.9695266970009
513.7328159591095 244.65426055969127
554.2716369040032 215.80310440930035
101.68909350853573 213.65640321823298
94.59713750123899 44.94008421976076
960.7830820569153 573.5550267660144
721.905951788414 583.2483627518119
384.1909764650647 173.32669243339262
829.0297322958334 26.940488691671387
52.528072186310204 780.6477977770542
474.1570845092999 750.1314862933654
854.062449867968 187.59650179373787
670.6571033845112 879.0853844062045
86.91494569385998 978.3755521797239
761.7257937905839 622.758925320053
604.0217737359712 759.7896025580959
34.797612215294734 944.9350012570114
515.6485684191364 579.6570786481701
265.2089841246385 947.5781825303804
687.6197075612642 691.8380413811926
318.8109461693841 626.5913936798522
348.2149880782002 881.5233302953054
470.46178937322935 152.65158219316686
259.54303612975343 388.14017993053767
538.7841852464373 838.8271637724242
463.7399505796935 678.405663138338
511.36683428688184 440.477948838086
490.8893809154832 857.754835562151
576.1327923934126 926.4685176563262
460.41085454217557 329.7499304555233
549.4974361227739 85.92240014051109
466.205213230923 372.5448313835467
738.8225693402585 216.6953146155029
149.82968138071374 750.7759900403086
840.6116197329043 953.5545200300862
380.26119580104233 909.4986572059801
636.3769218007628 238.24465967440645
212.77070573882827 210.86665595737435
786.4305371581733 546.7726214539138
834.4960597839981 120.92630924031363
447.0016790447993 501.6901443069906
141.2847015445542 90.29773834939292
756.0771220150416 252.94379076258252
131.62618960645997 809.0417109738922
790.5595449301343 127.3736389638575
432.2424781071681 954.0643213604785
386.9058059258198 601.4147768868412
630.6621983652348 289.06682511731356
407.4778576522557 868.3383968752905
565.6664313924966 269.8984306311621
165.49088308647097 391.75059493485224
899.3721557267137 693.1381929852851
802.1719099759205 460.8792627616705
359.48758947524544 825.2876300859725
392.3638977165172 247.95546844861744
206.5690332211807 616.9056561825506
73.68964927780596 157.30126778564232
91.64316576920606 905.2608115353596
581.6480429247096 478.2841675427266
321.56434845524603 936.9810133045572
352.6839353196059 136.19230445275244
593.1091094507213 711.9619045658042
480.4423296965331 467.9036147891718
833.9875686498475 835.7601667218325
235.48954713677804 846.0458608179366
860.7868100026606 245.94834348072504
571.4934201452587 607.5716076121745
529.0503183388769 699.6561346410498
343.21732809838113 548.8110781613129
609.75633959172 595.6150989446019
472.90511568959346 424.0470224450675
735.06149635335 849.1870058817507
300.8320872316429 117.09895446483827
620.757443309646 541.3226745934196
109.30460928227171 772.1277287122232
194.62727476246368 940.8165167439979
641.7927710824538 720.903690564636
978.2015802880821 239.80960076343047
289.07835467826726 204.12225482348813
724.6772375567142 85.931313585769
295.0499082923009 35.05045492556839
961.100314948895 86.53627628546076
741.8516982520546 458.4583845908142
29.56341929079137 158.48797105902239
825.0752151062117 707.846462801318
674.1808905387425 959.1157254170034
845.17859888282 638.399209542961
485.7683669333857 290.3139739282482
887.3198352446536 954.337690018399
96.66055645396861 107.58440330445958
425.87884913669217 535.2297749596752
771.8376966673516 815.1870303774232
910.5031615425701 557.2503888926168
834.5441623881584 775.134759535712
365.3144946104413 430.77370535622276
962.7001995007324 135.94637047570248
545.6133767298543 367.5352904106168
264.32756965511106 298.32871022132923
820.0710646799191 256.6018593002681
676.7330739084233 580.2041710041491
94.36499395788195 560.2029717537769
60.56394889167391 87.34625627924095
930.1941240533113 731.069234094085
889.4645299159779 325.0468139730112
704.9493040413943 656.4819977661309
428.1812755236548 361.4153308020021
849.2513227813071 291.4236386706713
744.5180296852449 736.4871843303375
704.964268846831 308.46100896641684
22.38273581326606 577.4491889001993
581.0574435751372 412.35535154801426
716.9268000610003 44.53410605052841
928.5450481130196 633.4350363828136
347.98043981642064 666.9657149927135
393.32460972962775 669.0589748051675
111.90033680374165 487.0158257841553
133.45752637079858 923.8350889709556
92.13884942517447 688.5106355235226
259.38348449154495 559.2703149253763
851.657391848899 81.39339269097242
624.9305919346931 372.17439542667506
25.35639626035393 225.97107499269427
140.45877222957333 550.7724778041717
