objects
931.622668312522 279.8176122502438
122.93846222996473 582.2987638271758
643.1378109228644 881.642117662113
768.6405521577213 404.8326346982936
287.4155239761588 189.82416584721938
531.717967152178 481.8077769431569
513.6173379106817 735.6051441719235
520.5702292741411 67.6811606869837
413.97927353618917 815.1818652400119
42.5091877575918 214.82526465796445
295.0056925053303 683.2166880898897
565.3309883850734 943.373981999493
661.4077353084338 547.0778464374943
72.09614931310317 752.8369116242822
437.496144407207 507.0748888573427
551.6597875610503 748.2243353053193
382.5486074936008 952.8436954349856
202.8455272367855 119.26037132989939
762.7855882668878 858.9613556980107
699.7244307609658 147.75515434012917
40.75852692109165 56.5581866624642
574.1408417774206 430.2974347743308
405.6411791792913 590.1257340268772
478.53419624520126 49.00890798979945
45.64587375670813 118.26991649511453
970.5157011626513 455.2394352460954
251.90440550282722 395.0917107110456
805.1891732880888 26.9162546646673
458.9908338711426 147.2370972580434
859.3798398057801 866.874481512536
205.66850527465533 287.33019824843933
850.8593393715303 513.7732769737063
572.7139020993912 55.67956835513982
920.0688082886121 395.403706182966
187.62596237424316 61.951002226896286
264.557560679019 28.329778309905514
277.1920872155987 867.0888960111051
722.1770561519688 516.6139690695106
59.935294996460364 970.7631913484691
783.640757366204 677.4304826590628
122.34559312607641 689.0812043030805
720.8042738517502 67.74032974100164
285.4793726449575 135.5949235131661
247.61811413207482 799.2791300316926
71.29948694863039 552.9401816269598
41.57775186144884 368.5651580185947
102.9649658943323 926.2497304387517
30.44264727723182 856.2235122076402
784.8621448184857 169.41151673449906
774.2279151183941 277.03660879849093
884.4869900679712 540.942133662472
578.3671317175636 533.7083261067686
749.8322912368508 336.1848364997705
437.2827729332941 736.2585476551264
877.0435980002653 821.1201984739267
428.2869347693599 648.8118822180082
194.71734550760925 562.3038479673355
408.1416283903111 152.95710602946795
815.1247312820033 323.41776341479203
633.3936122922453 218.3139471142267
818.8169629333483 851.9220473931761
313.3106079587585 409.69095993298873
976.6323937263579 940.5735037684275
466.85611268071705 187.69656937768156
464.9932493294062 822.241742364521
617.0442788167472 556.902530831859
713.9716556869589 884.3495147198928
179.03584442404738 791.3284182688941
671.8479875556083 744.3297318814832
705.8229519905017 220.0220144838232
198.49852355667593 358.8532367955179
249.90940819348762 216.30831400396585
392.2292942074245 887.677732905712
347.7854932994945 880.9000872110424
327.5460941960434 640.3992726542799
280.61914908104467 280.99088910216835
781.2704058732272 476.79381589687324
742.6198373123044 709.2066476560476
522.3049205095901 192.68776950805898
380.12113668989826 546.5989245357449
113.49584497392021 261.51127280765
866.9153921817091 438.5784799388791
310.9521883341614 82.87340672349974
371.37271019393705 655.9777502092733
157.49142704260618 622.052244260627
556.580731570877 612.1631286532981
979.9441850421889 374.49691111734643
687.1642434866537 448.11289162223153
614.768325880405 139.93516344554246
370.9307511117463 431.16509930973706
858.6124124601018 581.152796395392
937.6448010598481 38.18959926534267
692.7322751769717 942.2788325903475
328.4284944184656 745.6590299148132
761.677945274066 120.09228601407969
475.63131531751975 226.8318713696798
84.99802880810881 799.7307454218824
111.72992378337159 145.88101826642801
483.7550659069892 337.8149240915633
238.01638738741605 534.9901902277096
880.9965294465741 342.2597203131899
448.9050162940883 872.5889805723725
74.63576780772894 268.65494183716896
673.2432195998991 349.70137863421235
202.07506241389396 454.969747222012
654.9911330588768 656.0113388528381
43.80044339410112 503.90889818088345
426.2094524226835 921.4705851487038
949.2324069598599 167.52250195876493
486.6963908079419 462.2762197104317
569.2505329821995 902.4511152896664
82.4051029409882 856.2021041911249
850.7094817140215 311.6967104783461
405.0966820254574 24.485647472949314
422.2352282818426 394.73570663121495
180.18415109487032 888.0676155349358
289.08316299560687 334.99210608303815
904.4143498179828 923.5272719530334
517.476769943303 809.8019493281922
325.94931699456237 915.5816589983604
764.7572327102379 626.5191292197759
867.4381414168614 158.35834208232498
165.31658679709844 253.9266345177521
832.2848240948487 87.9100208768032
309.5598485637624 476.85910471071503
663.9930703716184 307.2323013895318
960.8590646119874 871.3507001863449
471.0579259575961 97.78095894753065
582.0788871666417 393.329784071507
507.8415053150663 281.7108311935452
401.48564506346906 115.09397916187794
224.9527265512061 972.5631180873752
143.28300083556746 89.84389129124312
278.0949669531009 553.9447903060106
177.52170624073491 656.6925693478772
45.75755065362749 440.7355795477302
819.8434183332743 433.79067482723025
634.9626603918504 373.68162234487033
593.3194312433809 697.6242808370367
909.1033139873283 858.6696252983345
72.48980463164563 613.7883890757562
818.7652794303538 945.491220174078
713.6575247832659 599.6201162000477
819.2233686614048 640.7837473716372
325.1530205430544 553.2699786331818
721.7009354772614 258.5712579774601
840.9184534420639 48.305857998182105
638.9593162396077 923.1356612093956
945.3840080436314 579.0818927767546
438.7894373940767 444.8985198040912
493.09041835242977 769.9427001277321
403.4098761983442 336.9887076842483
555.8566360486562 249.17952451380575
601.4067912658196 970.397370953476
112.19594832629011 30.83698162182757
229.26903135126562 147.0510706517964
349.5266065573633 336.0146886274255
907.4211058292981 661.2955224431299
351.26869980030057 243.34034967785254
161.25717121956265 977.0010003028398
890.8979716430588 53.29525975737349
693.2053837423181 382.7267276892149
757.9999030484579 538.3307320296823
200.48972544430296 513.9157514305348
490.217699541474 613.6277140991515
561.23307728131 181.73156779871738
912.8599397251073 601.0964375234532
565.4068824314411 100.33393675660218
851.4796799548175 674.2194401289418
602.3975518300982 176.40586449832549
