objects
336.8641270568394 723.4880240353667
116.17067187940344 250.45977634396095
925.0520743669033 463.5348190727096
143.44120846497933 291.0854228710291
416.08812190556813 232.21379616295695
864.0174057215871 745.8550613673905
187.07914127681497 513.3642803507012
78.42612836635953 634.2157543536273
242.35806525464585 261.273577173233
876.9700353257057 646.9360443459783
442.7318760979226 189.00886651701367
752.5857931715506 399.4197607022708
344.2945113354943 633.2855003327892
39.71139110361369 122.587756138852
255.23357028039155 413.56133064989996
140.39211047796834 336.8044898221586
448.46178320945376 137.51042407209334
557.7415150319117 761.8911082821494
885.4763739620778 281.11710094783683
572.9237941690894 423.415234496265
205.80796728270425 694.9719609404067
655.4133204215561 971.3039466071571
307.87991941873247 334.14663965397006
159.27138600686754 800.6087427235503
939.3371620092455 83.09605794544244
70.13151273610013 759.7161808391045
789.1641819922302 297.0734904503226
519.9298745513826 332.9041281406965
400.0516295085219 558.5992199369638
559.468524317666 877.2624819191825
529.1243916118436 136.28882501383683
289.98746317207866 805.390291637637
632.6917546676999 848.8227340854675
252.46189021562842 797.4471534129304
530.1194220397668 839.6762913683949
307.52222016456307 40.88076745886224
245.6728119080706 618.0754044822916
864.2574131215249 173.96798811335515
247.51288724959448 702.4143647169368
674.9349012097014 374.69761039014446
778.7683159911904 777.0988860532335
958.2548297034598 179.05961066461666
961.5889249705779 452.74078253962705
525.1576980532886 626.3075066855306
482.1384465363767 428.69376196416033
606.6498563237125 228.4014859126344
75.72976227552019 432.84508236134803
655.8527126777487 334.9036855429403
507.5346796246362 530.8148847575302
62.044815487330425 922.9671259499959
364.3799192257587 250.96505408892565
398.94432628883766 158.74375609890856
853.4491685648395 709.9253466067614
623.9022561906806 116.77410978569128
842.7587258091768 398.7952018892375
428.0294364247993 610.7544631751606
729.4814719505924 572.8780931455493
108.34879934598052 305.60212245443853
212.11533178552938 92.57153720177567
893.5875513557542 547.5961904741886
294.4748680467217 471.4966330544042
938.6271251199521 704.3135947131173
347.2613230509446 582.4546027795669
806.641730980241 233.14317228815221
52.526425350446274 58.73641766501357
423.0971401753147 893.5427329847549
19.680987862417545 837.0894927920364
170.3732862015693 90.36233142457519
778.0344299301661 717.7508008183778
408.54488605276237 270.6506401679418
403.7055903265345 742.5030207636461
451.6439400909798 73.68461140332916
697.2219814516491 154.26099228314007
947.3122975991512 131.0827984462828
630.414158052216 432.9403967155301
603.5140885201142 893.948853482945
606.4467507484289 638.5889573130605
802.1322041350488 957.4274320603037
980.205941462726 411.69966495454304
406.2426689539692 647.7624098166934
341.9915943617647 974.9634578873653
152.5828935084282 471.9696337604175
598.7336316965885 380.5343606472316
584.6379794156077 551.5492404289532
287.52609924351674 725.6079355302604
435.0371942863693 471.8453440833216
254.78880939286543 130.9093227033132
539.5630902754773 243.19489808573127
156.18475582947585 661.5157818486794
547.3242366077967 917.2536398749438
220.8746587470882 945.4763356500648
696.5275466536407 703.1187953209615
677.5394418656817 656.0565918314802
272.73388760685685 659.0705210358656
161.76115261065652 550.9467580210512
887.8089372052731 228.05836023269
491.7232556991495 689.1043237529099
571.4845357336274 177.71286719050906
947.4798402917504 814.0615079491863
275.5754224882555 198.47777551949662
774.3399768723083 911.2538046786512
168.11386046389126 138.29592434895835
699.7186344492967 459.5609208223837
83.96703798606774 876.7558593831224
842.5631158235014 95.26673863182063
627.9743854233693 178.99055131433607
452.13796657285246 849.027074208114
93.1621676291318 46.184732380126796
307.74352938929246 167.1565324405105
335.6056748850585 770.9298528718886
853.7140787914558 818.4662129176079
57.645814348792705 808.7582596234016
973.9780746222956 970.2955728208091
218.15347513004974 335.44503881951005
899.2065402621769 70.13902270576988
922.570216036779 573.3416253339673
228.88758745818572 19.746247257075296
160.74262486995073 24.1784293936587
595.5939501590999 716.7343566962056
975.7060297453562 521.6707902880588
132.99818996284557 854.6954928863465
520.4706524200882 431.6931426089242
817.3151349583743 444.7861674619696
94.76260660698006 198.3984740268087
948.5463122487031 941.299562152954
491.01274546208 932.919526327258
744.1848081372552 104.13380661152851
760.7664842103775 233.8566741954041
86.53199468703451 483.77837657509474
352.5891521217726 310.5336322788078
186.84055476055985 636.6974469238766
225.58591007865408 571.7562750448834
855.5205423136271 305.8862637724297
217.22427279163665 745.9003116344992
362.9235002756476 394.23835704031876
839.7588006767605 503.0511195718375
118.91144162337724 371.5941263367453
484.2976823352544 615.4109578257217
899.0651486166015 871.4643767664222
493.51588484123573 727.5373016190161
698.8324445640192 36.89073977573813
632.9047375380048 40.82490632769155
101.81045608023106 812.4172878736288
95.05229205902185 598.8986206798901
169.08010446881397 744.9421352663023
769.0757450840667 180.37542579535324
698.0605305784968 261.550551087714
50.110008517560644 340.0396672555704
597.412462443489 68.58822094331632
826.8418823477999 768.7696670027238
412.2691316265632 34.24694934452226
410.028805458331 333.94750688532764
37.53408789872552 450.5575880743214
318.14970158851196 913.2193983121317
317.59325306375575 95.99754399913101
639.0160092791609 759.4100515964783
732.3300644859003 341.8634683688855
131.60380372460708 735.2661862372819
98.86698333395825 670.5892417345649
456.4164311831622 809.2203193124892
215.30237105179032 156.018297682943
407.4992597627856 517.2903187024551
227.78369761489185 443.04757584343514
648.0314120470716 527.5092962709408
341.23793381124227 431.8358107070392
444.61073260614415 352.0975519098091
565.938402640398 299.51059674553693
763.8561156210759 526.9480510093002
877.7325793263386 134.14934580388365
483.077602050532 360.6048132891922
