objects
696.2590346943265 738.3476799667637
948.8039918123188 961.8575468435675
376.26086594622075 190.2057271104047
714.6295840516345 897.31558572331
234.5346205656295 886.994755785112
248.45038069585004 503.28077678114533
353.71739700036125 465.5369230731751
918.8877327271014 254.74889626563805
798.6307370547498 751.1027101041427
47.14791628782228 584.9698581643613
714.222968274088 778.2253560492578
833.1578462802911 365.0597743836011
489.6090862355589 50.37032681330783
545.9573141123161 720.9238222400669
625.9400781690584 479.7377558278811
68.12420499898151 292.0720276258251
885.9543563178086 315.35101604252145
390.68410330106724 333.48062898701033
796.7831582244918 65.22674830399235
243.20412620086793 302.37205135612953
576.6855603987747 279.40923311202994
107.09613036640457 296.30573061206707
97.48246170298435 484.80605443642366
264.04514158467106 645.7814533613916
81.85238771314484 892.283053444215
190.82841895802702 29.353887901844686
235.3339556866195 173.90336809454882
815.822384851976 788.7232655647167
335.64368907841373 157.4131607931041
845.7452030462553 967.353935117171
241.1595559170711 800.6067766956718
890.8714431856929 809.1685730548746
341.77933210967564 793.1308908976863
688.1698705623219 678.9180467498194
565.2632702753192 26.2661484891047
583.8131316859215 805.2727034861272
978.1792344182281 785.5867650737694
477.0477035936867 434.28407459323495
250.9606419343972 848.3354436884042
859.9497673757368 482.5396119939794
119.81202375893048 362.0070919187438
565.6558414889748 889.337810719528
744.0562511443718 96.23688027512216
88.70184347558376 769.4083821177192
755.6674357505716 439.7858978199353
104.51356760431699 137.00693938014206
23.884685970219188 830.2598395686931
287.89175357214725 909.9984190515356
603.4122931911818 729.4736961173134
123.089587740404 971.8988850337689
126.65482413896322 756.0821748477632
637.5554128347077 263.5731536303916
630.6593027077143 930.176979248513
289.83594613451737 20.699608537086064
194.07604407597978 718.2130204803689
719.3205367475808 516.0723428784241
394.530743011739 827.5506313016514
301.7843921468064 82.29106672047513
441.71650629565676 515.6372409221519
72.95794780594267 661.2996317674626
679.6551689256466 875.7243030608838
381.05056870811785 396.6304372974607
505.8855104057425 313.26569785216685
285.0336923028827 292.26238044568
519.1856148521912 274.56254898363403
723.0297090891322 25.020253315313393
753.4565006373277 202.49937363964355
471.88162277389625 122.86890614789354
816.6316769261169 907.8708768480649
971.5582286468807 866.6951881021961
387.20922638930415 494.2547754014336
342.1291762258176 739.8914723735154
851.5351711611085 857.677979319308
421.9681094265201 132.9320803330772
617.309712511202 58.35267645158467
713.4386461163526 302.85324471048796
456.6483794300039 359.0375410488346
523.9428501511355 884.8288511157521
972.0015011214022 252.96946345334408
964.9985804420809 26.074142451787537
220.73282406836762 451.4326683565445
159.02535833384792 631.1155833092035
538.5323399493873 480.82204496386413
412.801489486428 439.67919708986597
538.5216719255592 582.1809751334868
331.6287038841858 520.8530383020563
57.35569518611462 454.395239919254
450.7058177895456 248.83595207580692
800.8572694857688 496.715378646936
649.5410579633184 631.4686427981383
876.220496648196 250.0017830945242
531.4224435215698 407.8589680817781
335.58796032569734 113.02281015293224
175.4289392336587 422.1618140780717
495.8467636294862 976.6846946619144
32.02029293310696 761.5002186360185
907.9414887585497 28.76523240830057
660.3977455449747 137.96476658915282
343.51599900341427 676.0738138060325
451.1979527569789 855.1391141431217
876.2976415360287 742.1777253186611
337.795752087487 270.25709110533256
785.7825525677896 535.4977059400538
807.9754249939336 451.11399721828394
400.6594790943771 604.7336345930881
799.6256058150635 137.55941522773324
432.11989111104424 292.8539747941915
147.47843416967305 330.34771843634763
433.78571250974085 67.55766625117039
203.04465294339894 519.1737836090361
183.97862865579518 814.8204498188467
148.5554004582078 917.3958683118107
71.12079176457345 838.500584014664
144.71412544148862 694.7928757808442
670.8267612918197 288.35830035195255
709.4400972947536 264.3809220194411
811.9674818771398 695.9365067099837
501.56009492818583 237.11890846839808
246.3373255682677 558.2959892005563
777.6025669971455 935.3947187495013
755.8973488805717 578.8228646591498
155.43083449257412 87.39426146093345
385.39272822832714 536.6628359603155
384.7878029174613 279.3811870302385
351.3557951174379 43.78856209284186
417.1768175903175 927.4328279919039
728.0633047721371 340.6810987853602
249.8050801212098 345.0478917993901
259.34319704760367 720.7157033213182
552.0408069574278 532.7371474104829
524.0656175716338 363.4593282258838
805.9849518257761 192.0197310053887
176.80158312905385 758.8068208719504
501.3607870974227 500.0745799186145
58.37463398537822 701.2484197616263
752.6652342668805 274.2692641624058
563.0628112012562 128.763899530144
944.5116328213323 217.3053051005646
325.08257480932605 320.6268444125012
37.87730660690616 966.1973879222761
57.48444660563934 406.2725140042139
762.5681943939787 619.1098912136923
578.2719145909083 669.8406307827953
79.6204121293001 608.7122385058253
971.2044642768783 633.3457796549437
899.3878643482429 167.00571402600383
732.664358175687 942.519552221787
742.2731999844232 485.52569057367253
473.27909140976396 773.8896919713179
545.047965091984 838.4513923729052
321.3663223585984 428.31309606934457
358.1077212407563 944.667129047726
615.5400855784068 337.9202744997936
908.1708317842492 116.42897444238022
63.86617523399495 361.93366901022154
240.70429417768375 51.34558892149217
709.4050670117724 212.72661096193525
920.2936040433292 336.54100002947314
542.5055069714159 94.27110263472952
979.7045944000816 201.69807267808838
461.73285964504015 709.91749045674
426.2543942709611 195.42055536035798
275.09944064138443 978.8438984042621
974.4322376542485 90.05944422797904
500.1864076531264 607.5350549614068
178.90228266530752 238.05993234701762
955.3278086282033 494.3909338924108
168.62630164759466 552.638566053675
184.93952249805142 184.10696547371606
85.47299422253727 33.263271628952126
