objects
268.25320010060346 469.06431027462384
846.2908648930594 220.58759903294128
547.2808523083169 243.08348431725787
230.18678632037913 306.195640629099
799.4401839463246 527.3735030349314
227.19918155405034 247.1646589886023
850.6429301482141 695.1278064567931
270.10184600461554 252.6947568259371
248.49442603405993 385.8402518915688
784.5251630268268 127.16073791177547
309.2796440627391 217.2850688323734
961.0257170942391 962.1001235131151
598.9642259166595 456.8164717837873
77.02521363506573 210.51935256188605
371.72310412149045 560.6968352809326
405.9134290767346 113.00648185574627
161.4994204025382 413.0020586612425
233.97902206344253 117.10277250578662
281.93886158816105 63.40090724986294
478.711302958473 457.93857084994596
802.1114773712384 846.8687055710978
798.0810127768004 978.9279975665131
660.8250147484325 811.195975200147
879.6764646042595 48.22614829791946
169.3263111576115 946.6906807967576
746.4023053946264 210.6317731061956
606.8342349857872 54.90571574354499
521.1275679527033 676.0785080069165
970.8952260698767 642.0155885104306
535.9873631947257 496.71693865889927
790.7395568891237 378.290548396906
901.5117531367488 99.73824591526122
447.07946827976156 486.98974212170157
192.30012515696373 851.9740957732222
832.1452051042007 769.1402357568538
519.1800900514277 197.064774432736
885.1287746119878 780.7126215229351
368.9485144845915 150.56706349409504
615.2659729267763 631.959775697613
933.8807035546041 850.5033692791436
504.6661186781671 841.3587633218767
142.12092184659144 216.49126676985628
248.62166223466548 161.7503802486799
310.1689649720425 943.2439405776043
756.2166017115663 412.7833541665831
49.823880411586536 109.57132458664626
672.2636894957029 877.2224762867246
608.1117121467873 835.33064328513
834.4985023509555 287.1928002731934
317.85282168293725 666.0809743785669
859.5785721263024 451.44666056976394
824.4962913977782 608.4170915939711
789.0961375214406 593.8597185621363
737.0335384741838 165.71507541223582
740.0765231874819 558.0019509580708
300.51401834205996 842.6415481404712
111.5408172167231 839.1812003911631
479.5033201383969 123.4539092286004
578.6369283130186 139.9758237583448
952.7747951239811 371.7087395871693
829.2369166149809 939.9193247709231
787.5539907769551 287.3419261224407
819.8994322660064 88.28000529900444
951.1172504457802 257.0502187050773
535.3017820613352 799.6672784446793
512.2158204745816 628.8589586267613
871.4310633262987 129.229978205078
696.6338011198237 193.4304556070559
746.534889432891 91.51523332002338
442.6557317321495 725.6802817604016
288.8480579775727 377.9181586082302
793.1331858591913 446.5146288730572
719.6078289431808 913.2304633495786
874.2800964915733 630.2594353891066
624.9825973801496 571.425980296087
92.25195065243554 342.3438882108104
338.2935571445398 704.3026954820407
469.348228983202 882.7429560876624
160.63292143164213 313.9538640405391
106.34042463146784 256.3316495009526
406.39674865894364 598.5033880228361
732.9682334120778 861.4753104868983
504.5337308210923 532.4401702374345
310.879750515503 443.8356267598406
33.60964211232361 200.5188601806317
182.26705569996074 215.2695854309289
38.28170288108754 619.2139558105243
886.4086077401323 945.208334914182
957.0014676600779 175.40379812834706
428.97511469333347 644.4348765078224
914.2955849251695 675.1463564898694
331.21642991057405 254.2816998137552
547.1860435204125 326.46367703573804
619.8081656687001 506.17719756281275
934.0983924626693 727.0953900474778
659.7119704319005 297.6299895867315
210.83008646683754 659.8178112867988
550.9283486812319 601.9866343251772
86.37351865096474 700.9975315057707
416.72798009696726 395.1737878842225
84.67164415865761 142.41351436576264
305.72348504764744 552.7751495234323
194.5139555868544 293.27307801783274
138.70089764951456 514.7178036576167
650.2308432316095 47.25050774279051
238.59200101907908 816.6604594007438
150.80505655912413 611.7465607677537
641.4068553797557 354.2452921597971
923.527525429359 406.6665470470631
109.49838104439678 420.5784738198751
335.6278568009365 627.5579364519368
438.0833341296893 545.3049925819588
957.8124105541868 566.5239117021125
115.12586816536046 669.2109989010793
557.8557623063675 433.4804701391326
680.4001499858479 154.711648161939
837.9563348386179 412.8696340754452
427.36753272101225 431.27113937250556
493.43223306306425 923.6441102621255
517.7761368470526 756.6189585849442
76.4692800331282 621.7095850336812
603.5547477591208 954.3205784422709
747.9241461862215 603.229854105986
207.15631530016287 482.068617238888
823.3584849711183 183.0125057256291
954.8675209591577 789.1663703010222
387.14674544143634 821.9442600368823
412.65210241966884 902.7744237533075
233.38709641816695 610.8307612656617
358.5406557448973 868.6779821269394
282.48180065462657 788.2369693671029
751.5607403895476 34.35210770894487
523.8959557384908 39.186985666974834
690.3352679253018 90.71264316832273
761.2859630226175 787.8547100611239
972.9143292554621 56.345964021818524
370.5892027338566 734.3015614325143
153.57312186960624 559.0617275144729
656.0877818101899 769.8548265618657
641.7350342269604 447.27707201567125
419.2074126521969 950.5833752419487
807.5810980384392 34.42567446343972
361.6117600075158 56.26597809541481
226.195477931815 974.1202441599818
975.8348453274059 312.39328538414935
739.5922170525664 248.49992960129237
945.3408052969959 440.05093465938455
179.5331968656531 253.8290458268576
533.6361202130432 155.97797385352683
168.27925645787752 483.7663843066594
481.1869263262749 306.869991208134
268.03044470154686 323.6915712107256
544.8333048294477 97.89745032821574
443.28843661074546 326.3419822004637
602.6696188297689 382.26129141389094
972.7304478647892 682.8203481784715
171.387232022776 90.20446145615978
704.1568177429174 658.4602559234476
462.11819802795253 246.2096584082497
604.0220278319608 100.97113586276015
684.4366439391638 454.48978410184094
160.82214174922137 709.7505916686054
382.27990564140885 200.0269369990381
581.0495591538444 540.1107671332877
875.6403182245637 821.3435551143821
53.38478730447891 762.7481436229374
670.2022830010768 695.1973828294435
720.5188552006097 466.3688679304446
701.376365567743 966.3164055511718
627.8307670296517 165.47417813858348
