objects
204.50381941868835 543.7282312825827
542.863387364946 920.951401090791
98.35517019459071 799.60854998095
739.9167148774504 535.8486960609364
380.4564850965227 570.1035462926393
704.6365427675292 210.41198581588293
164.03263253744257 965.2488249571236
344.5432830397853 443.6634143990111
161.52139289464742 81.64074498195298
141.84610378503976 331.1915461640989
123.2181115162133 534.4624311298979
232.15758460480401 170.16729536606852
353.93440275792096 739.6830170735126
848.8194892116798 301.4751513983203
696.8288727775583 650.167946210239
565.5085302865879 480.54586682661153
790.2233024341359 80.38448950125178
339.0034800584328 54.12845761283829
705.4965913328937 293.9422870482389
850.0056572554539 186.63334581288098
670.9135948700568 732.4484662838746
904.9958191301166 233.74165228514937
268.7621169794039 608.8951959415375
311.505623499788 115.16592622495715
152.9727919620358 447.00878310233486
384.88935735514735 352.4917506803996
584.9940771642873 115.54982620361524
47.417019049061935 195.78650655217842
799.5018031571623 559.5801191228873
435.1424797522022 809.2517044722347
214.0143440994845 837.7350205484503
861.7616805083517 573.4602309137422
55.64883138102061 462.42306962688355
906.8761880648804 419.48367754165184
269.6030900702506 423.1046844691801
628.7276636528393 887.8434073830974
930.5577681114476 737.0619719898688
700.1102807618705 811.8464225253539
758.5899974305033 442.7958923139757
602.1780347577762 668.3798008805502
742.7904649025129 127.9211057811046
454.57424464967886 909.9209270161907
901.2512788669286 501.22637786740546
33.11355535628193 926.6932526633316
546.6324320716254 182.03246455630102
121.56744051228158 180.3726582528925
464.78638001757423 507.8447586579746
421.36323875068206 205.4176458092859
368.853075082995 659.6058534673291
744.8218554388357 35.1115588674723
462.0989535750098 364.4023867558077
481.9847065941823 425.5437051767855
80.64523191832616 403.1987616144241
862.9620792310923 864.720486727438
436.83118831122425 603.0438642654389
44.95104060313405 845.9217631719785
131.64889949950748 877.3804124272075
669.5981834997076 399.0128825449385
159.82386651668165 648.5814992864584
221.35768979366048 248.78717616145315
