objects
171.05144307329863 162.848745837485
368.25668554197233 445.8241406781376
128.11059202282416 311.4442188406238
659.3053654293567 256.7223399531302
475.6135950720461 341.71200116967196
654.1413901730247 910.8725412471155
299.24738644756627 546.0828651330412
245.71872847006313 76.13678572672069
738.6820937260245 50.65301976680997
684.7807953509333 765.0490979049482
515.2942597077877 226.6271072705323
383.1065138175865 951.2676984030153
570.9944427392188 373.14245795698406
343.62542024128476 283.82734850670323
814.0448940355044 719.9363774703922
256.79267272067744 274.4230128654984
762.9272348067814 426.423188983573
478.9386470674475 111.75414758617151
132.38321766122323 436.77970376808787
516.6436426863628 686.3029789356887
77.39876005736286 192.76933362288275
67.4250728924982 36.255984414029065
936.2297845796835 45.991745116715
539.4573860817976 564.9703215094886
834.651100803229 407.72809378537204
873.2321962898845 317.8022313134844
736.0872969540482 805.8564539936885
707.1457696808185 681.0849318444015
844.8614929646233 513.4497240963717
728.9094879237576 498.4197087072101
599.0461263171826 218.59732272320753
380.88373357957596 812.6193811448744
779.7205257806029 938.7444015945086
760.0656172941513 868.9207139931285
270.97968120430914 928.8536749987853
912.4761446735276 779.7143394700646
600.0823473674229 647.2343798162065
618.1581540265507 75.22830579710258
701.4900328132337 350.48362906327435
571.6846042571219 488.0688782862596
341.5101763527742 137.42889858688608
240.45926450518488 344.71144693421024
105.43688376979198 530.1051750742362
235.18819295124212 868.2108193487143
190.25394704598818 937.5670624103054
120.62829004243956 656.0853509006937
818.0199198016193 245.80651621049026
396.50736169602516 579.0550611635779
96.55953984052923 893.3501089811881
538.8893262734738 790.6125311019251
790.0313207133696 320.90206280799663
940.2254655901247 859.8109006996863
551.4591030391879 287.05265385063075
212.53328330267288 628.5414765224843
250.7450301081467 155.28264753464464
471.84576130743915 519.5416467626904
62.15374258563159 459.6448016170334
360.255002606081 359.56236442505184
856.2573642929156 866.6691781853635
422.8442920647174 685.9333948869006
