objects
746.9581475156114 469.0039576303351
179.24313883407171 194.9978049911325
855.9884292282859 846.9410587012025
138.83558069446784 874.5503630614752
949.2140838220937 905.831024024081
313.8341190403168 961.2552643899404
273.2810384795627 338.4782455629239
83.05436916338917 518.2281420452074
905.6109704163666 589.270041360007
37.45366555213621 260.8317432455081
829.9346762479707 533.5515445028262
268.428916562672 119.83211438648249
873.00427691393 359.9169049214207
808.277320807774 923.7594631254727
957.3707659136722 508.5391981447129
665.4076840576761 76.92022025562679
374.5607239871759 290.46027471129446
841.234878407092 160.74837991689716
162.98792312417274 618.7428738787463
145.28105056898656 341.4951062510929
704.5271870218911 922.7137579689424
472.70528220941657 326.67115825060745
522.7016414766822 193.43916482501095
750.807869653899 689.9718475712348
605.3031471632171 163.61389165973526
302.00526647137497 808.5071923387031
571.369061340279 541.7276198925641
557.5865722204996 413.4690420534026
694.4975644968637 642.4154557445992
957.7479149340547 350.48774834015893
927.745738464015 52.57813434332722
749.7921063370721 353.00024191124464
373.96266245478125 46.0680756405431
181.63406373591232 816.372237878982
223.78298787105976 291.05207571905
367.8786809863869 180.39630191095142
267.82560979516467 748.562147946198
115.05692080703054 942.7586670954922
929.2952180828875 187.424594571838
217.20743643827615 905.9507021161851
802.2400465148021 53.840707322181146
418.37281664712435 904.5567012407379
55.04719291227889 340.6955847867329
919.3989333173886 804.9850897912328
727.1269148186799 846.6924253908165
517.3747161434708 853.7135825132917
185.01312355931213 77.11557379439563
653.3630740419532 750.4607395931912
822.9711768856783 732.8056196737055
455.50759701151964 704.3471661304546
741.661146607604 572.8057805854492
58.40576564678449 814.5278706478013
393.99630192116695 402.129004949982
368.25718559674993 585.9887686501982
540.4838666732932 931.2797779683492
563.2640632876509 316.56571751472296
521.351227686805 79.98993519512769
270.042595902231 612.8257721846408
232.83969628266024 552.3529526837144
446.32391437485643 122.24072013133639
436.2068827626918 786.5885396488883
64.29733145598362 715.4368162476943
370.29757798962265 766.451668768634
683.6797728929256 396.7181984070637
504.29756482665584 760.6228982865609
186.1771962269293 429.1598928014106
622.8708982176189 684.3608267022795
119.98568932445465 783.3693687672769
595.8784460190619 42.09939235768337
170.29301559232422 521.7092423046709
45.186441244796676 129.78786580326985
272.9898368093199 204.23397677025463
903.7594476441112 116.13018970803736
46.037331978080346 943.9178277615931
434.620717338314 603.3123970098286
522.5334509309937 608.9008248535494
604.4622183848697 845.0877890398484
635.1707960036593 571.8515267743559
836.7958620693921 454.5412862514145
672.3203735332081 274.5882165861633
