objects
400.40159681676795 83.047240997068
105.62219606166843 845.3761223161308
693.2730493805252 792.3544758514734
557.1416406970962 696.6115265361877
411.56752622027835 485.6614598266947
642.9731646396799 384.23189969665225
372.63149262407154 574.2454019483735
583.3891592659201 770.0905305467919
285.10137691526495 521.3454126904345
195.06297436646997 226.15857060000815
668.4279713705454 61.806300835151056
431.73077100210486 793.3081391929412
887.8271369930961 226.58079660088328
665.3044624295977 512.3424333551689
448.9434074306217 590.6783047121784
504.96143059691366 757.3498922488835
780.057475068281 189.8802759503117
435.50301974798344 924.8310747406729
816.5064992656069 457.2453766317828
302.77838791229925 822.0352522825917
264.16743263084453 725.2443813380447
923.9071054816229 581.5799535657544
355.8543659389281 316.33785817912
305.407235641604 184.357016956611
935.2977008795418 675.5675474495083
602.8317198012371 579.2753752631736
516.7966765751632 912.9112321879161
123.86510929278546 255.91032386613352
666.1722012249976 885.2744742489022
617.828675647364 192.47759805843722
118.37587068049316 425.42302837017303
347.24465369156644 898.3251223290896
677.2186406372042 647.0125397278341
742.00832141806 543.9307895469082
690.5713402106337 442.8275199595468
891.3068630179366 488.9145691665212
777.5632508406957 346.98507634109757
240.93829562033247 405.0143029395134
555.7085635029226 518.1665357259361
486.3667888598275 308.72398762814396
839.6469993400988 673.673024377858
794.1374132966353 745.4465997200458
376.95399945734226 752.9226790617201
167.05475859139278 766.9211557920087
499.79292655940355 78.30606658383007
775.917286260148 76.57131258928464
137.82824817956455 503.68386983941787
594.1737651844604 939.5222592373345
413.6626287489497 207.95479292054964
747.6389662730444 260.37080326382386
261.9122043201968 39.287364986446434
98.0085178131726 706.1328620507524
96.4578200523431 588.9753338336237
680.3087086890795 287.6899835678054
884.0557748622448 729.8301976748071
38.396186020981034 863.3531151170271
269.2394157779128 637.8303703295081
347.7471579682029 421.313497234058
597.4824646594309 88.73537761838529
161.77343742959346 131.63629338437772
349.7769559580538 638.9796654545422
250.65967005763935 304.2267146569922
694.5756689354948 133.66000346423579
935.4105668952195 959.2050719714492
808.9106755363774 529.2887181814036
55.196541128489926 117.95737098568756
552.69924240611 434.29160069922335
301.8297177033829 95.1333770003481
518.5452951091157 223.82080888683402
954.3604559213927 860.6823223651643
880.599685756962 328.47310229514164
177.61199353931548 604.4967056113926
964.968989192554 75.76484517559243
453.17051622309884 137.44142208162467
885.557393126198 809.3591622194546
447.10819929889425 704.1883402614404
134.68184011031545 360.3760189152186
585.1888067383624 856.1126235560445
176.31843120490234 680.8784172918001
600.2142120383778 274.5663880669915
