objects
489.49956558109744 569.1356959202635
333.58595598668245 289.3602697333156
395.7144359308762 197.23704726748156
844.5251154269625 845.7834324822168
856.4524900891381 201.65477762711467
409.9221311126412 685.2555471366989
885.5282193881964 372.59494819861504
763.912689369312 367.2294027111457
313.7881052602244 897.267019473421
425.5664069594937 380.7826496639465
556.2895703086031 507.48155399870245
553.6607703473276 44.53941077449335
887.0290015497524 547.1401588255769
935.3835055826075 92.29131061556421
805.4437189145217 90.7226448738149
564.5444796363143 165.24066977320663
387.1687083561942 891.4815907602244
265.68362968042163 947.7081610711978
285.56813581971386 404.13584952562843
765.5403970205863 895.132037529241
723.1223615335459 535.1297196813562
60.33941534608403 739.7467223662889
314.41345308964605 520.3012541603495
80.17130320251076 909.3075415921635
154.33058566020577 524.5845769953125
936.8809746763087 242.87312536341264
288.516491937861 669.9003625346807
525.5199413972048 888.9743744192532
877.6005487909648 456.26736864286454
829.849599986342 745.2407464083815
811.4129706631716 315.2011035609753
754.8568431051901 604.9636198020585
229.98273456940302 469.94363559392843
53.76279877633457 122.15926611086002
658.9421624158489 765.3095919877429
926.6949615182583 859.1755190621816
406.6763263504655 501.13252411087973
110.96435267168576 637.0309945110882
754.6400389266513 793.3281538489255
596.5499493061234 951.2127456399919
154.4427257770675 253.251704355659
922.7846075595846 772.0473795767825
543.6332652013073 262.24151188665326
213.03483788099317 564.666839131175
513.593716232899 334.66033069227615
154.9905328875099 806.8863579567139
252.12719367726785 192.8541837228863
188.51985437384502 165.80535918830688
280.3998492208803 595.4268083986852
605.6579313897777 882.9355131664946
329.13932748275084 118.18608895809118
193.39269642190175 878.1466190980237
186.05185811391968 395.33822884427263
622.7684755110805 643.9804814122936
469.80764071899563 461.1613064438941
604.7834109778571 355.4756399668095
234.7716113227452 326.0535649723234
561.6174179163374 584.8441483865523
42.97970632957831 597.6685009072476
899.5897726439016 960.5418693165855
525.6954519866224 741.5738843514057
720.9235173069607 946.0644330480899
206.23139224468116 655.2321358093352
630.3845018686494 74.09125458842146
472.68947517285875 74.90634102483025
268.58886118228 37.882004810497314
126.45555193188906 45.7073645480412
667.5214251125761 455.43820599821646
74.55836381835202 301.43020664190675
335.2467361498671 821.3651425193882
566.3015222747789 823.926903128172
878.2454628236846 691.1930440340415
314.80695977898927 223.25517234738487
637.7646875164888 292.3679283080683
726.0706026601202 267.4282933522704
411.22034661227633 607.9929999382545
697.261136570777 96.12211722572931
80.56421824496232 528.0254316871129
500.2505086795066 649.8198338723248
214.69996104102833 81.30303381209228
