objects
161.9376159960511 560.1549680965028
345.9815322360014 669.1942827330221
562.3407063164566 371.9259510272419
35.99586787284158 476.7340858381695
595.5906618869251 76.52429629949799
445.0298085955687 240.11592125117875
86.21208616777093 110.15692326080352
756.0368052454154 890.5169940128313
689.752585198893 871.9532170259852
393.5936741813938 360.0941073755913
724.7909637656181 196.15145941310615
584.453592105562 614.6750842080531
860.4205169515577 390.3524793377612
353.4852468888356 865.2732571273863
896.4149687567385 516.3133914791035
950.5071527758994 148.70285935786384
40.43299480288738 268.2993498951367
807.1737298081824 199.31022351404087
771.0152045944017 105.1244645747179
364.20830876221464 273.4811274469652
830.5522186713828 660.2606517900831
93.11024353239443 532.5460055042977
873.5416053649677 871.6448706011482
238.01912978798137 580.1892275577314
256.834881109712 942.8436906840343
804.9063167962979 936.6630605784992
159.4422605242812 198.76337072577707
292.3353241112631 229.01486111342058
50.276879723874345 797.3348192264143
122.54159671427621 412.24465549654946
926.7606045519524 934.2133605199526
72.29653627102138 352.659694369959
608.2157209071174 253.7402209896065
124.0247727636301 748.8050089078528
801.8096779138273 751.960681182092
932.7420554908191 822.6361217489037
345.659372347201 56.825675105823876
497.3540844037919 297.4586583809615
464.88729073773794 414.1352039192447
932.9333156368585 56.71054905784062
957.680227076779 555.7831749333141
313.2563595169954 358.2229054708302
788.8508336597654 606.0188960325054
627.7131975739134 179.02580966739885
869.3484722082011 304.7041589790665
856.9063599055289 153.85271706057668
410.2136381953045 479.4123513567533
214.8852106822721 71.3078114285534
592.9150536409478 768.9717827711735
741.5622951200825 659.2181207550916
922.2708165259812 682.6197149692065
888.6106416039647 756.5969713947411
476.8357037053592 140.33290565689174
624.2369562279034 559.3628618538858
125.52341093972456 865.4064354857313
826.168488605785 517.7731303756046
672.3394050108977 672.7493863773431
217.21686835449847 488.4449758529114
43.732959060029316 618.4696368273922
452.5092096064465 845.7853985900587
42.64163291871978 864.610696259511
885.0010657602161 589.834518934066
340.366027428334 174.64599294502713
510.25357715470614 796.4251563536261
274.5039834063244 685.5577569199331
84.9010815740719 678.8447995034932
859.6465014496581 73.31746316696841
529.9628891193713 895.7139563100503
621.4786673156447 859.289149769488
478.0926385891062 593.4012292833477
439.76292475075206 36.51384961905098
609.6565590797534 491.57280770269466
300.590557599168 809.6520756003216
917.7083652518578 447.1118151705381
500.7922587314726 671.77982688926
189.57358845045619 309.2116034448231
431.0058155776043 761.88530497788
723.5377744388686 393.138637108316
262.28142144542323 139.4475721090026
640.1449407339967 959.8370516750424
