objects
502.4640159711005 128.83789182582547
494.8318758844572 168.15470022391654
28.659417834264705 874.6646430078317
489.0353991389476 28.18393589609504
220.7844502243085 490.8800117083397
446.50425320052796 502.6401214853096
267.1924779115828 228.35604204412383
463.83168029991293 253.9883513597627
791.8970652744692 67.75193781389939
105.87951059560237 791.4572922030869
819.7588053167868 219.2293379717265
361.386387717596 334.9597929344096
896.1927202814207 768.2290792735196
539.7717049612896 906.865331796456
160.97025521831245 71.4421884950853
718.7838831450721 325.0669947998542
430.91122807949137 290.528134365098
421.4227396908276 95.08686565761992
550.0252426585647 333.3578302321009
768.7814681761131 421.36774831407
399.89562656880173 259.79685298408924
812.5983395262986 284.78621989187343
861.3727722741206 347.5297698507627
703.6963369412914 467.4937165279432
312.3928555285162 726.61580087202
536.9135712007868 178.42624007413522
745.1302873997583 685.2178569484807
291.72008933883546 366.5521597594991
364.4686513142318 97.47142909270569
243.57550899001458 140.71359550735252
675.4166419808734 666.6185540091958
915.0341668941423 608.3737796271682
473.4518408589885 886.0342614460483
415.40629918439106 817.9096207289543
805.3230972194453 127.3542474818302
42.632824378916986 581.5956847349942
859.2495757862891 118.54150495581605
460.88498823842485 683.6533750916958
563.978175140224 784.9030930271657
309.1884535339053 489.2409463682361
976.6439036783612 288.08637965900414
156.6313700428255 767.8005669894778
972.464457711498 208.82718670327807
710.1204314628862 560.3239633486701
830.2889197099794 170.49975197138428
154.2853259834848 660.6098770214518
675.8126176883693 144.7153386857608
200.25468824842977 827.0891978989673
689.7558706904969 362.97468527355045
932.253723853448 147.0144213628339
536.8067310243304 99.71198155785946
657.1623985644726 240.59423101026638
158.2986603434418 887.4187599000411
252.04545091802663 306.24320542062685
88.78704363503888 417.289345360265
143.1132721250562 373.96729455284594
503.65061253515796 390.55705508129597
451.22507158762505 67.21239671023017
819.3094425642063 454.0156918229453
841.3129608515985 616.5988282442634
599.4151434558974 701.7279865459085
350.19866203463084 838.0038076661519
167.01813023213867 131.02268217767994
731.9942222250673 861.8632545186314
614.8082112737674 973.6522294431797
703.9310146946121 261.4139900049024
109.55542374138665 610.5228537790076
194.40587742381354 562.8866696363625
120.70966308379528 224.82913987147566
74.67063951382335 882.2748180050678
429.56278667535105 538.6908337775657
872.5319904743546 508.901438917998
859.6429669764146 471.29815907357204
827.1270113984564 677.4547875495572
323.8100883918805 945.563133340812
39.28720661331903 64.43205179923773
515.2979986165368 816.3848452608437
848.3402263478946 70.64835927240671
264.39271891975 477.01369279779
719.2714484416794 629.3659594090062
903.1830745466514 100.09826581057212
945.5838731881933 712.7405789895702
571.5270573689374 214.71098520324182
182.71699968136878 722.4631925305326
286.37597617945426 656.5211638691238
677.052764681729 50.80770615288169
925.5016745025953 341.4413733587362
945.907317128749 889.5960677161236
793.7111442824851 248.8656733474109
235.54435883727888 589.7178912963598
349.59912802929966 619.1541154848497
28.03019963914019 308.62428967282324
791.2549539789497 488.11406211541384
564.4173094313348 946.9653736204755
681.5785722521136 737.5495857996339
804.9300144283926 931.8709325799615
899.4612399655233 250.2731937388085
919.3636357699552 946.876324074411
619.7177105400399 302.47012318758357
237.91689652097543 33.25510050923326
280.93849337729046 874.0345009479688
362.8552656951049 229.0551517541928
888.3451772915855 649.5513020015742
486.29303812276 756.297310084565
509.1671480256067 517.6603604304476
770.7993532192456 956.9639959374744
51.09153486597214 233.21170696340337
207.55703585538748 273.63782497148657
134.4678527196649 537.5758445202023
761.1150376671084 172.15007939932076
116.19365332424636 497.1934859289721
839.4830425981689 799.0993959442916
539.8314423007115 439.1963405570459
581.6222209272571 858.608751871518
628.3042403084746 386.3650220820365
629.0859581606883 928.8996929620131
809.3061442698252 581.7781385188404
269.56966643166277 979.6993687022028
117.62087863555165 326.27429980142824
414.85227345660815 766.3219953011757
93.78677020302834 688.4968532023528
43.6370518018626 697.5515867136411
286.25679805029665 265.0308934760325
749.5892209088969 516.0726756409034
494.10212882308497 605.3847791645919
595.0338238188032 815.0121740085967
548.6673812259755 587.7478555634224
251.30968996951165 711.4515059676239
722.7302873755709 150.03884289743593
784.0984387914057 356.39425024638854
579.3076063556018 109.75295123635674
889.1156740412323 161.99268240790644
556.3807119083609 630.729871379583
665.598939241249 808.1222622450232
691.9878877875558 205.67330614319536
217.20878292459648 750.2766491598303
835.6184668513414 978.4482181578579
975.19428120202 653.7339126094365
351.4502717482703 881.6143475593416
595.8693470631385 568.3767716868838
968.3106169274475 592.763283552316
764.637153760016 569.5505626241516
60.95354408121232 448.7682689013684
347.09719800332016 522.3962993520648
175.39551881922898 20.9615075985018
370.0976029343765 756.5083705389693
303.5127179799367 101.62527751523814
106.32385725548176 285.04045722505987
464.44123315324316 820.3337394641778
179.371197714621 390.34002515171676
371.1208543283252 414.57811999315686
251.61386212522373 101.45196667637188
505.55000912706237 463.85257189604056
608.2750258603705 769.2437655903327
596.6958734394381 165.76356231076426
