objects
388.91398408822465 717.1170409557099
894.756452190621 164.55675346766353
343.8525688412925 365.91302571589586
75.9158725234612 131.83766262673618
672.9729643641319 324.58158058832237
169.21228138276533 468.82721090078326
893.8297798868825 897.0601256622755
615.5868657625881 460.8434360642758
91.05946468389031 653.4775061280101
538.8006624352287 438.25394535139674
748.3065848676049 630.0669940306453
639.6086682632698 841.4152754738197
508.6696982789315 174.30705107518742
579.2744083861436 296.5417643750376
750.3278871103382 131.06485555517145
613.1470815319059 532.6268610283919
173.93697699040064 397.8001389689214
346.44398456479087 973.5532637554445
536.6661027028247 792.3904730229829
365.09445726816443 514.7493065204641
476.7173444389456 951.282430463222
310.0423468548638 647.2565090670982
881.1218620228424 433.73091906375316
48.68357748311462 923.7148670408908
819.3367998808853 569.2066651411117
494.68653855772914 562.9762845300913
780.449659803043 73.70416707770607
114.4681793237233 786.2113520753066
452.0311979530827 254.25449046708692
673.2774564649947 762.6072999475901
955.3064611067917 553.7204881109309
136.43074612862097 193.44671959158043
153.9979393615698 695.5082861997985
302.60315848453376 93.16959967067304
808.2678139482572 716.3581948213781
263.24980711971193 692.9205448002622
117.6129644887472 462.14389798027594
333.75765929295665 296.54798923295186
165.90382945145157 537.5311442109814
401.2787281263825 875.5200398157693
163.7035883749382 798.0237294431538
628.9407870962137 674.3813853521668
213.7914416935881 562.5995949921933
545.4273442966143 688.1314927852591
793.2206802265594 146.8161425025176
56.121792650092665 418.00152822279586
83.20442019601276 205.9217937950848
617.9777907263681 392.37843029853036
34.11384559020037 123.47295896860088
900.2453078967894 846.7215237478888
335.8785746706923 766.857779556942
460.22450009481497 479.8802350458225
942.9164636783514 728.528255773901
902.4678206171358 692.9718050186954
49.754685517276656 614.2313694175258
420.6058846522185 932.9148545980145
874.5249140805495 88.10472450705171
474.47255980630496 638.1375368987835
385.337850024746 46.339482579113564
724.9723297440908 440.8834714967534
817.5616833850348 105.68589461032174
858.404494672039 339.14244087658074
83.49537454854615 328.9803100388965
298.252650089127 221.29233746276728
934.0350718798804 591.6178686187361
456.84362692472723 141.21559146118642
539.1807596812203 852.3788660422866
826.1990222069595 521.3707917525188
434.7253321284019 851.1523679136787
650.3892059348794 95.37931239217221
883.2069139898235 790.8325260268438
187.26363158804978 193.06707438276771
841.806201164778 948.9839684465782
957.5368594414507 103.21158746957322
862.8188678722734 241.9630268804288
679.5288132638311 568.5170327420333
404.2302542417019 435.38232908163786
755.5024683985619 788.0890954243703
963.3119184293025 497.56500561557266
132.1617638724968 345.2520709295718
283.8506928670048 391.4739889929805
468.7744063824764 799.4227737806884
113.81526236676497 856.4506455882401
746.6735918368275 740.4340309490394
401.3020571103715 95.82198544528376
795.062808561709 840.8119120803849
289.54900932928604 939.6941399391181
721.9409498582454 956.4864150123419
230.52360897398938 723.2880241546424
668.5077014647876 940.6279328499386
572.5791145943978 256.1852893272967
379.7479040126676 674.6519255171168
402.9588731488634 367.9588962012532
769.1341197724981 511.7088800265824
430.7171818906645 330.81375286318666
935.5562442767012 408.57593234903777
253.8274434335472 99.97146828959475
213.64898505196388 449.40390346043137
330.6937935823222 611.1524814233699
526.6928503693109 274.09334995660845
238.7304309534505 268.7136900907376
395.8484134278797 232.3148201274301
574.1270660276073 62.56551401543494
175.4459034555132 80.22923791363709
548.8474316314489 172.0693541906211
742.4680136015254 892.2755360854607
210.78042694608376 973.2574923260519
814.704640428116 248.57967700284775
684.4339588365918 808.9029577122335
832.2417012919151 37.25486206086197
625.7002807158112 334.02098959017053
767.8200952828503 948.3665872311691
949.2514722082682 58.097572447003586
979.7295898920854 311.1722605783996
581.8146450543509 931.4204054235905
588.6760328254769 759.1223325134106
47.80170830475802 538.5776390818744
667.0466204263823 687.8761378594259
256.600846973107 425.13220390426795
571.4845406891429 338.2018113349534
897.9009659730374 392.8878504230602
467.75845427530203 737.8292310097997
798.574678005879 908.5831247348195
114.41667959082793 422.05430414934426
369.81624887676605 831.4905256118602
218.26094875465483 312.0818650603733
794.4809511041317 343.49992283486324
705.736375737543 673.4450524329521
903.3532923517778 251.35928117551993
838.0640720828507 752.1483011504679
598.1592817623708 105.57086013768831
263.08997937918696 636.3488094978107
532.2710224641633 59.80149264763435
802.5649713305442 652.2900801217596
684.1085884313072 170.99724872100538
55.56101101656391 50.86232578869392
36.03333051544185 329.58942572069236
137.09538175242608 288.3618221628383
584.9210573273782 813.9239447942608
162.49047116250136 597.964626650426
225.29708009557817 609.4460132439956
443.9857950903281 199.4905547605339
505.6869582604347 371.4796280030995
555.5313502971399 502.0643412768494
398.73846484652154 777.9264358673548
753.3744141419227 369.5110128049075
855.5251330150885 862.1404787163253
686.3869530195999 469.5960690738449
294.8494549828238 306.25828956149314
34.3553519304885 487.8253633389886
485.34099000613105 277.3383942597229
215.45178191108715 760.9981651515598
130.88087720187445 105.86635029134028
421.93918714945494 976.2284964499379
548.5472626417344 570.7754451593275
