objects
950.1262754216235 357.4152902602598
179.37428399951344 837.989164446976
549.2641356641391 835.1328766889003
640.64952441099 467.18736936634843
509.0365651431184 478.2376056039591
561.8145362749331 546.3114037893935
930.7137588592574 198.9697314216472
901.8713691439306 597.7558562976335
466.00180833171294 644.9046040290002
93.26317933725548 948.3970434595033
231.8955967477522 565.5286434228688
294.95505881643794 367.0595969616669
589.7223770127143 960.9984735131382
169.3094296383471 204.93938305614503
818.7815091778323 908.5582120504998
977.3701266379783 387.74659258314205
516.0221033321496 862.6345378592703
662.1507837578397 32.348069120504825
155.91004920796647 366.1165808298073
955.1615223152425 104.45957539893071
174.8038781944658 148.7953163507655
900.5538430810906 77.80587990612136
586.7596190819273 187.05527230522299
721.019465319621 358.04271389646453
191.56868277501331 418.9861396972964
226.00914301713757 448.93343714989624
197.1721922286288 37.081644933876376
920.0929892046536 676.1250716911746
753.4422901170971 207.09269444964977
822.4947479695581 380.97769658921095
747.6336342352903 608.2166330683458
281.4217175309908 819.2018963275469
246.00475854153132 342.45463722095644
741.9995348214081 109.19301603588099
252.59963208871713 417.67930452056805
755.2985792880309 901.9565033283649
224.72121033394882 606.2631567507648
485.2909023233418 418.7234305491554
740.0359239141433 507.5709129209812
404.67728631014984 807.0021002396797
87.49362395535067 234.34292863947513
770.9709611854929 46.7417536201192
744.6439833466221 308.08869824314
73.53550378637368 100.30115126624904
278.34584920033467 178.84303165658818
132.73210732427322 733.3464967748602
465.27182956498837 810.2462289156507
569.6092643830026 872.6450133756316
786.9962782764031 427.06672874578885
227.45583021300016 770.2515101118263
73.84925621737358 783.4539909550645
692.123562212065 451.95798160427046
252.77420947146203 77.81205552287722
423.3347358543524 429.5201852459885
504.5076421069291 118.20736344525665
59.88768755753224 270.30018118377563
298.4281711277456 80.46055554655283
517.442247045371 316.0716881555926
187.215042431375 761.5872767576927
809.2733045996524 163.02733797745537
70.417697269679 571.8757336680495
959.5068907273576 490.21517787755363
550.5358641813116 393.5510341581945
563.6480719624294 609.5705083045574
527.9663708863557 180.75809745933742
855.8985215348608 492.66981127914664
628.3615513984782 574.7556227608442
717.8543091013066 748.6891939939412
270.25718927512264 883.2387144448438
461.51541841695814 754.6180229266923
729.2545308957141 427.4143396814994
325.44537375613754 219.08637547633998
33.596450358997586 957.9410166418738
392.83873544811354 462.62327113200774
806.5791854954338 489.4710466534882
169.91698357747325 272.23474995078266
81.64587800447977 402.8461179891053
599.1098584475453 809.4319249461861
953.9675773348656 790.1816268148417
726.8494728049948 978.2522400041763
306.1951626720215 504.372977043544
941.5735170841554 890.2844404982819
640.2372080801206 958.5965467959164
958.213917614403 591.6993324064356
631.0554801852601 778.8718560691453
424.05467776795524 49.490875235675404
171.85796043291327 478.9530766758659
164.98002935654407 941.4987502283759
875.093350163203 935.6934199190823
483.38421782511057 271.7433787434072
103.3600277073964 490.9488707251828
895.9186787067609 484.4540497971865
568.0396259940211 679.3087064215568
232.81747274079515 854.3184007167797
683.2263301592967 121.54186820381145
476.28759138675196 968.8578007461174
359.26165481646694 668.5702929875966
370.5148222946665 617.5344000012761
390.2840172306977 756.3005208737306
929.7531172207924 316.4082707114095
666.1861385350487 597.0924509010524
517.4416620650626 728.1899233661663
613.9220002714832 141.16182608642623
696.2059459138485 831.9306756791995
540.3289701505067 508.4666795605043
205.08281899002407 318.92552329715954
307.610002953052 742.805494544129
428.61850771629645 133.72317486707033
37.487489492289214 759.4617316614282
826.1398904955246 766.3527785256691
877.972055720597 331.0855637927393
920.4199489928424 753.3859333989003
533.2739701343648 55.54244784047
922.9980445085814 424.71963768926355
428.40081262980084 592.3592407680621
551.0117830258603 102.77797944580867
943.8765226986965 59.27678570945867
107.30843217173162 808.2417748548431
969.5388379169729 662.0080199649562
900.7559315781269 837.9995869957396
777.9422700552725 757.6110540201735
391.58989305869375 901.5420934175268
560.9494247321776 346.6224797315499
220.88613554772272 936.610409808248
260.9903947322141 265.74383702476285
256.5101340678897 122.31197184071569
337.3466072473269 586.4235297709781
311.7615170719613 408.95522218160465
560.7940612544201 290.052852738263
551.393606317892 971.2486047528243
101.01287111378613 861.3398809221319
335.1042350583813 923.6213134097878
972.5972003875553 827.1759060464298
902.5330932465357 268.2909022832471
677.9945103255149 374.79616974786063
878.8577698299231 689.128635830943
593.0689710978996 90.04267084253105
465.2714998224898 32.0244538389825
29.027075609112998 612.2904990748206
45.79374776187772 914.048455083681
754.741775542629 270.1095164136656
23.257136495041184 548.4840314905758
809.1912042844937 965.1716895882143
341.0642857771127 358.56717724600503
388.3764285060405 333.27962163712994
283.719000343345 679.6978414365071
622.8861754409257 506.6241345302915
839.3034363193289 704.4691205737317
470.90190251959746 927.663159444832
459.25011026844163 500.60805174622396
886.8862586400181 152.14165004900372
185.1110825603832 898.7464877425882
35.981868966126314 344.1885846395959
562.5075350647828 155.92135435261875
395.3102400418726 692.2877422177711
