objects
783.0793852654192 604.2150457030946
215.2234581494556 812.1826664028555
56.87154215517656 733.1066556165231
152.65946321896536 27.735458983748174
612.4660917931028 429.6967212537735
132.4570780143584 751.8369772895071
398.48707159155674 764.0419015686664
778.9181713127834 719.2388937972398
229.00391795234196 673.0223124767796
543.0454693625743 271.4068444994864
118.80156590803593 101.36094262086188
845.0530202090517 587.8878411436771
262.94938250377993 945.9849993796034
63.90716857778719 158.60591605560273
339.7937584885299 542.0109036944166
830.7776949719251 533.9347782445925
477.69328772477127 653.0654262446428
403.77815377588047 512.4802058582453
787.4531760218254 381.1054152342748
864.7162088560218 465.31400380845935
905.0602183307292 270.28739421744285
941.2750443836004 98.81333096772431
593.6150197839055 485.3798023253852
377.6383603548086 232.5260946831472
299.75879954999107 570.8011335357029
262.6649036513133 533.5336784140459
261.1078462744707 581.9165996261256
296.7804943560119 725.7409723334424
663.3773364090379 342.2070702358477
593.7907428833321 383.8447643563029
250.03076302444325 275.67293200179006
510.0477036285347 357.39919286701195
479.609577602502 591.2612924775349
783.4611461680381 246.5503324514602
752.8638211947438 428.9152933513393
33.65870859715114 610.1574334831648
748.1538302366959 205.34084744826214
549.0867263231577 341.09631847572507
707.9011031780644 670.636195551782
970.8128407449644 641.5053221914795
335.7498316386691 915.7563844784727
556.1355476508259 208.02079946397012
26.204302088827227 305.83337781056764
973.7402264878989 208.4791694412554
693.1446536631963 106.99856588256931
728.3087753087017 746.9951530097376
748.454810916379 164.6904691836534
258.73451121593655 446.5564194061253
691.0238724962659 947.5082308755448
301.2212775362028 844.7546482769868
332.9746244851749 176.70207298783828
547.2877566786226 815.7409920292113
160.83277279931704 282.9479864115333
781.2691229569944 839.190647404211
622.1222800257656 92.19304854152557
461.589043668822 796.9562353143102
43.35518750494414 387.2192136024805
441.54862725266366 367.0861887272795
855.1476814806339 199.4221884855106
54.89433879383102 523.0460836377359
803.5119688757543 300.77863258269736
139.81864217224808 570.9018828860441
900.4763829671224 703.5980212188219
666.0678247306706 176.71068962167791
335.5978850037976 807.0524192785
632.861882196434 672.3028425556577
380.4567803166707 353.5638784166348
261.9189577961581 163.3286178797539
783.1332858318056 115.5869644206519
209.86352218326772 448.14297483518146
480.2604863118062 86.42806667398975
237.29650379545996 112.87935065326451
186.27239046665323 842.092184899918
101.49825563759016 684.3973730027649
235.62285154810323 209.3725171290552
819.117308894808 941.2355317437031
158.8244585740122 201.6028354425289
533.1830199252477 152.5771118660162
681.3379725604302 497.09620416163614
612.8390499734538 580.2441766840536
876.9962956262133 832.6961150491096
470.2455821734485 164.0562290407067
598.0131417865764 294.1424877987814
630.4087479844376 772.002648347412
436.3670857725882 257.89783567718706
89.60833709222557 68.91784270013196
949.3369304108454 693.3069939619319
182.2215632208803 586.2957880965499
915.8603934745761 638.7619557669818
263.3203515163642 390.3687834754912
978.7081984558286 903.6713978933936
75.5571324093822 339.7113990857714
937.6159235741428 819.2196900574337
878.9060291996697 786.0845657226025
403.8330151794263 675.0465901307588
557.3994672897903 399.5150115510586
89.76878021269194 211.28822132419057
192.54250879180856 691.377908540951
609.4888584860435 967.2681827014195
204.98188077912815 292.0247377536622
683.1001277994161 625.9632533410421
327.26211440624706 83.25775769053126
551.3121386776646 959.2264421519712
565.9474988991968 536.7812923419416
530.6197594691533 507.94478378677206
738.0848590920019 788.8818539786419
898.1905014851684 102.05707763160142
139.0643233679026 665.0865366945663
194.1523950811679 521.3203537418149
89.47033051157125 835.6667998776952
369.58011743089276 843.0111413864721
550.5425961136913 441.395685826736
630.4190683670439 221.70853343710257
194.6362698780721 50.90887232341828
412.017469617634 416.76323505309415
124.6585494487213 173.34771613241878
37.804160338491 662.8787426848874
977.0913186983144 783.3535281877749
496.64870943913695 213.3255988675134
186.50657980665417 933.161953627036
576.1981352046544 53.141397494247144
975.5224637480111 420.5557821409567
594.7240725521744 242.81577340162664
840.1280712227568 133.2426439285848
842.8279487695171 750.7060264809542
942.8470720748654 47.107430313691076
213.372626238061 368.5790928583731
34.17334617944829 932.2109756977676
406.65532348569707 577.3410648454377
640.4997151648085 836.5711361365835
865.5149492905199 328.30556065739233
660.5537803828457 251.38148646768965
238.88028044998927 630.7079441521978
420.78808709382804 889.4939976375674
127.70143140939265 445.0249094664226
497.61360469278804 938.854632309466
412.0260123855147 963.8821949342846
282.8762585396729 77.04769882949225
131.35672673930182 901.7588907681848
806.90951283204 497.1773017666088
41.642747240006386 205.70434276377253
360.1214508863061 20.83043089604167
497.21009274690596 716.367106668655
576.3195768701848 759.4376607854808
621.927563040652 537.942698328649
146.70497147111945 530.8422253801358
685.5574237409875 583.9524623847147
79.8620753070079 593.7663854671599
896.0990696862353 517.3497182268422
536.1146616739618 876.6550627650965
960.5246610037858 540.8007588757595
574.1861537849317 603.7063564989389
733.0038700275147 71.15450062583528
429.4568824500112 126.58968014230692
939.5468677196733 918.0819876754521
