objects
304.1675410589704 210.18318865231512
966.019078246376 722.8929883482691
370.0618101107374 722.054036718074
220.55928479110236 280.97489549359136
149.7326352517104 526.698523327655
810.586339822272 917.309999034161
777.9526945750604 971.566336141498
465.532829900103 754.7822505677561
599.9979534159966 921.9039881287654
67.30936239710599 117.7204912424934
682.6593004477662 731.3280284819353
465.5674988250289 943.4659827001527
183.0334018437723 802.7165047164185
661.3393834121993 339.2086330310932
449.04214547463516 564.0809394066906
565.1251526907739 51.086023373879065
612.577133962843 165.91085077832503
318.2105271331999 703.5211353704352
937.3988085235962 230.9986053842374
520.5476515997352 624.1777647575688
745.3554776663384 738.7991838968412
793.9786276079755 565.2254731354192
587.215310318826 668.3424194299309
768.9506398350437 646.2176581381344
50.0506185526422 670.8011269445778
675.6947173785504 526.6463681429444
924.212419316777 406.755257459007
61.6222892716962 458.0258482813101
752.993274136451 213.87961989669716
883.6918308400043 705.8259636136622
36.08323449979754 851.386146954484
391.6921326152868 790.5704712061372
166.64452559103083 126.26326936650375
334.4096002193817 563.9977551953613
510.2180449011719 357.85294302307295
125.58964800873335 293.4741244222764
33.99881951933749 193.07028725000228
641.2373680046466 858.9373807376337
895.63467371297 558.310092715472
380.40718059973176 676.253394738894
138.46873801947268 611.5207716398681
88.17157463765083 421.7892414786779
506.7814951143274 226.35645188534
290.4852843120939 654.7490991032497
702.7569029760307 639.5101957942019
407.64904582161853 960.804616695154
237.55365436950927 209.83895601126648
534.0060326352299 684.8394339184614
481.4372760756968 446.23219382517766
792.4754287059221 116.86341086403795
368.91758588558366 517.0246629433783
623.6256645317651 476.138164481446
155.64900191313066 350.89124645696745
717.8802898932342 238.72127619357346
797.5814070823001 809.5126981786262
857.8067110265149 605.8074539350264
258.2013872145474 740.5250207558734
416.56803731171067 157.15451576091658
333.7600251793565 433.8215252180229
98.66173189813065 539.4764995483423
606.9747280250481 229.1176718494136
163.1348434569843 62.08729265810618
361.50907770248637 68.72754983520166
118.88616138349296 925.3072696721727
827.007509722389 960.1679597091869
298.0732961458117 922.3201649751302
234.0149412247916 24.772037424741846
533.0824484070685 904.9705852885338
69.63204089602891 793.1983337042204
208.30517255415992 88.96945895710276
485.28537826887805 515.2241868380344
546.5582919799872 318.0027017617962
197.2071688920562 565.4956325806729
637.9542155944627 682.7633673127549
452.86487997562676 86.37267175468635
688.5085158264284 929.9321731954925
745.3539920822014 516.3068728196137
353.7390415703903 281.8979053748186
413.1254468780071 471.31152819781687
780.146316971832 483.1789521241327
882.2419264932618 271.64710827679653
120.92418257121767 685.62783368229
597.2604453399425 418.68417394311507
752.5696260172168 61.454968125193886
552.3262894893006 791.9644260384588
115.96805227464932 190.81964751138563
303.8477371946973 164.706642684566
411.6319729294215 387.1377219860932
262.1534299210024 969.3113948381992
779.8728122500539 284.4052395683036
70.74141662994076 238.23878893206034
798.875139390925 42.4805725748429
96.32219498712391 344.26174169081423
371.83925858132 226.82106424412834
897.1619833101091 772.7761445395198
462.6856192871717 251.46877821237376
108.08683657371587 823.2583901866583
456.6454022246984 377.6608502894236
563.9309701230517 145.03176449163732
438.0540456411595 865.9170910828358
326.2534747973807 367.9071123708046
379.6315021643935 898.8853479423472
176.56629176791202 256.3111067443611
884.1400751721665 519.4055339537449
81.04566630148648 610.3479615132896
957.2949889976803 784.9502717399623
762.9948977742959 415.05254615082663
182.9188304870766 955.5879458438833
954.6665092627929 558.445415925852
91.21782440818257 39.3559569053868
956.948755768521 448.8227922695037
749.4516017706563 121.92836092960273
946.890628174611 82.89045840965127
256.54165466471005 162.88226796064447
410.3372643850339 752.3455641163558
193.8685056597491 670.4027173670628
834.2823999224333 417.9044411662139
721.0604429990844 450.1281460016602
178.82692372191065 897.9993663104527
100.1094030740536 974.002807261053
670.6222713969794 253.860083982471
954.1072033163755 859.6003873705446
100.71867904540862 752.3578330172238
584.998840199992 368.5143071225019
621.9370734914299 757.3839920570215
180.18224647898214 734.5388915307593
601.3335210663337 285.14196715980347
693.1084916490372 845.4771121751274
488.24040444011223 694.5467372688453
908.4020443810679 109.96391911109417
903.3958242299674 308.1232877608538
869.2711446877529 130.01322523992707
895.1166153562457 871.7908063148973
568.3291682613636 469.3785294899765
899.3279180203278 665.7900846383193
727.0301600391673 30.721326289847962
566.0920521856563 197.98736984447063
48.17230568740257 352.911849356301
278.94048018352396 60.25390669818416
282.7215123868082 524.7055716237733
342.2080276264519 820.5824216077814
25.19129239378638 294.7846316463399
303.20103735162274 767.8628309562071
247.97086295614224 402.45270595651107
447.93729996871537 324.5529425106082
674.6777333018641 568.779466558767
511.77665392740073 774.7315431735973
210.15552914245777 473.357420146902
455.35472062348083 171.64788958807847
419.40082724744195 238.2763125700965
850.9910348062383 925.5954340938844
514.3876381726752 848.4601716550578
288.40417476223706 860.5456455896135
368.4333533735945 599.9524425762908
587.2770219324577 596.9577417829615
