objects
322.53682151100963 296.54331873799765
376.8706798890628 451.7119744021486
114.92384945527586 150.49298580689492
739.0385633705017 333.22755381108277
214.03155595287694 87.99120377568543
256.0056127812861 490.0427890644553
655.9340400488562 575.6151883357139
243.24863062304655 54.23556362074473
77.72238519408427 89.96609684112367
862.3398466223696 455.15004997607514
191.03036812357422 30.287890118552873
303.56955701661025 133.4882960333357
306.7868964089381 760.1595908176132
939.3346029106746 178.69869331871774
51.88677763153178 712.9416604210719
502.94780238254623 359.13336772875516
303.07363447734747 568.6431756869895
491.0928343475581 230.55837693952816
50.02747424144515 602.0443955746747
679.0288493488639 667.4714515152242
26.649900187944713 564.7301974868031
663.9598373470235 932.2925811933814
106.0953827371844 907.4480461226988
347.74429192178934 844.1083644665123
591.8120751478666 111.24056306825231
249.4801109647711 315.1650453711919
881.0719809214413 821.7761913924139
219.88818309256777 695.2975790254657
44.85947191769931 64.87227574501203
847.8262754509841 232.47688805170884
463.10890571085713 427.21218764284174
352.1279689422357 363.5489335762244
976.1293999911323 504.1414238700687
294.1074852837347 211.53704466616574
429.18753805723895 115.33598930594438
195.08889938985013 615.6738475835351
860.124285785883 110.25894385179663
248.7946338576572 363.6955918930421
444.7959559096124 677.00063860178
98.88678907018772 279.3156955891751
381.39277590229005 240.52088027073668
54.60007472412447 479.26090371553084
560.8099561440918 587.6946983281026
601.1981472951416 559.3944878897958
350.49759418958195 524.0129878503421
652.5563399406539 129.25589007163242
632.8799164124716 447.24941076157916
331.28540347541434 618.7153423198465
946.4417107424769 704.000497091964
162.7468173516696 388.58573681461075
293.2158506741539 834.8852431632034
327.9293640299486 967.1409087395845
961.4200026001139 283.51682063790224
914.8447788392847 759.5111742632344
648.5098467584208 732.5911890087746
41.20739275977094 384.3802780950606
922.5544689827602 346.81392085889775
424.9134331709349 440.3275545227589
45.700684476306215 170.62122825930655
460.4447943459803 934.4770673511016
220.31320661084024 812.5429859127923
756.597551415953 382.763079519343
694.9485457463632 397.6047529962998
224.47751936735096 741.2089550555413
286.9138575951156 383.5657696325675
796.2927003010786 586.6825233800497
528.3060773511346 450.18995201497694
395.51392136822324 770.8649299581471
303.7027660133688 887.4732801453237
52.38050843296805 650.2832879472779
155.77733972271952 331.0452587423531
412.014830774704 726.5706335600423
949.4989952097175 49.87563131191987
213.30244246762533 520.4023734849668
325.77296538010785 478.7404834186775
607.9078346124371 656.9055075245553
374.28961017880954 141.44180102106787
598.2502901832491 402.80270027765914
771.4587437240749 256.1177901672541
55.37628192333435 916.3260351075378
104.31412862685009 229.1086709592269
569.9325778494896 861.9918050656953
155.85684568318928 442.3868888569159
147.6087147953574 975.4800125104579
512.1570186743985 23.32634171310964
710.5497681262399 84.40008096011947
244.4741691638895 919.2574263493868
535.2788199743725 69.93684378725848
652.7902311013598 379.222904286009
598.0835260142842 753.0807552434785
860.5394785468972 172.9741980453583
607.7417718625213 711.3992667246182
818.3869384093877 717.3525060586634
245.364253388018 163.09570447225985
635.1506641592039 865.5604527790872
500.5046894541373 881.2453352237239
456.8635097145726 82.31953160973129
355.62976847265077 912.8422676592049
378.34808878580236 563.4759278142908
790.0348815583218 535.1777504561439
828.6474690725412 148.8511716829841
141.63302467390758 882.1101141534958
99.52226200856086 771.1651908192987
781.9330083973313 911.227993003179
411.12420948804413 502.8839605026923
317.1013715901802 39.976601538726975
673.9603142325016 457.93549755554284
589.745673555452 38.592991068383895
490.62993862549035 158.6540377353876
779.0024379297658 304.42290108880763
71.89792250214828 352.1033971677447
414.68482267234083 369.4037977603624
689.999581262111 325.22774663083794
320.72894634749275 407.70903519995124
936.7389022257139 815.0056282268208
242.25598592745024 596.6075095745156
560.0903049822122 810.940126027337
655.7354717446303 975.0435163780767
696.8984894236793 577.3270519699852
158.88952323352567 234.94157449158953
549.4474256069311 369.4124226601192
176.36371540513417 777.9234679443265
433.8052279666838 185.25866308610236
655.6835118228735 60.17893219372013
206.1306420404344 291.62963588598654
260.00712059589534 663.7225067343735
670.0476537356333 798.0638776950833
783.5512293622505 487.550940000414
917.7932854749581 632.2516523997356
967.7676827651328 918.9091041877447
969.4376633071222 355.07173586197575
88.16426420265721 524.0829977522338
546.5034424077985 906.7107471005772
957.5155524922759 218.9202935143117
571.2933163071572 298.2533352469103
239.9039269192402 972.2939796606746
795.2078874056899 400.0178628195697
705.8533615560714 859.4479507519065
305.2694775979951 343.5680454833782
766.563727584801 612.7929524560872
859.5143441944364 704.4304785572784
34.89175752179678 224.1088995219812
614.102787008876 814.3453322218293
874.4729700174022 47.08243965998014
779.9502715508623 46.85777693695223
926.988226165947 469.3786958312155
724.3509670870585 895.3674125102671
126.78572275734605 716.529678919534
915.7793965369757 583.3122320264582
883.6970074559122 326.60070727965933
705.0675647288849 770.9136516758841
498.51523642938764 758.9857452276594
241.49195215669945 423.6152125126231
843.9871386033504 543.9537099681322
893.9479017712846 243.4788402959024
