objects
940.7529619025279 688.3482486227497
217.40566995787046 791.7302895972175
819.0445433103384 559.0145420943047
947.2142024860748 496.0928095883887
509.22455016955143 367.5079178572719
956.2434977668557 554.9491265214396
348.8123974884095 661.5227114670932
397.0057928291436 245.36248269721216
628.6638603571248 161.40723854265053
871.3956253780847 360.5014408265075
850.8327468207209 118.25197373412377
485.7107467884716 84.00360980196683
516.5953459194043 728.71529410351
722.4324921837397 808.1248968813213
436.471044530721 362.63172132796046
347.20877308494846 832.879797462191
127.92284319196249 378.99601851974614
979.3139692412659 398.69457189789387
720.0410099158033 69.51593285668719
412.310207148857 845.5496476245199
123.48725597661469 584.4724776375111
259.7446627818571 553.6632897597941
896.9837770909793 708.3074636936377
80.51116720823957 49.588410154175804
251.7059422569039 946.10675973853
639.3596422201465 607.2118308067596
157.5362777019253 148.96746488468418
926.3829376907369 371.3518309849484
689.3340391689095 673.2370302639248
545.9899661649661 610.4500622015336
672.393536357374 809.5564394901861
237.37574383845177 507.98993699919106
657.2120599125022 847.2982313797727
883.6767530165347 963.3471493626134
745.0285946783602 290.2685135811348
145.9151515423523 873.1201494633974
951.2186696531395 69.50481020255674
638.9921912317661 523.8382184879557
351.11424553267375 574.4495958144286
730.1390785529662 414.779192088439
497.7950039725773 424.21244823131804
878.2902708597146 265.1141418921054
461.52494217520655 600.9738791517709
941.3844893645964 785.2906243604092
735.4957417060269 519.7506125507772
913.3133824616694 454.55023469151774
431.98543346457484 700.4067725901212
421.78369286335555 307.07757070659227
157.29486748112336 51.40754160898712
745.2097229831837 456.9309332018811
655.1607272466357 212.37674748603234
454.7283110517486 459.68048102549335
229.65098828183756 415.2291949249326
531.0327880257265 791.3110242818793
50.5249010986941 692.5382627394616
593.7381225877848 191.1240716176702
619.0706212707661 403.9807839319245
805.4735465636343 734.3519887719533
459.2653507409989 178.26931130676837
391.0347006902758 960.8854534535907
873.9433525269675 637.0723710885783
732.1892370920422 894.7244652280381
21.15216518005325 918.7364843368075
427.2739524247994 129.57580253211637
817.6217901146384 627.5772950190321
913.4649282035734 105.29142219813694
339.07823521028206 64.31184859183492
269.0718282775912 441.4345798981228
916.7869239744686 898.2088925030636
284.8476687151291 232.71095823305146
84.31361409378002 403.9977441667876
797.6825187283168 239.5948656363586
640.7036294300955 260.0655740405123
35.43405014261041 352.9619645337523
643.5862670951608 450.0699583951772
210.27200884276078 289.03587794386317
701.1215183859505 129.8343941607655
559.6703942457706 755.3574148067638
833.4049773953599 837.3896762885349
785.4465995928648 327.8177038637649
502.4991669263212 266.7625534928645
945.5099559241204 860.7332627967248
86.02580112792839 107.06905690740179
921.610645322985 26.20024643068338
879.3321674926713 836.2410683679991
605.7557691600416 820.9641821718952
706.804339032936 624.7703652000242
596.8266589221817 243.82346106982237
764.5024106287578 831.48935696167
503.9550183115589 509.7710081921749
475.811877342054 691.9485657535793
256.0992216233443 45.54767513301337
53.58221236002185 529.9662768912855
777.9499810678096 392.98233892155133
327.91246660987554 198.21985878122697
543.3300065409975 887.4195001360629
884.5649159067971 560.1256678143806
784.9133661649626 115.39834898091401
561.6159890785221 56.6809865487589
313.6509297029387 630.5666206401397
60.315227510614115 941.4166513888575
76.76335709984974 653.1579327945361
338.83526323506226 729.6132828781069
693.9376702709086 732.543907016729
57.89870264732297 877.9062146952052
807.8618180386915 497.0693944436732
860.8010175293983 41.598993267432775
371.5142081829191 329.64060382542266
286.6979887452542 742.6579102524571
335.70505005421865 929.1854364416528
249.0561377305023 838.0261421718736
963.4253258926809 213.49419286742625
62.19838687135037 780.4418575630934
248.63408529888787 884.8908761657905
219.70310631088566 690.8802724070327
869.1879028390873 755.9695936665802
255.8791818861636 778.9202931774506
166.90866196792868 684.8608343089137
604.1325489429377 366.83573462823574
131.2766489724923 975.0605612515938
366.93204780515305 120.91172431830738
825.7461821263298 917.2820041225289
121.5077990875412 258.1799219439325
874.5934403382365 472.2150144037897
191.1010506337179 81.62626779560927
733.9216656474622 175.56978163240254
547.5382868223953 476.37023429909243
880.5892223896572 512.1145199796194
378.27894952075803 471.647446980876
968.6058484762129 146.1402548479488
324.26666549004835 384.1070711211331
365.64341227220405 514.0844824468326
419.18477189395696 623.234431658253
588.3267145167382 935.401152476492
188.19661509516558 396.6812847489231
813.3984607977177 781.7570522689834
81.85093075798943 270.6764261744921
310.51555311660775 699.730396578305
788.8985539132354 960.1423427098472
103.01214015041451 187.67104863989314
33.17984074712641 27.807437561112316
932.9486329426785 948.9452335808561
604.9762805510638 585.805882100472
865.8831263591655 308.50721341818326
470.290617290074 873.1557901504461
623.0935504701441 894.6761661698782
544.4389809009596 203.63375882642498
855.2244788197879 596.9312925861263
765.567296208667 601.4161778004847
466.7651826259506 398.9588051007622
647.7646105535581 362.4945202165319
30.43389947743155 975.084386437924
308.89194949197054 423.2748795643247
32.33259492055774 264.4066085660371
101.95921256485505 509.72267929449526
