objects
704.182874534816 430.395978095199
584.7617744120718 559.2191036137108
202.1093743084178 899.9140353589562
968.9357612000942 376.2654151349876
882.2745584217286 336.21709292390506
102.11475943508187 460.63878270382133
874.6938818155801 442.6823089464584
46.38755221291055 410.3048094493919
618.677982777614 66.26691487627104
729.7330778357216 117.36163467757434
464.1160781846347 733.9100478641116
134.10883617477378 62.05280035592654
769.5452247433107 716.1914492151077
206.3656400018849 557.1143368084194
769.8030938159114 816.5025411313595
254.56519034142732 95.1899561454646
262.06774489011195 393.9988215417703
293.15266401865017 428.76315719991453
75.48762514914787 164.585174042874
534.6345509682326 274.45163167318947
549.0862622526483 881.2793138688463
795.2932081640488 603.1238057443106
167.29383509329196 565.940487486784
158.6035060750521 839.1826531798916
316.14860930809414 930.3067479279375
24.887018531986616 550.2278427448298
946.961059191975 103.75135752045587
190.44889383217122 284.75791263639564
912.4061419567279 198.69860666866282
960.088771264812 480.1296970515658
383.70443699070745 427.5375821525737
475.4183521097193 627.9824961837362
160.77548892648954 241.43953847003095
709.4915097305519 936.9672833582023
285.61861819403407 163.6647593500528
540.8203154835576 188.86730511761462
68.82433153245361 554.7518350491306
943.1888106816943 687.1833980825832
418.50249267194795 731.8049796989885
699.1794190079364 327.2230102839485
273.360787642932 481.2414697750123
71.60673731458468 345.12556849838575
801.5904742786449 957.6343919177233
956.4638688592553 834.2750925072994
783.8983487594254 364.18470066268685
546.8497655197637 464.73087885751295
290.96329671565184 535.1209111968612
654.2939830480817 455.077638944681
699.3817620845497 39.85131220137389
622.5739882333331 799.9688942351902
935.2741677152092 573.4753178572105
721.9812029881609 192.24363121114766
660.9970796687046 283.7679444110297
738.1996081372264 511.6139505247744
209.806291077934 326.488143145697
834.829230773979 222.57304195082764
280.8713240731603 674.2742061184362
849.182911791192 524.1348527733476
579.1223654475169 914.4062005941807
160.0301484573364 745.4670519242712
26.65680031731944 352.3514272909325
67.74723722702569 117.83130965844147
186.10584943287023 651.1566753348837
466.5026273040802 481.30404289275384
457.14904385494594 295.9349969261168
803.674809676814 295.47271711254007
366.5510726518339 360.4171268930422
61.236701355302706 478.7281239114585
606.8405740828388 170.59829626626936
672.2000423250723 949.7166456422009
876.0718783853355 684.9026127286272
408.3647178272374 393.5605661241476
819.0845911183212 833.440646531768
978.6939999967486 35.10476964129662
222.423916361394 406.78222917425444
371.19559414562445 90.61780552620073
206.71214006037928 466.8025972699869
504.57272399857266 686.4704072691496
395.92844113253875 692.1500861974604
583.399317842794 353.4972009226934
284.9876491577138 898.8806133621491
926.3504715711553 60.56170762323538
714.1750465054957 829.2825283561879
788.0562699814425 539.218482640368
150.26172321022258 411.0635139467007
967.9583144962323 163.3475913269032
392.7960334280293 35.18332956801432
235.09384803004266 269.90879667572483
872.9004183394575 194.41813397474985
124.13871673596982 592.1045144614096
442.27208906390933 30.43823993875506
56.81670843190076 780.4428494123207
959.8271980579501 638.3846634609332
429.9397652536434 529.0892623082075
383.373407540211 183.89151400282427
303.14478941369873 26.531342027603433
540.6438819032651 793.8651930526223
241.50930137997787 528.9441853570489
484.2426330138629 346.7469103618902
648.5367266457522 844.4757640409017
862.8677096428407 383.3506887870667
737.2726519013455 310.9804989026104
353.3001095660545 943.8364873386879
88.47066504117292 897.2894165935663
661.0915385110992 534.0955472521405
555.776290625684 755.9889621334119
576.9436283470595 140.10067955701027
322.9576971063849 977.9169161724394
116.82099078164487 124.74423662965387
734.960221609639 373.76146784615037
32.877217461745 55.47053011034236
853.0148162683712 141.92541237220303
87.87161796011767 269.6251310578333
894.9552707550536 735.7777649022529
435.27127567989714 896.6926364597356
563.103475561372 615.6955146947985
919.654946610815 277.0758715648835
878.2092992211105 903.5101084101766
729.8059696100547 750.5650156957836
668.5697366392321 763.2507411307546
85.76547747909792 733.1132869088684
522.9289194322454 365.44519642557384
182.27501483644093 69.08352805894216
895.7054509633613 137.6723360132747
295.06559525415867 618.5729431742158
593.7317219876547 646.4256553395456
742.2759537811639 978.289530578346
179.91579649087373 956.2203141576027
609.2394734316395 694.3615499525165
237.83972854627484 152.5659455492248
301.6035107392714 120.71973138353947
370.11378464822803 631.7546408298432
375.068121412948 977.6919238906237
161.60713587897936 318.0000274285062
748.1610700581261 81.03225500548504
28.417853930023327 863.1049504402944
771.4352966280717 902.8228207726853
652.7691435926348 225.49749063024166
322.91153210034315 227.28958100397372
507.124631255489 739.1631146773411
346.527386803534 486.12125131291066
919.8819746020787 387.6593221744823
383.1520671305816 591.0856841983824
936.0496737311229 942.3369874936185
166.82953601806022 125.15499405707999
81.60216232210661 857.2598514638586
426.0860036356049 796.6721594726122
401.6298951892019 291.6054524565601
368.3039686363279 774.5157006990768
468.6374967665064 422.9612169763885
680.1858255401422 87.39731923257486
202.41356708144937 698.4817710823586
414.34209625680353 489.9607871786677
515.2962399713764 825.9225375336553
222.66057510158416 979.5394716402809
