objects
374.83978916053013 694.7068211378036
192.23291053591822 160.84087208548664
809.8165834477012 260.23279894624017
317.91028618904176 411.0984310734926
636.0197474590551 156.09117320646487
627.0338941885196 99.51240361043897
570.1836479790612 611.3136213341618
835.5468335257628 894.3515839493398
70.19278337018685 946.2196081012805
471.15860412558243 895.6815012524793
807.2464737423832 62.32129528415851
691.0830663532779 214.24566312018015
550.0371352278324 950.0586683839169
71.68405350168172 285.5118346086003
458.2557682326295 519.5955040934197
280.50806607828173 625.6135952406772
245.20968348505193 722.5451301512529
631.6783291667645 291.23152904703653
71.38927523651292 452.00172861321965
248.96023461676776 341.5767888493166
132.92500242827484 509.4297846249602
685.2630016062799 331.1118870038538
513.8041570369729 745.1783392434029
825.5091857384875 411.62980387620445
944.749422223743 99.60675647901162
613.3156366151559 768.516180286549
568.8611146236859 184.42883236944272
718.0076155549065 382.26837776951805
588.3426147767536 524.4484339752936
496.12713532487925 835.7228298040106
768.2219526070393 408.559540961624
540.6642130589076 811.5102630103376
188.29315454120757 382.9964127058531
834.9245320955887 703.7916602453735
871.6197096838431 320.8396270322331
781.2288405414339 777.4918889408233
170.78284636461353 272.8076003642829
912.2471501586539 694.3779477091286
384.32041686019755 764.7326415377166
202.1108505415109 600.7671055678408
143.07108574560758 51.51292500362949
379.7876887447802 399.8566793115331
119.79579421599779 272.3731483384829
687.6988247350971 832.3187866944446
329.7515688054951 638.1994041865494
877.5698234870745 188.5859436914588
772.4483006771213 907.637328318535
635.1660107031178 819.3549291536028
100.23042737980128 178.21175177658444
585.3504793630307 401.7604949119683
750.5038486353433 181.1018064892475
662.0007499979689 568.6026646586715
97.19165327340313 69.46875460927612
764.6877981780586 542.2582996808901
326.17202648844955 723.6313098668463
369.63983026375155 606.9010992994897
168.63503034275556 835.294352328964
350.4111337329843 111.45522478245678
415.2863150696162 591.5441443548762
453.7806408631178 346.7138172144748
368.1530644615077 907.331426062336
963.6324105021359 931.7933694710565
639.2268726049617 432.5034424074105
602.1883912081639 677.1553905641094
751.7964905130286 475.2772422340999
358.31337055897313 277.9026276143647
811.2938258337344 631.37768971449
551.8311748617855 257.95142337316514
120.70501362409888 426.6380085321907
87.2910052812403 772.2011598247299
280.37040811345105 139.7472880557331
42.10926038647072 62.49905089918949
907.5755673562452 517.0753368468519
825.9038198327905 555.9647008934614
102.22429234457371 665.6521720692459
150.99336050120178 734.3209258513758
707.7367529837602 740.7257875095163
808.512062486754 331.3217190118225
159.9824756290755 216.89664086501494
907.9360193376182 810.3468975577526
964.2843891505404 312.45476364003986
146.0564369123203 913.1778918897742
557.9463125900108 34.87533672253322
238.82983751131644 107.74290951271591
939.2483614657981 221.67952592565052
192.20389535225854 778.3369027415217
405.67538720828077 87.89251342351139
400.96075535317647 139.01334180612724
485.3827876852872 688.499502547417
839.9456197608364 951.4272458147817
737.5292165168745 77.64084763376951
554.3721667880112 363.08931679052574
283.87452638739626 224.12425489213075
952.9573862718556 872.0010379786739
33.88676841561835 185.64457734785816
262.112636416843 42.686366289968234
776.1639019893463 964.8455509326276
445.71723079971497 268.18838323442685
479.36697227869615 408.30955546331563
751.8188190756268 696.3989856620426
464.9285700821615 582.8130255286984
195.64648094425456 666.3127260528687
218.86327447156845 828.6887687440817
871.0790841879403 113.05122758522612
467.93133327699917 789.3203229738151
373.20458302045483 452.5809817678189
132.63254961243928 800.9578334237387
201.21205379184994 66.39886809288924
426.64066414855887 728.3216417137618
359.41231715363847 173.39652095202666
140.73645402152442 962.9030684646674
844.8855664560923 766.7224938103959
318.16049423769687 839.7345498588708
916.9066735159051 644.3912767482539
180.40189519653148 534.372696007827
638.2988421963815 644.5757163788533
309.86999377705695 328.1291606873848
33.06523471440626 247.91796877251073
756.8774332692925 596.8010375854695
972.1119194653543 783.4659057106227
333.0169805092372 27.48930942274829
249.30783197424262 881.8816535158574
210.19953925568802 494.2080815811141
427.95346302617713 957.599022559024
771.5708545507167 294.6041648550713
914.3451484119234 429.17907647241765
106.69876858693559 866.5661093618678
314.4522422219267 559.1659963645593
262.76743901597933 496.6427064150095
797.8732315938418 140.85629762137847
370.06634789590186 338.0406748564867
836.4226989334752 466.9608487683253
893.4764303038248 901.3724951677971
24.97668226527952 525.9897286951491
141.96796524535924 336.5688439662601
887.1280300744592 26.933307013445237
33.577415786439296 608.4924003344213
609.5764385868941 964.8703609074973
226.4865249614743 209.16685215912247
677.0807905205382 955.772101512286
668.589396439454 706.3271555875972
660.4583277470895 48.17969672772904
972.2258575003374 490.18191283459043
63.10061770760107 371.71079197064296
520.9760159367245 880.6502103948325
740.7454241583501 818.4542328372853
312.8103542970508 972.680005907034
515.7695490672735 445.8583998284169
596.8848492625538 912.0407313197304
906.3032619763408 274.32064602654054
441.8802207186001 28.867808233510964
203.26321188091043 432.08906837157537
469.95417462874065 184.37905066050223
669.7885471869613 388.72974521452846
104.04236392447214 562.6946883777971
