objects
196.9837951846057 157.4583822314686
355.8609236171376 631.6102707606227
625.2725642856575 692.3611882814025
32.70212852046076 598.9703127463216
728.839590929188 590.2150970658282
935.24593096913 324.5774744773583
503.97299686135244 736.7713649856582
398.17788947362544 123.50391141339313
35.36738860530944 61.426679064029074
457.12993762618817 215.2329630101981
804.2078504450201 651.9077129500658
222.2101405193169 634.8431065330412
705.0005017412259 259.70862184438005
808.0612983871385 127.74397302478853
307.96434689793523 94.63781300101911
306.01099337933096 954.1889403124559
55.665399030933536 226.87178016429016
157.3724511712159 831.7752318362411
689.0511734735767 781.7781189409383
759.7656041052942 779.1952934969532
920.5618855475897 431.24908101689584
776.0274880110638 37.53989172895207
407.8952325219143 194.9271110852464
224.12839932600065 916.134401804472
401.2234923572845 658.9752872028386
389.48646403034155 400.9304394074283
151.59747866159856 176.32314367078607
780.0999889902887 928.30977914093
703.3303217993213 894.2392875057315
506.23836820148045 459.8943248443962
470.4416822275429 858.58101907361
47.76479042772096 286.35594019506175
912.5797628035004 815.6695007404014
597.5070893719646 449.32983887873337
808.8790895662344 200.72441744199756
544.3575174980995 826.596890593983
60.05171700585572 694.9824338372139
304.9009517432424 532.9404337967002
471.0024341589999 289.8832078134849
120.4702524592813 48.23091662433764
766.1978179059138 520.0793152559025
650.9403614451505 397.20645080546234
259.34130297968886 739.5320501173505
59.80612877663147 486.7737874277795
884.1773904152448 119.20946916036539
61.25023496918774 877.6005450830692
380.5394670563121 251.2272474458485
78.0662463182848 741.815120056739
592.4235757184456 863.2354069769347
755.9969866507264 390.894086051174
624.8617302489137 972.2413919395842
947.9074837458942 944.8668025779584
601.2386171018959 186.00444402584475
320.9163189911513 783.5412689057118
715.6446030093368 29.978585732360735
426.23945759267644 75.81913807326845
614.6460437932982 912.8783257183203
278.11711938644646 399.1749492633079
603.6192906256458 382.32781460748765
700.8153568327023 84.48807974005899
300.7382388467821 850.9981263206197
621.0094719406318 515.629692765448
305.62219233790387 712.3761362887867
878.072594533749 671.3981012835817
855.5313460442765 471.64080844770467
927.3569054783062 267.22200034570517
361.7351417554609 29.193655993352657
252.5843742677506 798.6601040525265
321.4476406638017 203.7374001328269
760.1979223313166 337.34011947323194
549.3545702564853 625.8898253331969
898.9854429888936 185.5918396989871
133.77957278520586 946.68540264802
933.8384687447477 73.04383294572872
530.634478199139 518.602684974902
861.7898450044074 566.6329424986999
639.5849899683036 802.0138000212595
849.1621444886035 836.0128856477606
856.86114074741 939.6826039743803
159.66093833438083 884.6679507662393
940.5685074752714 712.8508376910772
321.6401031848958 436.097587425313
658.7149516103235 334.67737343256164
613.5179601344419 751.2026536379165
845.3502037884859 332.76110400695705
827.5090048807896 606.5188456054871
652.2286601336019 853.7004875136176
464.14165056077314 670.2090634204092
492.491260586478 54.61211958111355
105.23926435064716 463.8210784509083
368.4196454757211 822.4977912642626
686.0914095690505 193.74051300151706
202.0997002076371 580.1044249394931
266.7316042666961 141.2584833499352
189.6373555548082 453.25163636025275
430.9076890437924 338.99205641129583
560.6426882178458 681.3483691185859
126.3714586633251 132.53532227409153
306.08309285195753 353.74632380825255
456.49962138194786 956.9071969512896
831.5331614323015 31.649439148079665
112.12449263912994 606.9941509796699
555.635683034367 249.07027976740255
84.65662235094024 811.2182066147805
702.1451782475004 494.5638914398198
859.742549837206 731.5226868643975
216.43542766857178 238.97446756605615
759.9592015447431 868.0538842764453
374.34095307597 954.068449783884
71.51826959662279 411.81457575061364
173.5731977949062 667.6595495660611
586.6188834191362 558.1461259107547
805.4909795232321 726.3651965535645
793.8449263416401 562.351747652996
751.6334262622698 171.12597852990604
813.4840846237184 882.646004175329
521.6137859900414 331.73128819442076
221.81477877366171 532.8851094232242
560.017111639951 918.216923086541
760.292228181569 282.7490026870533
524.6232832775275 407.71495723487516
534.327717292446 129.85590449105615
144.24566194569474 339.2776161613308
841.0402522031991 240.2896567210214
267.4061242528236 313.4323921478058
431.7791456206931 527.609227146279
251.88336113229258 680.9756171876429
960.7365572923746 515.4455562998834
470.0470677799508 118.34121373281205
410.2736382811775 903.3526225728641
215.778583161104 36.50555659286564
934.6819763098682 563.3473812439184
266.4746639067799 229.09573870229815
628.2673352369799 100.8006238502724
599.4458481242186 314.88339799196257
390.70819103610773 465.01182600166163
354.41379297293133 553.8393069380251
706.0756566596206 647.1335990683989
830.1106754457212 515.8281342775127
947.3614681381864 156.84123394941912
791.6497428706634 830.0621495695501
834.1989490877255 426.04192580540763
419.4672081138991 827.3970498003938
707.6753164928197 341.18906051577295
74.43839038419719 157.63593529839977
537.7450428949219 772.2205658073098
444.5629511560305 418.0275844330465
157.31427451123085 396.54945444226684
641.5182438752635 41.68181733840934
882.2945284592587 44.9658975529119
450.19217728472097 474.3718070158621
269.5646734534065 580.5850074397946
355.98322728530195 313.07278932166037
535.2968241549686 573.4634725860166
30.62382631237692 530.8647060397676
