objects
474.8599342274746 598.6722116288795
240.8949055022826 88.76986153060318
801.8061513032183 150.23868941028502
730.360394120446 773.1409079658051
366.5614957490809 286.7539352638896
324.573735049419 535.4142834735948
749.7067292049005 534.7464757536544
380.2619055634242 412.40806952971286
104.18051024270473 244.11852079767834
614.2601361459758 168.78364006180652
57.38213137681362 322.6513954087842
303.5020773037702 50.35041966530456
557.1315698768464 484.5199918464021
765.3674669467382 664.2305283193326
778.2207841411906 869.920476693633
439.7847007921703 355.15879433780464
638.5328038571203 436.6056521302434
506.42465920913867 121.42456923134645
553.7209669091106 539.2825220637507
874.9163099269356 491.9623719783256
157.01489592717041 469.686335301209
94.09503773990512 167.56809941350582
203.6017447089003 741.5414682876113
54.88286233940829 83.68041077864522
716.382796101368 974.0284356512652
156.53838010432696 92.41617676643178
261.58182982419424 445.5756941320469
915.2181028111154 375.2806314843475
77.12845981865215 870.1549871528916
234.05504616683214 173.98071978769934
968.7050281419288 826.2759427386643
151.4700388437715 654.7771902967158
740.2022009636987 266.8900370654937
455.17944822358675 643.3724853256588
592.4766611490313 966.9313128557282
593.0050505631708 73.09989665224847
946.4818430809786 726.0338239406967
741.4892674455958 402.69400051007176
592.84351759425 652.8239539190282
545.3665173592829 817.0163515573022
25.720480641667404 496.53781858365517
378.02046619865064 117.2519623958616
974.8371973071085 543.2716478904201
921.8779431619434 275.4240146235714
411.02359062475466 519.1540822908119
223.8173916918734 344.89614905587814
807.5166885828966 910.4397970255142
126.26117963199495 941.5710686030724
667.1787880551808 175.03147137667105
40.72495825956768 214.528292134055
496.26392542651536 274.0842692296694
589.9265679956079 715.3593343489642
183.0891316833401 253.96851945389
796.9782910464775 72.73825232930113
82.92099760946095 463.27606559523326
249.08920545030674 684.701172699302
930.4150298254945 607.9968921299927
964.1483408516248 676.8443118992384
353.53629783897327 954.5013335086492
283.00267202578266 137.17464938361564
273.1996896518355 582.5934286996089
801.6104638270984 777.3261082632664
654.0112527608396 648.4634202040749
380.9854744476926 802.7274301179652
959.3268423126638 898.6251823927951
879.0736189661244 196.25619391879997
548.6319072146886 193.06753451031534
743.8347982843813 178.49990297370152
897.5278716643742 763.8937617109713
761.2376986015298 455.60191959933786
340.35391975859545 844.2005124136201
444.56616164009034 427.17055214216
163.85684748934045 208.61987315721046
58.254414661195085 397.22086093736135
475.08652314182405 532.5604221233033
393.60639651399833 722.0819290694726
113.77527264524126 387.92548440182685
662.892291113207 44.78053725717438
905.4340690178541 37.51231831190035
829.2325416695388 965.10730839927
197.1683896810111 924.530712391838
61.874642693349266 635.9889845393742
193.0410115711402 301.0822240461765
474.65238847892584 471.2740457733918
957.124218898702 115.43883959981008
524.108553099525 692.796919431464
296.0240001798431 971.8900550970008
564.6797711757472 317.5593231143726
423.2326864727519 40.23530787795045
673.3423231716963 124.45161289345425
519.6118174170072 867.9235801117592
322.27420958796336 412.23876692149156
328.89933118871943 589.3054188295075
486.7456640083771 321.82563553770007
613.1484391801166 303.9247766714007
803.3582337692407 321.196407551133
62.406571843061386 532.081447818877
695.628917938831 296.1907400989076
72.45701314475417 691.6598198169154
140.67056133926673 585.5456374586176
880.4181754767969 102.26104284532055
177.53939613177067 402.6587798500394
225.25202675853944 635.9103543959193
919.1315148852386 952.0929318544602
552.7316146445817 596.7052210563302
345.017503596618 686.1925335285756
114.16032615413285 802.8594913548515
420.4612567549267 852.2794791743195
705.6569460896565 345.62656798781455
419.06664112223433 944.7848979694157
594.9021863754368 366.6377612565539
668.0036967115458 783.6938257909596
60.5399742207599 267.7657113080462
882.8271783912569 579.3802237998342
701.6065475583533 862.4239442064519
584.340915107533 918.5987793561815
332.94735602325454 355.6993495972063
953.4317395162574 46.88304865330809
932.0278749138757 162.7646365334394
508.4151994025019 369.4431565180003
458.3861486678156 794.2973765825909
630.8227018122242 570.2047015460776
846.8271110734219 46.05809118400403
862.9487910156214 919.4563146579062
220.87425776719488 798.5554016041907
503.25412568631907 36.277714705276765
925.4818186643489 500.3069375647035
634.1501210548113 825.4302650008563
385.72031605651773 191.67652459787672
436.7480508663221 153.6782105284194
265.9625187978071 389.9701644064774
847.9814433196394 835.2655322693333
156.74256274723314 760.2630173907296
711.1601667551935 222.13601187158372
404.3628609918125 653.274793364679
110.77787427173287 523.4468689626319
733.2095136632845 713.9796640786535
739.8926371262693 621.7005380130573
305.3593389372619 197.6279553975216
820.4160926764498 509.7872528376891
26.64807696106506 730.9391991104139
699.2380317258835 670.9256247170184
383.225245039344 911.2675967411511
647.5623757017937 957.4319382494773
187.4602386910637 510.29749310213896
803.7764369799464 584.0813627039412
959.5555967908634 343.4749775595663
247.82098280376334 863.877696280495
466.31859529522933 220.8260945188382
313.15867725534144 917.8984791400403
602.9072992205473 773.9062945604222
561.0807848677372 138.05883123908376
184.14645598916525 46.64003904012147
815.912231318957 236.94100821940066
494.5298170195816 967.1956041079218
