objects
295.4379478544956 688.0297964970376
148.42421788993028 177.89425541468376
159.96506171043512 130.13813968307272
83.14756259623016 63.850540630178685
941.2984035447508 351.48784242276764
967.4204995293208 102.12889549185618
210.57576263439648 263.82316884236764
955.0098602690771 882.7745234834281
430.3290071931938 625.8781341362211
81.37681508037514 577.3927071830286
363.5056582649595 465.2393556584756
73.07849535405884 712.65205676104
75.0176590111265 951.8078023791477
844.565363998495 36.728253842705385
334.70170111977023 840.6163092677224
485.8689985885907 373.0626418225404
438.1721786589929 124.43962651196131
333.50054020797165 306.1631684174357
112.53072192465694 272.8484063682092
545.8512961013855 305.0646104976297
596.6297229268396 552.0205920806294
156.4809939699672 788.5750431417345
523.7961216791865 61.162784302469966
681.1250939325024 175.54030887437096
81.67895659062677 629.6719006844868
428.69292823180353 228.27002121957094
478.3542784749597 841.0202350294707
726.7395417997177 701.8398799848683
836.0954908450788 566.1849636579341
127.17796580828531 692.9280291463756
483.0544330028569 671.9741908914564
416.03440852202607 782.2573354614183
849.7468735274816 333.95837327120165
466.627076818642 33.47390307837516
25.65644321020552 676.864357820646
776.7589192616632 665.8464586534002
356.8004200245527 93.3647548706529
343.6530898076191 523.8114647356284
717.5517613449506 765.9959549312631
389.64881628028695 44.15838412418055
898.306195666114 827.4091950268797
608.6518724002962 285.4139458138161
169.9022436150599 397.6610970745923
814.8971440731951 203.71579916118407
309.7481066883728 476.5461670527924
710.9773645736623 96.69593755427798
480.90972091783425 747.0655017344433
207.85160473381762 679.8839871516818
607.1200301058616 362.55383432720845
932.0689238921698 769.4262336459292
611.291188274765 411.8973526695275
427.82350084551894 436.60906462907514
638.2764088120623 895.3682302503815
698.6029225445027 959.5116996149123
345.55725446977016 358.1388811205763
762.3161763624244 537.8829005078012
772.945566409365 116.74746595567782
230.96277409588686 576.5788247416833
581.948220239535 924.5583683434687
610.2195159864006 170.06490675449822
513.3141412354687 958.9727249204358
208.45898785201138 492.5395749265766
626.7972246194096 474.19090756058523
773.9209858295806 269.00433604745024
72.58045699000132 890.1741014901033
671.6056890289858 698.76492876316
825.9749856928111 103.35999712324994
222.07637444503075 788.5767034556244
874.6238069544522 285.4844998512731
453.2819105826397 173.31760431182465
270.3257667253785 849.9787591173557
771.6779692943195 930.1960724216112
231.66458478645905 922.8547563968706
140.07578456395626 643.04512677908
477.53684258094825 561.5701884592384
906.2777327047074 653.3836109262024
844.3207820737936 668.8402549292235
593.797955565445 817.1693719378424
704.8922088947608 232.48714344394614
364.32643407083094 932.6409026319593
848.9819199471548 839.4957366547374
264.7868300620343 239.34912100210187
588.5575229061658 79.83012642411282
79.55118981580551 167.81554393735973
527.1536685679276 126.62803617412176
68.74101076352257 769.9009928739521
941.2823179459863 472.7517736861892
906.3838278824672 211.31916555196096
691.4445149828105 465.5592352504848
37.656849931420155 205.9906546178659
334.61413289126926 652.9783664781081
764.5724537545444 65.15721712268393
886.8181770143816 941.8502109863164
311.4715828957328 139.95339569935896
957.5300084843307 814.9256495803597
737.2830340598563 347.9987510131055
102.60573992751958 346.9655710630738
115.47413742992866 421.77150896789595
835.306766887314 250.5577159117679
874.3726077743424 492.94360413160416
952.8297457609091 579.6552823005763
848.8292116893398 619.6565391500816
710.7252001057275 655.5168065967564
694.8367342699626 397.46446233493435
276.1053517098754 622.5644634345995
33.253191563314026 153.85088773236987
682.4038162308561 591.3113356627752
973.8967598522768 265.6923351338632
669.3269268849909 24.888251176827584
52.47209255601737 391.7089041404251
540.1334181220674 665.2731493531261
322.35678824771446 568.4287298137589
903.8047660318643 52.34803329453909
906.51183858531 565.14255453593
712.9527209627855 534.8953081461888
412.5699733760539 342.6454004411248
427.88714812624556 847.4263311951846
953.9974459056078 946.6360117360105
740.8819612424409 461.7938476875435
860.5812929975915 424.21767992382996
605.5248951134643 723.8381663281912
621.2259294778584 646.1179065921662
375.9302510429509 743.7113928173263
675.0907398012426 308.9458379335366
240.83923842080873 411.4457340409992
179.52244113599687 588.7968085324696
268.13738894541046 288.0967403250079
652.1699287372951 833.4519355515803
34.69914095790965 512.8465408564866
455.5821118298515 500.0239985372175
908.2186830557677 130.5558920407115
195.7990721941565 739.6447260504643
286.77869128211495 791.9101681095738
744.6810275746349 829.8950085493416
131.87499099965538 74.70873384199771
205.36293161525327 333.53624739143595
151.75880079645634 532.1553188086209
244.02077043136626 84.23467770800326
741.7116866349852 160.3820403050126
159.0415784711206 956.5213791288124
926.2086261639782 286.5107365062891
643.3741243829481 525.7908450071996
634.4806140723098 63.3390102782875
957.6721610008708 708.3357420848346
290.4924761880233 961.919519477187
48.73906072991119 102.77814157389378
534.2655594327364 864.4994527651365
515.8854287054545 598.9641208795514
181.3716651496838 223.93393765825647
500.9171221404503 261.28459665527015
164.66307671819118 287.962913665676
445.80452518838126 924.9125287896093
259.67714190744596 499.02400048615135
350.39823934476004 788.817721296217
103.4216140261562 841.4070761921394
