objects
234.12615700983775 661.9545242002687
438.36198386362923 784.9598242141151
208.03145319365922 204.62483328041418
300.1182149305045 681.6515706600521
922.9344603161024 581.7264819684092
342.39144459438256 717.2565828555222
40.97316465306385 371.2798874694833
158.00566365274392 371.43906558733005
495.3977124037118 952.2352526987604
573.7414961580401 837.1489247679053
796.2107261901276 921.1731927940637
623.8670249838852 467.2100503739271
860.7203056709346 391.40247402467645
594.8489070511756 198.8411147554342
428.1823662803753 324.2627600171207
224.03550212919475 935.5479383664203
849.5744396070801 243.10199260434587
128.4811624190192 56.36370007886568
728.3273341603691 801.1097178524418
710.8232717370591 228.3378191000166
522.2006991628016 614.3814492591868
341.083826772105 449.6183736681453
729.0727152646194 856.747641749846
88.47122513249948 629.5382362926141
132.47960543110983 713.85656923794
749.4981323382455 376.3358775974135
637.0850982747104 385.0240615946331
151.165217644216 247.7959848360349
771.178881419747 51.53821373728407
119.65322148899833 578.0793471909616
934.5064434434154 809.9576789794013
266.97104754742924 804.9295990152058
140.26504643400585 434.1040580421323
857.7444472246642 694.1669204916959
347.29400837011974 767.5185704432396
729.6906169819887 599.3722295108746
340.6478847453473 245.57587632233412
593.6194255503589 766.5028075075257
505.9420151819591 266.51881018541263
575.5358081410945 975.0164722368423
54.18342360585399 694.4304914359479
972.6037895287498 929.0782150254196
824.664993884622 526.4715663138813
574.3599911285636 314.3238692812791
104.86438769587724 164.7400745280118
701.4847746731961 333.4951737837623
888.5353521113983 489.99411264235056
883.0883513833164 64.89090512251667
87.11142009172252 804.3874984778415
414.7697005742299 94.61649371142241
782.0949081828617 635.8799270166855
933.0596084972854 972.8172732702225
251.28203423154054 400.2878747287302
762.2433613217885 235.40140439084337
696.1123317566767 165.3776067075139
315.6877468722751 322.99989784641406
41.350337100214034 310.21608630511594
515.6957347763148 153.14784136222676
232.74434533631887 747.0256552792658
599.9474830502671 45.83083644127904
48.317926651717 259.39738735990574
517.4053944660918 532.7356662906088
404.4255724046266 406.89613715859986
276.52286268316294 946.6772304343298
134.27328378495935 835.6108914259376
757.725727249536 460.81740226871545
959.1733964139502 729.8436089344669
838.4236282858153 185.1536833550041
673.3916691010166 658.2943284006321
738.104396371067 685.6403926227957
296.52437812303293 598.0798430370173
590.6630892750444 537.4661486164514
118.38021255828487 764.4326046722765
876.5759612243343 764.9770500111393
677.620713984908 109.97532140067014
635.3270832500327 571.753602938913
126.21341009983009 896.8613718033856
66.7997126291321 59.1001490101636
834.2721872291585 53.84272691944217
688.4470983017922 409.1307019489918
373.4284842098922 906.32590144805
173.82764119822747 523.9116409343893
939.2475185120868 211.34953703669487
953.0502302238812 623.445093355829
868.8602267940638 590.8491913156113
713.1960960903142 953.5262114076584
94.41018614259885 517.4151352511933
649.8736682687698 52.25608819749617
376.88587291045303 175.83766432211831
474.4975393574008 505.8202751740411
349.2372730217979 632.8742913963481
938.5414090041625 674.7941391625728
341.41218500449287 27.17817686911225
90.23355302126664 346.2622453711816
507.16943981816604 60.665635872999545
238.03099956305982 884.2057285555247
338.7659819762783 396.7115406931722
793.0044468198404 837.6380782509237
422.34896775571553 149.8567168708891
234.06767574924191 330.5302669122359
939.3998789007749 360.7287793037405
264.9358707932888 151.7003338874005
267.6077791591196 33.04014813177493
529.5179993102655 204.95490968064416
398.65209421801325 575.7817456828845
592.67743691391 608.12485546191
975.0762581093358 167.4815129017511
198.25955561674698 451.273278457308
475.4179026513568 397.2346272739032
646.9347522364156 196.47907798595782
310.6265735532065 898.3915826016553
577.9636408632597 703.1708417904703
411.12584813005867 248.40307594751755
493.89633159447953 680.8549921030889
643.0747742155621 287.1798447282137
70.97519938514452 877.9389801042164
527.96132020534 905.8506573290468
484.07009960650123 105.38097185859058
197.03458395970762 710.5281363737855
150.6185600629779 132.25036785061772
946.6649281743212 307.9930526675759
403.8703748496118 962.6353593761155
906.8318038380584 862.3734620390649
908.9030281676676 421.3895638599369
853.2011599162602 970.9235125654118
800.0958926030054 140.9830348844274
258.2842137807254 249.92909300590395
692.5814714999761 717.4505222748189
80.1657987168478 939.6293806308298
819.710170442447 737.5440577230512
533.3785466102865 782.8992715822409
945.0120114759798 119.0668473153662
707.732174694167 463.1490985817101
226.566789689193 552.7542415034907
589.1190318717563 248.74197610313018
776.5030397597982 334.46642992296546
465.1882383557258 452.6917176728535
758.9565695776975 177.97155185857235
725.5864513846659 28.58910547223433
280.2847856890021 491.7211278713203
652.5542182406414 836.5213529004113
971.8694408453952 488.52291804791133
625.0381113253504 664.6854456649979
457.1053382104049 889.3138986348689
644.9892184119088 753.6008938334337
469.0719811005443 610.2620203515866
808.8041628096736 679.836554526551
394.1759926833606 681.9356776926936
385.00124085850797 854.9057541172598
612.7637095749056 101.92007138236877
735.1753140941156 744.7695565659865
833.9234920739475 297.0016514967818
939.6089428921304 525.0333190718029
853.9417872973955 900.7224288477314
92.02375841416612 230.62459495062427
