objects
247.83623920388655 640.5082857512613
437.52068851221884 832.5113363570025
776.5273210724088 764.1650113729739
524.0030597148716 875.9296702658647
32.22812585319934 454.8801424839216
712.8960534867546 135.61587876435837
725.024730298951 419.4099658751603
124.41638896841422 771.5060343304075
47.995292787172474 164.69033308228913
279.76044937926156 572.2759068565485
260.5346550724834 182.24264495487145
508.35992336282465 456.3794321061109
652.222186411885 461.6995826469281
882.6722687940314 884.0048599821816
649.2804461395266 789.9213995066341
946.8996109754704 961.9719590663256
101.57421005636195 829.5151397827252
688.3077506062199 971.4350776730614
849.4499899046331 579.8703195940054
612.3912161197229 658.785636292634
630.5817570500416 55.41999886036628
750.4538559348957 469.42211659846305
471.4965999410719 371.68751124870823
898.6880687469702 716.2759689244389
185.48647797596243 76.04446111148998
511.85874386351566 326.3888328782142
236.57573469764816 712.2071731979553
805.6459569494773 277.82071609457483
186.81284596788717 621.2016137913467
907.6186142081515 797.7122750422886
525.954720318216 797.6071493643984
950.2695544668046 100.91874703467866
965.1966330518092 904.6594515484238
970.79687230369 678.2614794211288
75.85154043885049 101.42174538704054
124.69170767301597 612.4894791780448
31.086759635926946 365.1294194665525
285.2679009045517 905.4688050251837
71.27154588232753 630.6069940290074
809.5629780304289 202.91538296854588
265.4322772017688 39.65607041573944
538.5189206800659 162.36996886356002
901.2524466733175 344.8958945627965
598.1262142104551 782.6434380262838
96.61742491679534 298.6900793686574
381.9564155653646 733.7123353810896
545.5660610138153 279.30182496468535
369.905782566378 380.08334359640645
868.1491131178104 515.0080988345924
509.15664765153053 563.8048038705633
817.8340491959005 680.2598949621685
453.6561028927753 69.6238337005222
238.52627120342012 228.84832129939267
110.90014261874212 191.76508139162195
599.0158250352978 541.9967942323312
581.5818492822242 73.32007072552051
228.65157763753044 945.4922867699551
171.85301928777125 808.6285847657035
271.7172517139633 296.9062573614488
903.7423361868298 626.486127221912
589.3208581539336 937.5716373559163
672.8880498633889 684.8388307021123
589.9219690067721 188.41277996174878
491.9713657977833 919.9070920385376
201.98651204691237 863.5618741527255
705.7763293891443 223.1769257847739
184.41323168603662 257.67678722151845
386.17465909696466 563.920431419728
421.0925406253812 341.52732633689664
661.4438168805419 563.940160904323
673.3786832035158 172.22843288693568
686.4395628673778 747.8460563342012
661.9517251867695 341.7346495475205
966.9793676776873 248.60901611769978
549.7192364914791 600.188892302971
729.381921454234 55.302390279694386
574.0630900150237 422.96072855099976
492.28680185812203 680.9367723200087
769.9709313654378 965.1268246151054
311.33051667011017 641.5236881285413
926.9224727680438 38.362546830542506
869.1431731169674 48.79434502969314
758.3871268079394 694.989432590855
156.9015466412645 306.39044107371245
429.94560443498136 436.85612973222226
659.4023535269473 121.24210373335987
715.2948793273194 311.7455166584467
394.6417717933516 886.5698013619223
220.5688284557367 419.18192013334743
321.7813346879621 394.0246061546275
827.5386762443359 467.1140170893273
365.8059274583184 310.5346483569163
428.9801560361358 525.6066828398118
459.4686613123911 585.3932094143033
28.211712771935293 804.9868595012526
