objects
835.0970165872307 819.8604186811605
944.7384324900553 611.1238602287268
283.8875169517263 753.8260808060127
640.5953889398513 701.761835146677
651.6913110066993 649.0819298706743
193.8975026810218 688.7742528557206
669.4643175517677 601.0427742922722
543.8853200696634 929.5568140336804
443.0034281654922 385.30116808356564
465.57425301280466 86.46217013590388
463.19068064644085 846.7897865300914
746.5563784385622 359.1890203574709
286.13815541966085 170.56747841696702
828.2441923244518 576.5156171450657
337.5678436203349 50.59767858857761
867.6194948962382 611.3507805896962
215.60660257564376 503.98201214797524
420.1896005597334 142.64370435930732
591.9294784098661 30.8421515213972
620.246318443487 203.53852378279117
743.7825882665502 806.6656838345897
37.6890475636008 732.0139522780329
159.61127897556668 478.3338083652648
529.931643929576 657.5749399269415
567.5165044749359 268.01124426005447
180.39824558353942 825.1924034925065
861.971503850413 357.1925746274029
716.4424429632127 673.792723714337
708.2805521366377 126.90842364885313
246.58980573863406 830.2451546685802
864.3389065432377 506.54755047006904
196.24228564836213 310.0006665904827
781.6598363967488 703.696298477586
120.83244045855075 861.3855335939546
259.5268796909729 355.40945048870066
188.89254611770224 63.80648001385474
534.6726164709625 798.0364127416518
26.587668400498767 374.2449338575107
845.9428467386472 200.64044261976193
423.6552831012032 284.512448379703
86.3189327198042 557.5579947960728
458.22230774917847 470.42721884742025
609.192774370216 957.2563764897917
511.2097415330297 48.28916479721207
103.57834863207394 77.83651102473462
680.5090958675312 426.4785167244312
340.63741645891014 527.5482992792319
948.6679462903013 545.2810134020317
928.0450975455794 175.5398564192977
171.0579591812606 534.4854204916405
345.43709619380377 369.4759389502981
848.7344796938957 690.589339623236
807.4020277806156 956.1321608022067
540.6457111639777 132.39846964874403
744.2561755270639 572.515171378969
524.465841726183 478.38595438063544
804.9956109373653 36.52252428916338
65.87275941248701 115.82669847552155
941.4875266382892 112.56113564320177
154.350037983751 931.2207418504819
591.6050712754613 456.2633645039806
673.1219163593149 486.51641880247547
304.5564210089467 278.38742211667665
723.338840197861 63.874712993958724
625.974294420206 274.14725830939335
447.2568937240094 237.4490513352775
126.62779829837046 138.69334381538633
627.9886222685366 98.200375403978
115.86250481895634 248.00303360835215
139.30464217314952 714.2640310671025
72.38618893759835 779.5631229256794
396.12278269692234 898.9204966477472
696.3825932769997 956.2261483949515
803.9837787672749 328.59943411777493
299.05773388739345 395.92909706467987
947.5256483373266 363.6911759295355
775.3696712411895 903.6449402448603
835.854019541344 904.3317746828917
611.8096289628712 372.81623791995213
53.28899305892132 885.1935515005812
65.07473500465916 460.1366597848894
367.9830500501606 116.775566662617
354.6546945620039 703.0167247167743
195.95022490917447 174.80632236987333
572.4270284640295 339.13349491690013
955.0332763962442 34.48566881006686
514.9246619526431 181.68701487508835
773.0660939159679 415.9777596247211
400.40081499156975 959.6855174851164
895.2227562915417 308.963334103752
238.65239779715895 82.82827471126399
438.85120900631995 585.7582262190676
316.85319219537945 852.8517267987514
619.3065182903524 809.7663464082525
774.9276768987457 231.65075933099354
