objects
487.1272452596099 46.78055226191447
150.86176517027474 85.8307579894365
547.2917838202944 564.6114888565137
699.599564245988 493.9263438839611
152.08932871325146 946.6260896226655
897.2770463543769 597.4681306726279
444.2695313862953 955.2901873102667
88.54221712840514 227.51914817426103
295.3628259046349 934.5832861747841
940.2260876860394 55.81542968891384
242.52579400962406 500.9591216510243
179.434960763571 246.77603821030806
885.6821529340212 370.05462237294694
343.17201697917346 768.3326115003831
339.4331178203195 397.6748636879216
500.53271817786145 494.8285576766834
868.3566571081386 179.5452672375467
686.0395125586618 715.8803060327316
169.1242963646805 683.2240001392111
837.2882741199388 871.2632615018215
573.3315861725399 381.1220935798938
758.86989779009 706.6726295542713
786.7693702270428 406.68125125288236
307.2260331661023 672.5107069187344
248.13931751560276 47.59405960788108
878.5976192120582 281.7285603158419
329.83277570773504 115.54382103595687
861.6745177494143 969.1248654655824
798.9523063565562 127.70908705031569
749.7668056685092 96.11370863872288
747.5019986822149 569.7360841752317
432.27666893232157 57.41112907366538
410.7689638588409 848.6011123663569
646.0877967383121 435.3172167927172
522.6668773647774 956.4299516033154
727.6236994235248 636.1453836630915
227.11020944880383 818.5417278748994
594.2990851862291 699.4844701636049
404.2572448392206 601.283757135501
426.51476109483025 333.5537675409982
605.5299242440826 760.0909660254418
712.3842540904926 239.47917836004942
395.7680126221361 760.0991971598206
830.529733791397 64.28122540122438
620.7384492849435 179.65338758165728
79.30461694371246 410.07007510183576
259.35909188526256 215.92401149285558
741.9882057195166 814.0597052364757
895.1656587952561 851.070141820115
548.9136847646109 881.1406677978687
31.220752946984685 798.656680360117
257.07142392370935 711.8351437155444
761.8233015328443 513.199315609243
614.7694488204476 334.03159000355373
914.5829314239853 126.02705275791902
34.95017375967167 179.61614078704184
481.4589803610245 821.1790205331102
964.0708189198892 334.5557525896042
960.8997352733332 425.4664705557967
58.932686113594315 557.5004583284291
808.2976664320294 536.4753059704282
901.576374963861 437.80424175714677
38.65026218693686 317.78431176874415
131.95681830883024 896.1482955303917
603.3744776885754 646.9160007460042
106.84039568280352 364.92937529591677
460.7611510182824 656.3601494475264
389.7786867436446 234.58950048729977
682.1320247737433 553.2321276172552
317.23285882930145 324.09984425324467
546.8510040170066 36.05099154182331
490.412572049499 709.8149367624051
294.484407832231 841.6115800726412
37.556168525652424 615.7518957975419
560.0331683865256 799.5717822180187
486.09889903064305 335.6230752083484
486.50300138582094 201.33109270598175
186.44093843006584 29.978816446779454
883.1762222624579 41.15340789522721
108.17498207129972 138.59801507895435
714.1736087742656 300.50395417080256
931.8277560126533 908.8394779641441
655.6580122987066 382.69419434633505
585.6248676177736 960.0976085063312
806.7850478000364 632.9386195509637
266.42945993605076 611.923885566006
693.9884481936679 959.4500937030883
670.18301563295 820.5922837834372
944.3904535782793 808.9333802919175
249.5641638578278 896.2812094073776
487.27962948324983 587.2797814254328
609.2216726554594 555.8920654448074
379.3373300056193 538.0254192472473
564.8324064944552 214.94916687851878
854.4571504642724 745.4808234947523
