objects
117.32572507827261 685.4623551229276
540.0868842484596 930.2981341254998
713.696261718736 292.7614492051412
615.536353921579 456.12292440856623
492.1498302327992 387.4098342961314
223.78784290273393 321.17743823636977
495.4660728529931 52.94039090174831
52.530183361317214 319.0313496936207
475.23772677501665 735.1768305585657
945.1578833320923 174.6074523398266
475.0657732234553 245.0734338751224
856.9942105208689 596.638746942164
871.1114653707325 184.8658198124104
695.6017028894671 409.946159028457
594.6609837838827 274.8160676818002
827.9631908124031 683.4466168619086
89.5082799458186 367.86211987200653
117.37729980198199 48.94660562990496
650.0005509989827 222.2797747750732
698.9064058577188 479.60896414468056
854.2276722989529 240.9708632114896
310.987324663363 38.946418613258416
387.81588132634465 346.77132106358863
52.09033689772538 951.3482046400683
563.0944752262142 705.2846139708337
348.6894997815399 501.6336001207675
129.5924386231376 150.81297939445193
144.36228320826217 949.1362322344419
344.2895147367429 603.5687308600525
320.6256221476088 908.3139270087419
547.976754242344 866.8662643572801
458.07930645986534 309.40076562844905
783.5737009971525 536.9407556596799
577.2021186918873 547.1894881490941
316.1678230637021 391.88112599932543
886.0101021826036 680.6833096725595
747.5878325357266 671.5799379120016
302.4864983581066 441.1922420569254
548.4562463407038 624.8520063600355
961.0978915042529 653.9453174087905
670.5571906787566 29.586348910408056
948.6191887811558 474.87573290929083
825.1341225764069 389.4609844371867
806.1218226789975 816.325219046874
776.3355312271863 210.60121451249773
502.92518418592937 652.6096815472192
444.71839755323634 661.8721641396439
197.3372308668829 821.5512872881425
929.1777499709767 384.66539250219745
681.2116070556569 590.3880745994398
904.4726859429843 111.96949189534898
232.67081267074101 166.78064609993262
550.6770034526509 771.7662440402166
414.3942020881906 596.8969073644967
382.8638782479842 202.39744531798607
735.4549717517439 765.5986363961815
129.71494394366627 609.3924455692425
917.0564452618653 31.04710586650399
954.8639332454812 124.32242784653373
293.3641615743172 964.9911213489731
203.1473009871537 114.70544342998718
696.660186152872 924.2692716463933
565.303299764436 215.68461247828054
412.6052180306378 710.0925210353928
299.921304638869 775.6665973779466
851.5054103342744 116.46511662107345
535.1510169661882 450.368267032814
854.5394055771935 438.33562699802144
482.3682665639293 492.26279523892913
614.7185368747976 753.4831551872867
364.4614978040578 748.1292765904701
124.29065155171676 473.7227871788037
118.82269330931037 239.58509036327766
927.9289528002314 544.2004940492485
406.093432364543 431.20261947746565
119.26737599911851 768.4966391031088
936.0055750348903 917.0021171094422
143.0133866396318 361.3776486943924
853.1313856609306 935.9167801880993
763.0998533816154 879.1735403806817
872.6949894757363 743.4460762477609
791.4980514654341 745.0833113013466
176.2794662154035 470.2852947057102
944.1331313526174 246.92846049368075
791.1760015824149 942.1056738190513
686.1099624572522 854.3501169587026
299.8015768761153 305.1846144577315
88.7228889835754 849.4301166209193
477.60109313425886 931.7094191034217
447.7479923068862 174.89204926574567
222.3084443402884 535.1011039058939
313.55793441661336 538.4554330228162
792.3175809543986 460.7866540619052
549.0500124268756 365.4395219809672
745.7158865425951 583.9223867880007
