objects
701.2694620711803 172.00645171591023
891.2419882301834 23.552613360360226
293.0731825302056 687.515946216852
163.54494098721372 292.1785449541714
636.1510493638553 304.1131977961241
601.3450581884698 858.6702813167599
701.626121548411 101.64208896439126
945.7715312238247 513.1735310272638
237.77883210219957 885.4783649203554
273.47247353934546 422.29834126375334
357.45114723398365 234.4206826220459
91.78882479482061 307.71614196289016
265.9918123299029 788.5338465853899
619.7179197594368 706.4642994466119
91.26632541444016 33.21545897328483
249.91006451593242 140.98976377973645
391.26312242604797 654.4113768074118
44.39302284785546 165.7924662640158
700.0058911154415 951.3131181948761
27.12537027064497 280.28580447520085
661.9411858450446 220.05571338797165
360.6093526571822 142.5778788247258
509.6156833461209 690.2674934896763
138.26049237025188 975.1617085399486
87.8531084454331 465.0036648990493
47.38642501417354 731.2843394528229
363.49267990478995 77.82361043519747
50.0931980662139 347.42777882730263
608.4365569305003 167.41420257342205
361.25268834760175 916.1309814993753
765.0970356871919 933.9711090154386
796.9684548484606 619.331785848208
918.7112891842 785.6962128607706
90.12445864000262 796.1857354033851
826.0251635187677 172.4748285283197
523.9518157273009 281.4787929950488
813.751354944725 472.70102046304794
286.18445911221045 727.2353798565364
717.2365331409211 403.6495554547278
851.4795401268633 734.1801261451344
163.55428785228668 873.9802653716656
863.8624408683231 866.9960608142428
923.8079898055182 673.8973944084361
724.4201570694578 467.00963317798795
889.5268734016247 276.41621698769654
467.3148901760246 567.942661728411
723.0382283676589 598.6321835490952
683.0569883556911 719.5129628366495
908.7443601766169 897.3196943428491
118.85477491571208 185.91704739605152
241.3217706495773 334.90866545751044
380.1195235562326 524.9989224879564
238.11006585194033 677.9486552039435
727.0676862064536 280.8860379762035
430.6057117158907 845.8007535772722
322.79844348974336 904.4654446053688
397.5516641488328 770.3415239768011
747.6772241509609 141.36864882021445
191.97177119409318 801.974056804514
27.713072793884244 87.83213290634123
824.6492444302451 393.36976373189185
62.519414547510834 610.8926301015614
393.62912855324913 349.10239922239896
301.87706337938357 466.3697041142841
656.9868389103824 366.34572461246296
663.5518613674202 916.309239018702
175.30111024613925 502.7825623195704
581.8582262081271 941.6698743627938
497.8456723623431 922.0550410548803
592.3975606453503 210.90549590678006
414.56354902861995 141.23196325882185
556.0696110092955 656.3312012896761
431.60856505090925 308.1463998896899
770.5259382605898 798.8412964647409
557.6257480557119 545.5906402245773
