objects
899.9230694733039 164.05896531555507
282.615518811215 553.2058339427382
686.5968576042345 507.34578405596403
360.216118901323 51.71436909264406
248.94061052135402 283.7765538172614
872.9144808784937 909.1108067183263
715.1014415950202 256.9549501553359
949.930708651303 431.87007511878625
969.1265556476656 204.72316037096573
878.7161926025212 508.0520303335365
568.6274617152737 28.501107819550825
322.6471958610192 570.7240133636728
640.9552067654389 379.7943333747193
894.2529714463178 832.179104223477
171.53118443942714 650.2253981569372
819.8995367377964 356.202774746538
111.49482867460611 299.96839079170155
71.49233736587121 562.8740085955804
384.38065604613445 719.2593469407517
35.4369707511715 431.41904336594513
589.0946935543394 809.5252208449003
218.85374444434925 795.6770789954433
251.6545225421554 590.6830672066204
127.84459532456464 434.93973396380943
550.6852589035511 643.6169389038255
363.5303538210061 574.8537260493587
383.23711880984393 676.7431654618705
208.11766140855823 479.68518577411606
742.1382236785843 879.2087004960173
393.33152976536894 534.7921730719228
446.5702480345306 263.8283751869305
612.6474552876509 957.7037726427512
447.19084483412075 209.81196721138417
741.5486749917861 344.4362163194219
909.5577361055822 620.0707840453431
918.0695953793567 126.57390584265039
616.6037896920284 416.1387008861129
700.96381070433 22.88563332089548
440.89397601435206 38.864379114367665
340.46684971076485 277.67730276655317
831.5138773170993 242.28120918354338
266.4688542566841 344.1830182283726
838.8197020049137 477.3315862298964
89.6309209711693 151.8165764782837
720.1872486341086 795.4477940521609
21.73603994093311 827.4013072743153
899.7668468478538 964.1360050777889
491.7389221433662 943.2878750130031
232.35135339860392 534.8642468846351
638.8381497147816 679.3466752635081
825.8730134019601 622.8788112840213
375.7752374246049 473.2956694886563
150.84413831916638 821.9766436544234
375.54995771108076 870.3809873788664
452.0811866041174 888.1611913185873
542.1972732464172 604.2366748619274
130.4935757927307 715.2503399487138
351.3845290982474 943.5201074761502
690.3978695201148 144.27663984103415
859.9644043510286 287.03492857314944
350.92610964773894 650.7893658905106
859.9712251572491 148.28850562952206
708.1747479762632 80.80597310843723
818.9043438453798 125.27010523827835
558.6855770027869 224.35729296802958
168.00168609789856 36.93753415060877
874.0438189834534 348.3651067065702
60.836928597695 516.588171483209
975.5698411291911 652.8457595141192
585.8190752390632 574.8632417497968
746.5976504722577 417.7964285634322
436.5042184934143 607.2175096088108
861.3036140633234 26.69720950913006
854.3807281501158 418.01397363451156
712.5641737886433 841.2309679321761
