objects
472.8693142166768 661.885786336506
64.40406604891633 203.88887780891332
716.2528882947157 163.91303971532017
83.02877095773775 294.2322547123675
28.410254666451813 812.4006719744581
240.0647011398574 566.7610904170463
639.8665889190756 718.2996642575214
41.108714164187134 892.7093897116814
909.5154691681716 118.51407865428638
308.41083892897035 317.7592213608439
860.2034645374775 220.35701700522668
134.44804028218874 378.3100756040412
511.0815880256837 542.279542619103
500.7312265899158 91.40417365502219
245.00328485501382 259.85223958889543
180.55129267857086 571.8761514634659
284.28581836378265 541.4197387894808
878.3696031590913 574.5704428065187
382.52504710948944 125.28636334921234
398.92405491144734 395.81942751120647
897.2684295145796 803.6587717408078
353.4033312598857 338.9959993700568
522.5888053606633 275.946423969199
166.41272576449086 95.53926486353694
308.5401127254199 479.4200303914913
674.7653781221618 530.6403486711508
460.45558438050546 133.61324136081038
393.3136721354501 777.3388838815192
352.28181584028704 281.7348370077816
66.61885935201386 695.4741561687608
766.9357881618376 191.73970635152267
211.39219531664014 910.5327575136744
909.2918873259509 721.9062576873445
594.9774617056426 766.7053462070309
970.315498262042 946.1758810544738
384.93867502239976 67.86379315426893
539.3706847507174 185.89463701913172
944.1436717514691 435.61154502885245
514.4340728089389 920.7952925845899
147.01882263256658 196.19775297031913
659.669445954845 267.0913206626866
725.2122070131473 856.1349479301799
326.9878149872938 175.4296103532136
38.71014236273896 343.7324980050733
26.720788849634076 563.2624055288476
842.98355621012 932.4645562180307
505.74176843423265 590.8741712847886
326.4390136694239 381.8681068043082
471.83760506911403 180.68733802270276
741.784811748537 442.09325846141195
967.3648933388307 25.2391875208549
51.878215084026664 154.4278096613611
546.5216193930834 326.22608497748325
69.33090578080204 482.504762252618
557.985932855706 27.203374842204866
912.4986004124388 256.32530437952096
345.9702913127069 906.8626743732565
358.1996792591341 519.0882947766663
497.207942526603 729.8818368132138
158.33305427221563 770.1496716245722
315.5253079379063 591.2743731479885
925.0172904807247 892.3111060612264
742.0270665049152 968.44056456173
569.513215721821 447.71292059209355
192.09144084632686 714.328527349382
703.9559227783398 334.9600791456575
775.7806546499704 599.6979286902637
114.77582602143299 627.9448230473141
810.7315748254122 528.2374577758723
878.271989457517 352.8441815116713
153.35461854647411 518.5177689714185
473.6322673858974 959.3526392496872
221.74571077729092 967.7997725172786
620.8258531057819 960.2954238371096
934.8359216415805 376.4931665129741
680.5476879018153 797.8755615441689
620.0860532821833 464.56774756909795
459.5699588780603 371.364152862137
503.10712914796335 407.1839757006056
679.4380109081744 400.2999789449415
754.8462619952794 812.6559506478251
459.62626467339015 257.9205875392123
810.3487605509152 106.86958630461001
160.5582769413877 900.7866389971902
267.55439308592383 622.4694372283855
893.1982844223623 445.1209336514942
426.29091351374706 902.0120380481981
411.4820248461376 723.1381000834605
162.11531258616282 29.815968588166868
605.661381177326 317.5393959035289
277.42746248272454 924.191779848193
601.7266969934052 832.7211513555936
972.6351966707571 109.445201533593
38.73855801153511 70.454499187909
715.0659975579583 624.4448660279315
588.6410043091394 79.77819393667662
142.50577702374176 958.7520241728286
715.3304302410834 105.55340630593993
106.85497938492222 162.02946880725403
122.42776177341611 822.7167350802101
75.67264832163866 533.5264823939847
256.96835120866376 830.7004133841967
585.7119442563605 229.78015867194586
141.7136017655926 289.12789116666465
625.649437880241 137.21385430577084
759.1764127532905 654.8213665616543
330.7814477306927 957.4650937547535
440.1122540935665 458.49583285616666
387.6898810809644 575.8000603965746
103.96523262298504 900.0761699526294
376.9784966808402 853.5823859474348
563.7267368634936 514.0377680305975
887.9094232971377 43.57512282375606
76.05102842276239 108.29141136914605
667.51902377678 855.0207530293342
199.24160724576484 621.5994741711573
369.2560871483108 665.6365843487843
545.6448443276008 861.4311444194838
293.754779508725 773.5198774642291
551.2329327064767 721.5575148182296
324.1914137556173 683.7402638691476
830.8006254430496 632.516973539421
40.62299660796555 949.9186014291183
267.7177499721407 63.6528937812501
311.34446346109405 127.0276916702193
210.49983876870795 166.44133298710614
677.2189146362288 959.0563168134171
771.434191479737 763.2627541347183
822.3166466924255 838.3735900017194
321.7267764897064 42.54730238144113
184.25861426976877 405.92282941466055
406.8150940183028 234.17176811899486
957.0618270524627 688.8058884963339
936.3298690479451 504.15635094978893
172.40309585135236 458.6452265480734
732.9670304975986 278.94288721531063
591.714490141422 656.6541057241548
928.795703026649 559.1259174304124
554.3995749406652 376.5325722271126
117.91694985336143 440.0518051994602
495.4856519748257 487.4563430508074
724.5401317572322 52.02884258858985
665.0455108574919 72.90565193800032
690.3010077298081 217.77377824142945
478.0835883478592 38.49019350078576
752.9084571713107 507.0196297262036
469.44271765244736 862.0373610561697
832.9651622728799 47.468659623515464
382.0585085782976 962.5367331637691
791.1977499917745 315.6978721258004
452.6464202230414 585.6024642713078
229.40075311565317 119.58457800576073
850.0705109795532 784.9998157001586
87.96210177883833 581.853049050135
967.5275706991912 239.70860389716182
