objects
867.0768975970772 380.33065854648544
455.2955996360371 533.0630763596905
265.2792938889292 610.8094383335781
968.6711949425434 33.062279474101686
731.023162519682 334.93834566284056
294.2261860219611 175.029262773774
25.788711895738228 939.0505570960404
234.8173656698781 835.5033134615834
668.6733828013314 531.7696002645708
802.632016353557 359.52851289576245
45.869064733345894 513.1202098366423
343.0453748117433 379.8929458374894
741.6181375154522 90.36914521243982
927.5961456596988 815.7911876634435
894.2821692018431 160.59694341697656
538.6716221561246 721.1615891727769
437.5884467023472 177.83462408683323
965.0615463630692 546.3599720971118
796.8679043949694 91.61015501061514
155.74093305029055 280.1769244980723
489.64648203125586 834.3559744245571
748.3706339477197 855.2903548300029
534.0568138195791 196.851945224701
380.1083192341916 164.28432182443498
437.2182928318098 470.56090013636623
630.5013391128207 656.0068944582222
583.9222556966096 573.127011628581
475.8074107179356 224.0504839289717
586.1910110763237 339.9933159925716
717.6217335723969 731.6778425935612
59.13886968984624 828.023201183001
502.78453247132006 956.5660353235052
109.85142166426857 94.7159880189248
863.6492380957102 119.437877133295
52.387613778241686 689.9273561250366
526.96682710409 410.41796806556374
678.6746416979545 353.90626884900735
861.0563783153764 496.24154103869915
952.8327222416116 265.20531065940617
945.299280510676 634.0772381580014
358.86936069536796 76.1369169185415
361.4942220371926 964.9154116981138
290.7186492246079 226.3225010159568
647.0102260830936 605.2395497470297
300.85324893538603 41.00951301586578
524.0684666843114 630.9243440190555
358.26450829310545 308.49244901807066
131.36702290078733 951.8674550045342
599.2885400122929 170.18215019397132
500.2819295945521 892.3175041710796
44.897897093112306 329.9275450803504
446.7704863506155 417.516447053399
931.7710085618095 586.2287708260562
159.29499941121583 599.0144544608967
124.42620075431313 481.3526863484838
864.1916046604048 750.9438495066111
369.33839304575366 665.8044145556715
971.0975319075153 791.2214724808603
158.02870754626275 742.3322961835421
515.6245707391167 775.6654438190261
680.7141643620904 254.52525500503054
849.8547687417572 905.4986977991574
596.9330082786823 515.3925600071505
590.8965090829186 218.72547434849957
889.8474685867853 452.14056400004256
70.84787791113152 755.770710140928
266.72939793255193 387.41142451907916
400.9570559664606 577.0932210719574
410.9556037058239 946.2478980270427
226.93303214506636 762.9230819549571
676.739624980346 480.3101132015712
604.8912663813338 393.80690092599
756.5332863751312 770.5112379083115
727.1257197004998 277.9650787999001
612.6841041264521 84.90516355176574
773.387440269684 30.770660260802934
718.0402935464604 40.61786666482017
343.8663940733566 845.433719605313
226.22611628273904 884.8613004277782
680.0071535325793 682.659232831786
538.1397137460887 111.74074978969959
856.928244850817 612.3809982469746
385.2919488744555 225.0995984155681
399.0345601769797 37.665104697062915
354.02071097405457 594.5000656138643
858.8568568572347 61.90185181807404
744.2340848909882 464.2898222623756
213.44077101392537 40.82883020327249
842.8488932976203 676.7135114038268
423.18510501374755 882.9615422878862
870.3325055910341 210.4537499886262
226.64548001691077 116.86098984784599
817.642454917972 302.62641274984264
190.69691851788468 421.0982510724191
369.44489562768223 717.6381359581965
73.04248902138093 219.32198746815067
219.47757007911866 686.1393062604404
606.6127882564108 33.480246774737694
314.44933680867683 739.3609114487191
771.4898288545675 699.7859539084417
702.3664826390835 835.1398145360151
775.37722966529 554.9787581418768
95.89758070281933 596.5424750786406
956.280964924115 133.30890617069116
812.1581090576374 420.426909792333
323.39080614825275 123.05288557681804
638.2613072753976 759.9061484583851
72.02910031036484 900.0457063014412
810.8322156845442 516.6313303479402
561.7942169177489 919.261189844653
818.1134306103816 169.8004168214365
942.794180294687 87.0749027698806
473.62062453974977 690.559661765111
661.596535979615 963.4132171022604
738.6962989486242 934.7620271467176
436.9792318171602 358.07125459994955
119.10338903512168 775.3006431391035
338.6921985296622 911.2459766288879
147.75728102567325 827.237086628621
721.20946095287 635.7350661541642
103.23975960481819 346.3889254548358
970.5670184165898 313.2980203339556
305.46071858773485 273.05409776027517
704.6709209786211 209.74791129066546
469.39157081488025 99.11031547701343
599.8600556507671 797.4618155515324
968.8415465230909 861.2749444802367
624.62424947094 273.49039323789333
567.5862316278874 969.7554224806769
384.46593994256034 518.7905419178638
174.58498404478752 486.7761079053396
725.4656667568008 388.3694790347748
76.92331596785462 165.45831169187346
156.40979863340158 114.91061233146416
513.8535794892593 341.1217822333146
927.7463156056789 765.2899563094498
958.6727293270206 971.850816680361
518.4954308185488 46.35655506400185
218.73110644875436 362.399064747713
319.90576849387236 552.0412451629218
457.32082487989356 630.9423419582489
689.9690094834361 121.65966483207603
239.90814758787997 941.1564779068393
488.903391120795 145.69291189819614
673.10979812314 421.0132639447335
974.5365900541349 194.48055226974253
500.4399797201107 492.51890871632514
526.9048967154897 545.7591225157139
426.5500980583578 736.1338493795422
349.76979927676297 787.3432638773265
93.4029471597179 407.90686736238126
462.747129793138 300.10874882361617
913.9419581545992 498.18262880538725
45.921659227288984 95.38670323773286
273.2908252349332 486.6950547685704
