objects
340.4118262239047 444.7424525572394
149.579383968013 203.93459663531587
834.0998976942665 232.3556070970086
596.0401571286595 390.1410987480796
939.0600669403808 847.0261578297174
828.2044329939821 109.0207211948291
68.15045888871637 532.7709927444848
657.2942686799371 641.2979249118576
463.5166534609023 513.6350366825618
187.23397501467338 702.0517083761442
341.31462091010656 355.7872133716789
450.0052419178977 88.84185704717527
813.5625504328094 632.4683897453797
252.92980122894932 606.6550596990807
721.2181741040363 972.856120721351
198.9438745008672 103.9400947490164
554.4691881772184 462.8669215615193
457.3978721579017 360.00717897864473
52.55356656115589 410.5936392689584
712.7609773474866 274.04275859127904
455.70188611964664 708.9785981251813
286.3800443573186 305.89389032419274
520.0080781093394 911.4177662901469
904.3475820824222 299.96206542945686
551.5844221259576 828.307591080346
82.37014057288802 850.595933185877
133.42511821015097 436.8684364215605
255.1141657598032 79.4383424582836
392.37071727649635 42.03519946666312
559.239124176381 760.1914498968378
223.07195308733424 475.6328730601185
29.93903640537307 878.9217169191733
727.0379951406549 562.7034596540137
113.3114909757375 898.8599122320406
716.4733482963105 410.6853350797407
115.84106737449606 122.79244590641721
815.050250934011 46.75908830605066
231.52439761402354 665.7407248393632
791.5451182823427 565.3138678964564
776.6074155520379 158.16977445793873
327.77715864933106 861.2362907897772
282.40001498596973 523.3087487467866
26.00051952371799 930.8334519545639
363.26573130712757 613.3571645431543
144.85683535953035 552.0015796533311
167.98623561739828 788.4077961111803
706.9123242175383 643.7867201229898
53.46240670973978 803.6419185214419
413.9053854496898 868.1809321876619
345.6163808847407 160.08369537073946
44.25508111653711 488.9200079406223
366.8671848057597 93.16644412942593
138.67305289222804 486.3768376095882
226.65760176167015 841.1032676032694
387.05043936937057 425.9436886728926
745.8199576695177 886.2309148334974
432.0527366063645 797.339868920813
102.8668661118503 254.29944147461066
366.64476050205275 529.6021215471593
187.3502428098068 520.6605395326739
619.5985530215211 725.6739991768795
697.3552986448241 791.448136606636
299.13973717592813 763.8797890530755
920.8333568384302 942.9443197552856
44.38076492173748 157.8103279459902
36.84856318957082 363.3575862539792
391.33214695659547 336.8764954880906
761.8703081790118 811.5365533987366
672.5016459762566 220.78376112164125
135.34565732592682 852.7600143518036
560.3805100633045 216.9093714871463
931.0865288027884 412.01447449081337
761.016758541953 632.6696751312479
322.52337057155535 578.3652319831382
401.71312740319456 239.78311245277865
576.4882863166575 968.7586795127357
819.3406297529269 432.16745163472933
202.12963628832404 937.8148831216226
545.2083469670795 24.90533626359735
827.340485082663 700.8819320916584
301.31464302837105 640.6959270826645
656.1605605125624 319.91392676297096
895.7053614398075 723.9037717030491
309.5869751367839 80.16273291906813
298.79171032870596 229.1714207228817
485.9079144288468 568.02942755878
779.4477965110258 381.3544556732259
116.47256641489754 318.12323890417025
505.1411110685639 854.740011402137
391.51995201590773 687.0283719159964
642.1917913982275 265.01911033208575
952.1428962828788 631.6323468717527
753.2604803467726 733.655481156803
375.41239191315236 973.2767932199681
958.5910471098542 230.8139350456782
585.623100807978 136.72445558159544
420.74898664914565 931.3306534500965
957.3869298038046 558.2982752073939
480.52845230474 967.7877950360557
904.7093297547522 185.75996813468248
966.1049850089914 30.09025686269329
185.43138816948846 278.8119256349417
83.37129620091775 735.7059842438704
527.4329635049253 354.3577396085568
88.2752154518839 643.1306424572884
483.0319520361032 445.34610924433
579.8474250756886 622.732859377916
571.7111668646527 79.57655537820763
244.7165325930768 972.930662912279
119.61691363546514 974.8802854645069
30.288937386589797 728.9395116096725
43.83193221955297 588.9347047163571
688.9751585797745 522.8315590942764
638.3447034559073 157.94552072626948
949.6788525716269 352.8907690674282
493.85889648873996 112.30814332784875
593.0408820614816 294.8872816121818
973.3668227625519 718.0886629625246
269.61471109143355 419.97318421996323
253.31158248158567 194.71136277297398
691.9450676672261 124.2262125312923
363.8029188241251 789.3150414053208
815.6840459584611 488.83786899847206
852.6519770386153 969.4789560940222
600.2931436272752 817.3899559081686
539.8497119694299 554.7859984001126
185.43768136701976 167.14612974957413
318.1078521934607 949.0594154439467
891.5476742018977 119.05121192466531
289.1402151951532 372.6495872786626
749.4076857565548 456.1818225006337
387.743576130572 193.65855708000208
707.8671246386323 50.44259087257923
193.22418076649205 333.61897493699956
413.5845251312359 575.9814569122279
517.9031006529358 66.35792747363529
166.139165741292 901.688154558828
731.8871709813328 193.7279117330184
507.8426126696168 284.8140197564976
341.09000454070286 27.187658531385193
677.3444977793258 874.4476656449016
794.7026968996897 267.9995357219543
954.3111045828376 284.8457151033766
886.8563208468111 57.78306509631229
508.99434401211585 489.0986936057431
531.998245764278 641.4601646213157
80.75800665054362 47.65785507704675
654.9300661891771 405.0997704123981
873.4759671175378 857.0239177834754
170.8174230090188 24.863372537668475
952.5321471085164 503.8000938326148
859.7858032040059 650.7951732938197
966.4284096646569 796.4022650746422
571.2323173639385 919.641673005122
655.9511779140374 573.6121354946229
