objects
748.0846099820129 129.539914378168
125.07846930893399 201.71036992330755
326.5378395464855 903.3834049683978
67.13265452598878 904.7771168265708
542.5303402327424 264.84221322796884
602.3437833651373 368.5488660313883
743.5582896896746 204.02590721609926
426.4690441254183 216.87916867331003
492.5621498022724 342.98686133357484
567.3844240465406 680.5306138061466
360.2807684348036 627.62726613123
403.4044825475911 563.7918881939272
39.60897563920881 828.9734803306781
58.9127965932401 215.10526852728128
586.2988953895618 65.18144451687479
803.8089411895868 94.77703788190524
669.1901923903399 613.2137864160862
833.80542571311 770.4775534477593
166.02080521247353 118.2243680986429
282.8862520588844 374.6503688709083
444.0452403692922 961.5859882006844
213.92280925541615 868.4296331944005
601.1295432631252 485.71474186237594
169.79832733263063 683.3253324210608
576.5291589733615 149.55715414765842
854.1186071016593 830.9837201676257
361.3425635539959 749.5942516307595
255.1579438443752 93.69938405418189
595.2725091091538 911.5669304490942
606.1715612142642 756.6573221847608
775.89927326591 48.13802459532815
843.6631103153896 267.5368483228975
129.03239543569484 393.75556310770276
949.6376756924985 159.01532130564357
429.93150543235663 109.12904313123451
174.0986567946344 499.0255349359832
733.1414962630664 655.8747351072913
945.5004275548904 424.6478154680682
963.2350099525632 328.88375634071286
234.38516840520313 711.6206803548921
500.46848219044693 590.0364688938115
460.74752019011186 789.4396129472194
358.74272100845957 841.444059403125
665.4914324485302 311.15199060094307
82.65632356308471 695.2791438422544
513.6153797644495 208.57486318909665
761.21889460311 434.6201344462455
390.36361123838196 305.9979787757352
158.8191186500844 849.259572596214
243.01893850429866 794.6157874303773
420.9888907351568 664.8652216551516
530.3031305985943 768.7385737772113
960.6894018802141 808.8510471378071
910.2973439998128 730.0364014131899
779.3939600842195 952.6894414754639
196.4747219966679 199.39731354965653
868.230735098676 886.5383294625998
816.1317664962485 463.8656776686971
622.84594945953 836.2214408676928
136.14569421954033 53.924799281616885
460.5724496514697 629.9076613154
713.6367881569362 771.2623983109892
51.48742907340827 292.12629233562234
76.7095636581416 567.6726335502116
86.66048168774323 447.38869883650096
633.4986439170073 133.73758816080652
616.4489023044783 201.34619902715335
701.7790722378862 429.90583324715953
725.561173123377 582.2976296007529
946.3840456081783 938.3828770924257
137.61106020905876 755.2187590022127
592.5289268675014 541.3498174052237
494.3337247530925 405.921814692212
392.97876758150653 38.42511874389243
220.53801390747458 396.9127508687263
189.19827490540897 333.57973741074807
344.4022651800033 416.5149973365942
755.9833698554893 839.2194132233845
829.9657646589185 559.3578072043374
938.6751576690973 57.737028225286465
218.0014289184025 551.0154135808465
648.8814856185857 693.0471394578944
217.23570338073102 456.6394582375426
292.1159797418728 827.5211807663356
491.5674932231561 501.4791619028106
949.079735117288 252.82801264306377
136.52904605535446 947.5855477016831
305.2467269081251 487.82590006306594
535.8006314497056 899.014564647241
723.0539609932778 59.28807193611455
825.0657649473314 639.368425861001
57.937318442550904 355.28012431794195
94.479886857014 508.9494586386379
908.1594316518409 106.16853655485373
89.84534916701921 162.53528335392195
759.1248558183173 376.0478645188394
837.5574367218821 33.43641802085395
307.43932698204577 615.6901623507828
970.8881495298803 627.2448705998498
284.165738266931 548.8767925064153
741.6063200670271 289.176128465643
28.14529171979592 518.9752396452084
693.5874261230931 483.7124648522918
308.19974982131413 51.302689724033556
646.5030892267431 437.7424846854273
808.7027586628091 151.8454124283404
820.7686002344407 347.6675911185975
558.6404709798852 326.12004439589083
348.29647120724525 236.79824578959432
174.8225399224117 619.0384610146649
914.1450168274481 851.9004537324757
468.71406954381735 151.70531285020067
531.9756342482744 91.24007711614342
62.52845826655657 111.94722787408004
910.8871417380716 516.3541043590135
274.2225213776526 235.44424626954438
503.01769749379986 714.0534777511959
356.57505933706443 524.7001005433249
664.5030192254179 537.992170782343
418.3250530373944 740.236225937029
234.00916972611114 954.8734060422063
866.6281555583865 960.7742379633664
390.86717401111616 160.98588525860754
830.5687968847288 407.9381654718222
928.0411835440713 581.7878328727849
80.90287729615592 769.5724817496142
379.46926538696005 890.5381308327585
652.2999406298063 892.6850080751801
557.1030370675657 621.8358250514948
467.32312630344336 275.92340228353817
