objects
229.98747529932672 738.677885080396
202.11711919823478 357.3702249540075
776.6954688447412 892.7658881474802
477.4865325469484 202.81863768121082
504.5080824967351 775.9447949803962
703.8168978366264 907.8017567356923
687.837735327037 369.08352296722234
268.544108405952 504.3788622260624
921.6396917388656 972.2045624159883
308.1363841922002 46.54886799987452
916.0130914189017 409.14153063846953
773.726730162093 574.5297121316851
918.1398985703328 792.3446847374802
840.9482440457997 665.2363877935436
966.17899535635 884.3320551467202
98.27594791924162 100.09459537710222
689.8226486011638 651.9317864270539
733.689703676156 477.7819771027433
636.5547412669747 943.7344972157606
887.3455557534987 614.0059029904565
490.1563863946129 482.5369816007635
537.7998867388591 693.6805569909761
273.4778236934461 644.0166221571944
148.68824397846308 704.2363847159356
382.5186924605855 849.6981207932307
61.46970836123383 522.1672328205192
465.76821181417887 598.3450739068502
356.12583321726333 202.05767239650604
483.5921075862494 837.2081833900887
755.0150071398748 747.7663835462837
279.42738386080066 386.58157255432315
717.2478953252728 146.4764167246773
323.6073925897055 756.3422832479415
165.2422034451182 178.60748713400363
544.6368101874646 391.7057698235619
111.56100733568344 327.29677914468584
332.9052883740879 955.7547696702512
347.93049201281883 368.60918914863527
593.805638096572 224.46635846866533
152.19094770947578 407.2969192181332
965.1932505113615 376.16889858029896
939.812087499026 587.6225214517816
827.7995969347373 126.57402495414064
164.4303798291718 241.17705084126035
498.6039326949623 152.92537581645348
742.8183671091265 669.379067786576
866.9138591840884 436.87836948461046
481.11102879629044 311.75211473766274
362.83269800086 556.571674684047
286.3883018611614 154.96431977559018
770.9684078774109 217.82644652582957
158.271515991905 905.7434605189657
933.6794740772528 202.61410615921895
394.3580501711891 931.2771721108995
798.5383472196417 950.9055538713142
898.9959514720731 908.5349424224667
790.5926856953353 701.003686523677
723.2014020456188 288.51795261350975
853.8076753281397 767.8338832683991
566.9414530079639 115.04976090501603
150.67204648457547 639.7441875741855
347.6133588395323 442.30883528205334
206.35713276490876 680.4550399692608
959.1862678823577 321.8567862551816
553.0030732573127 919.3606852719514
75.941124505313 665.6446966426987
256.4338377598387 800.229916597816
195.6557678170689 34.22667926172357
564.5268935046697 570.2228868264746
348.4876909714318 690.3543629687983
665.2535580735952 224.04648269723094
890.2639746423426 725.0709695173016
429.2977143687219 343.8283390939962
294.23232504377825 325.0614472139959
476.89758377409544 905.1773648237697
627.3414337880431 394.1532754120905
842.2964060804167 524.9916769281691
65.49747012757898 787.8288751579565
253.66768221632168 95.35612601227695
530.1754131275944 622.9926162620804
827.1071951726827 393.7385857771914
384.384163337844 627.6921548783512
36.89820056647261 124.72179724416314
814.300245258808 475.40171095077756
307.8361838366844 269.2879301150442
625.0094450395915 889.6954695045188
536.5723952919185 862.5355044598465
358.20318489407305 316.6543898795298
38.707637533362245 593.064412708572
663.976457827028 752.657043993111
939.0609240439672 514.1737207180992
192.68255052766312 290.16589204386014
350.97242965314297 84.21159523416502
183.03899901933195 773.0903786896664
456.953859544832 737.8928356590119
273.25798419862895 946.1609843674803
206.15690696286427 971.3426703566989
640.4500628901831 615.2124328638237
874.0633176067914 850.9553339272021
495.12508008770453 254.37067764917634
894.0186169399477 47.914021034892116
476.9401322164086 419.1818236138584
207.66908257221684 868.0857433463017
571.8069394299912 444.078935273264
81.50802981973479 229.357987652154
152.6616240038285 535.1363891806471
646.5614552138131 101.72774816981072
409.5184555764662 86.56039649010569
624.0746697445446 714.0243959656642
749.2255364720686 823.5297810696846
842.9194868568621 899.771368126922
589.1008385910332 52.45392824008218
403.07923261771884 500.66643277135296
829.9264783475277 271.1083931716583
652.9058753508411 157.6527760952933
850.571343657754 190.9881704664816
151.15523976178557 88.06105662351735
51.29319627896789 184.45972053603265
767.94509605205 333.85772890026385
948.9246330583222 94.15327359152492
699.1334918946513 423.54914931816467
263.14738571334567 877.9653849183211
278.5868526004352 220.29715881615945
57.99300211908034 942.5732387344757
641.7390356491705 472.80750434924147
433.4314965660369 804.6969435338588
942.2732275752596 690.3803264518028
285.198581899554 439.89931716924895
261.8080028664721 565.1079866023109
390.83409794446516 147.05334399063335
