objects
562.5022187984259 578.4313773258681
736.5222020979172 906.729087088687
344.11500770791804 785.8702326232448
867.0345469537978 717.0912605645451
798.9718350484708 139.0820425034798
614.6500127289604 399.74047415910303
870.0632480141917 801.4009993977969
835.1808608021595 897.9260731174319
541.1647598258918 939.3073332386471
273.2567584920761 970.7743974939192
853.6266803045717 79.05303914355439
460.74621460663985 397.0714421084025
278.6641348009255 736.6607723735749
289.7741067510772 625.9278754766973
277.9839051860893 382.5430762413338
923.5930694998489 767.3367521244177
910.3117388562272 654.0956791150643
525.9726076825071 43.85971011926012
368.3096579158212 615.2511288994481
239.05215828853974 852.2308175543501
83.28734715215016 134.75128179118116
506.31749784435596 742.8865199927508
323.7481122873223 242.78019269752488
709.5386753361304 217.27398902686258
50.54473037591231 73.0675275395672
853.2284235123306 239.4536330875638
387.6696739157419 852.5102345744689
116.5047773609162 649.3572857722588
706.4398342349991 848.2366006659748
298.1136008434869 49.33056533926239
828.6238212456485 600.2835921404562
820.1382796878694 435.2184640403642
666.9978754735081 474.2696075799313
187.48030013555973 676.9845263064659
214.06423454501407 752.4053381868904
467.02928949914104 929.3218738848764
854.2831440990435 383.6427239358855
938.2416386285339 34.37038919221589
891.8159163123747 132.05104382174528
640.1646400156224 163.340137647772
49.30878351105453 379.12310385939065
113.55194360550246 298.399221305803
897.1764239445328 855.0442059130706
344.0963458105356 423.12963859786714
525.8827909278552 519.3051964242776
620.35838022268 710.3478849597651
238.03700598794933 49.557867969499355
710.4757289356209 288.66272628063416
628.1912549047472 58.662090714578
139.18894806476598 944.6440794376756
586.7494515903032 838.8854481707245
182.02207534039405 34.00988035085183
107.74260732203233 850.365568115603
104.10374778657655 52.90198308989777
252.06170734036053 575.9929496648049
772.1639999787886 549.1349162546068
317.9741468746822 531.7908415379708
931.1137463454594 951.4155467558737
237.88174039704805 261.6193215441598
712.720461983391 706.2565354281038
144.89956799697435 424.621990367829
813.6164830120686 198.52348790482873
716.9338804831469 117.69453996585369
657.8874152623398 593.5911591855438
708.2047636053709 534.7797418970774
229.42707674591753 504.42040736041696
330.1330294580725 851.360981783756
801.1064521373577 485.9885077125474
71.243609946874 199.06682944463415
482.1683498203748 828.7006521045568
653.8474418408221 225.70296052024355
118.88541148121924 359.64621322947386
795.7708968748844 676.7349023478025
586.8534742222735 254.06862049124652
179.12704836469285 307.04416407222106
542.5424885727003 304.76771593274475
296.82122128723205 290.9530154926599
111.18827141955809 534.0102027003037
59.62673619190048 299.8601993482589
246.21572402841565 797.2611411203353
423.0918078598631 760.9161789742909
840.1880052078059 323.1281323502116
969.9251014579562 905.5938011620779
906.171875693355 435.43985370685175
454.6539830895223 554.5034676543163
630.5468654013324 785.8344955069962
79.7396333411625 463.10928914459555
187.91716138203935 173.882188294412
40.04988677038729 648.3270028508405
703.2076242217948 50.851893839471515
378.4769028903834 79.28061492983244
463.26612937152896 268.45164969944534
392.30546199169436 353.59188141386977
560.593544641944 113.02697767989761
914.3998225555583 382.23897717161105
933.0571289968995 223.66885658159225
762.385835885376 427.40193340805126
50.46718620085761 552.9093736425427
273.7239686330593 915.8337604317632
42.481722804231836 949.5351786328728
463.0406509583582 678.2145861043956
421.849104682919 629.7226535126579
134.20159607869846 802.8450742748284
666.2355065720835 383.1144703989701
179.4615922151647 618.4958011047829
152.93408925712887 489.4713998559937
728.6668230095893 478.0532334010531
53.720710118312226 798.5916028418826
956.7273402580081 840.0612068801937
496.4566470542404 224.96177522506946
906.0889274336083 276.62200536364935
393.6884886330832 451.5779539789053
60.4285742155367 897.0362679648134
605.8828017311646 624.5121924928367
664.6938331134271 322.22830065468855
737.2014233373399 638.0909814474828
253.7392810051551 106.40932771486709
959.5485465778722 700.7469638451007
781.5473270539204 822.4741160231819
411.06435043584685 949.1307137842299
883.8987216336775 488.856559037799
417.950999230302 162.94620529358878
534.2954559143136 446.90491680961776
156.0210709697486 222.15039207959848
607.0181442306716 505.9518751451519
337.30194554194884 333.87799524022796
441.9542673155311 480.6465775610964
336.65671314656623 685.758251777081
598.8772736972851 316.89664131628905
435.50227382016516 55.88048158259758
