objects
907.0489239224072 600.6310843690713
417.8396828116096 219.32995434947736
805.697955964261 150.7469361356881
561.4491567223909 235.10145869756624
303.6557829582864 802.5275589417272
500.4367002713789 941.7808186471365
478.24398822791477 813.3275420129745
739.7973040170742 535.7291095447117
926.2684365494555 348.4040436703187
154.85190754762894 480.4096277693862
55.1037223680208 399.26052284302904
765.2163437566835 743.0208749869817
666.122250237502 305.71304562134134
761.3147434703935 619.9775242748188
707.9714628200327 484.22913104229286
185.27045792859278 710.3308870801825
382.2252722452786 548.5805894180842
27.145035747883124 269.7818139239552
360.35771629482184 208.59709628646056
662.8107108512779 360.64140650826215
181.5191766721326 810.2354456430407
591.9474303500104 548.9468460043055
453.9005656164797 872.0251209899337
101.08087406970435 635.3141232909478
779.8715129918249 102.19081783008427
280.05426573087493 80.89083823622845
718.8914119767452 941.0383312715716
943.0962097213429 235.22254540462345
948.8773339178446 101.37538203967111
811.9608397361533 795.1325526076663
112.53386825091293 919.7068627442734
332.5831247718657 681.2246088690804
142.65328337738302 169.67819893411883
958.7379925851826 412.08670843672
477.3379386854202 755.8803818210768
71.96873296062613 468.10163275528254
737.3553840960711 238.78425550441054
545.0547292910566 432.80806086058885
859.8476118098492 405.3267566893466
750.4133309924453 808.1130078802888
647.4836145408254 846.1698242640185
341.9003808539543 479.9990353585066
826.2091245886284 246.19351830481816
47.89926061218269 839.9721945970912
800.2979144589689 376.9294412801455
916.7091758121303 938.4196365864768
222.35095321565606 487.7639468948602
370.6826766018405 856.1632558974679
436.2853822827656 382.42468879561216
385.2569237274227 346.77552061096674
606.1555825045715 695.9688731706559
169.98153183167025 247.63714307095387
402.61406804570055 439.8824127786907
491.4466399503405 479.77555107829147
471.8507482769567 298.7108332384444
750.6413838461742 161.41178584731918
494.7130719452784 380.4198122777338
568.0704820832946 855.395140768158
662.8038045700588 597.4227927329548
255.18934096098516 705.4245339573594
857.6863455459143 623.751100763761
970.1930253875994 536.5634314455668
333.7236855869765 924.9401045421912
238.53686110218445 790.4813165102031
716.4485552950639 30.37281441875735
596.1273722804027 283.41652621328495
618.2301294049234 793.8735526476795
336.4237146516238 265.1580728703313
199.38993764801447 413.4862183098698
352.6874555163565 616.7515609443194
925.356728549984 806.4362299136352
659.0621021835711 760.5657540986666
389.86173765629786 90.33387357859833
718.3738549091047 351.04676159318853
426.7191613831947 508.29544123963757
783.4531594497352 203.22215666345102
560.7998080489333 614.1455409849044
790.264595735158 42.96334624726319
865.333392279665 32.39684106984205
490.8078227021357 36.99973592032088
599.8524581094405 51.39109405005938
682.3064901196026 668.3061658128422
420.76859098597464 642.4954847031969
204.9564412469207 956.9200535829476
760.3046969912655 688.3001708846394
27.166544978010165 329.60705193207406
181.6759332774928 622.7674676038423
525.695111905741 326.29615990807133
489.9302903225426 220.11248022967808
588.1271121306376 174.61752508127032
118.72546435222861 395.66395048183875
120.57134896596143 729.6841401314879
810.3535211769566 853.6493501929052
160.47088890034948 47.187819822578724
291.8356883070868 134.76278713021873
478.62259359462405 569.2389887745744
225.38089487480931 127.71759178657275
425.6457715617582 800.0013354699093
206.81335340699434 573.2098051248469
213.6480356896966 42.475000767090314
577.7404809767058 755.8302280215981
908.7144189430408 481.62056690602384
968.319836710954 949.6401240290983
84.6979752334183 273.77179724222447
97.35006583475517 115.97180298951126
590.9998182729615 939.8127555874509
681.8181333963992 106.42907313861102
914.1989244837857 671.9975455018352
569.3473311143548 108.67575338017194
76.6278442342163 198.26867919723045
877.0244705044123 229.190230290371
109.14767917163856 545.0713800369889
263.5371930748056 265.97949743228133
852.3603497117806 949.9888138617049
43.44832381708713 742.802983750232
260.4227421731398 340.32379639542495
867.583303379539 895.8298342367378
366.8760140216154 751.8856531302808
460.9122587528484 700.2178389752232
281.1089603554516 889.2835571656158
290.88466023809264 617.801449759422
761.4075461433353 288.76513189025667
47.61158730887409 927.1007368496975
534.7209906171547 529.4764832260962
815.1678823903299 679.6226438599078
543.6883731643637 59.97925791269992
786.7031759552707 480.11836303364504
318.5557434299181 367.15964706981407
637.687821727841 506.600037018204
400.405891292526 294.99465056901465
