objects
378.2561571715748 498.6727473437604
579.6754548413287 233.71156289831436
326.390434988515 788.4773415802591
913.7658948676956 158.96370199703497
140.19277410140137 933.4435639151988
449.9170986239426 429.7881716751571
369.7832275962605 239.01256716218552
43.314619522355066 517.2640273305609
38.94579325974752 130.30501029092818
741.868037718467 328.01986381759053
264.32430080233877 487.4092011917602
739.7350494597971 34.25710042351779
816.6238277044532 423.7450253402936
96.5939046417648 310.52290185572053
456.98553753551687 484.60822120856943
920.616352655386 624.0978986979296
772.9035621823439 644.7973819208231
418.3133409132635 173.82319169284781
107.00546353986215 888.5058668629135
39.7724976907673 848.8568124110591
560.6938638158763 859.9144664851967
511.4462510110373 316.8787741858806
121.79004409239104 492.938565129771
546.6195910569289 85.9540497400254
216.94735500889792 541.7696559556787
199.3123187660371 476.56653261214143
314.468294315057 926.8352005514096
635.9079011744332 749.6242747840791
470.7782510933767 250.87566334253174
569.539284773947 27.173636194247578
206.579659620398 191.25257173399723
351.10739471602295 159.55833851771948
733.3022888345586 751.1872700997354
90.84181072170145 698.6383000579843
277.1513254992856 317.32346064414173
29.789328967886494 796.450713919775
257.0983679652485 418.4246116282105
715.9534344302091 103.7141326141933
494.2096928994683 31.258173253167243
694.2953210194764 539.7929763706095
808.0788229077158 227.9614790906615
870.0464177423248 641.6071365230029
350.8756849255371 425.34155848575193
87.0429877440879 193.35765868946953
952.3993958566134 262.2976217789374
972.3227957909514 87.067963573195
480.4397440146104 614.6915710041384
196.91479242933204 965.8466990771395
665.4511234738726 412.38468977999565
343.8418948553046 640.3506842301443
920.3636091127993 97.28999959911432
86.34929984413576 99.90474048096074
431.1351539914285 663.245066509785
143.4655712421648 48.82336325651772
514.9464212415676 447.9453976422401
175.79278474761105 104.1964538342872
847.2433024283026 961.4932813510345
274.3354750054126 256.02389387245387
684.963531644393 153.16631479523323
225.15013342665543 692.0170123255963
144.67346558765908 721.8080889634916
861.2160042173365 759.2170653862623
139.67190098517185 380.72315812000556
577.6477990535916 788.4184979402933
303.9046941499434 681.999667194674
811.0514262118289 334.8629803738786
872.9111016227205 468.98341022023175
120.45036982211724 631.2821317983136
661.7825327797686 607.2915254710489
616.0825072929908 187.02580611129696
419.3039061220553 50.19836499557681
648.878304469942 66.49523113409234
746.7462523445475 437.4643782132044
918.8008183150924 316.3555844582984
968.0711707305502 163.09445546507652
79.34235556271892 455.44064375142796
65.60554027637656 373.0853987924418
967.1729157069551 338.4102871813868
584.2665244124175 950.525176234952
797.2094369008569 100.24405379947146
895.6480669353206 387.7286780122374
195.22140592372608 268.84965674595963
962.3489282123202 789.7303244287464
453.97441586888215 881.0933861480843
623.445306431367 519.3295364402803
477.0787212869118 95.33538347467302
420.8166746777922 956.8950176641913
732.4721817289236 186.31334063726746
386.718709425662 379.5906091476046
429.9210436466833 741.9523274831562
559.4456748663725 290.16247775252884
494.9438769670766 176.55210558249937
816.5235315681889 609.9785520742513
512.7925405857055 677.4748833147797
676.8492524368842 702.7573583730733
814.9193079246764 706.9674221866244
924.5283292884317 41.87090961088944
422.8341777448871 309.44578188243895
698.1443132081314 360.84761843117263
865.4881504835973 566.6831078618055
671.970179519221 950.5264643333923
36.76769188637269 952.4666319563678
622.0333507863863 338.3748408997836
561.5556950723261 360.10988889246653
280.3246592925283 97.72352857530603
237.13084996273577 367.50113260113056
959.6950647786381 687.6314216066686
899.1753883137001 920.2602221328827
492.05512041051793 530.2418467575004
648.421513519564 854.6918940486805
53.78739799190541 33.91828295797106
953.8689085258185 943.2465675636224
342.3494955752689 845.6238459922274
160.8129662985721 867.884009684126
860.7002976677903 91.02063799031819
969.3694667852182 549.3931046161254
933.1544953929506 736.211777126321
714.1521403498781 897.9460940936247
862.6630756923302 210.2928897158797
423.2062447508704 824.7403787779612
311.98249588703703 37.05213679536901
851.1685747556983 862.125413954705
569.4095623280161 734.8998630768892
597.6543004130092 448.96673982295977
734.5188636225971 255.00626372896767
128.73491348138722 578.1870236612197
940.9518495824385 847.6695415774855
523.171106593027 965.7414085227979
829.6600331465487 809.6245372343765
327.8963688828729 553.4315308463564
