objects
817.9393984658294 402.907087026873
737.0257820975372 516.5965728535962
851.1073205471666 801.4050830144797
286.93340838118513 489.27476144541106
889.4956556665015 285.8631288292796
271.67030224989753 938.1717613747546
616.4411243978232 549.4677488273328
712.3534624005008 38.94948035965443
345.95179446793105 545.0643770376331
577.1551362616507 261.9985360634074
724.0242948951455 245.2173463250001
778.0991228423779 644.0280213761243
508.1169830180101 194.91901962808453
703.0145728625745 322.5871012575663
146.3811028422965 379.6163423217612
758.7904511076483 354.0491860008437
815.5558280427128 749.1437261113338
737.5061824616472 100.16059131512185
830.0643214408705 59.26981333281185
526.1668901498984 684.054548343228
684.1959370609014 770.1207079469416
848.1273418003819 667.978264721704
731.2100188815681 449.4570002601707
326.08447167610944 700.2038103906671
682.2132545879008 477.3944627142533
350.2175678100147 68.63906570976299
835.1362334634844 519.8804124824862
505.92854441616936 464.89725445639044
400.1491327638396 740.0519900171267
376.5365209950483 328.7244525242432
411.41526907764415 914.4982435232969
338.0487226745797 267.75604923484286
950.0021673564564 296.73667712733277
135.63701328467528 806.6985093184517
485.40805028885393 790.0746686305537
120.5598911112951 644.1499684195376
247.1712730598541 390.0170604639719
861.9326747200234 900.8933020600206
209.28980232819313 901.2182496848201
604.3933934638834 963.1600409136652
231.72250879857728 791.5814873337073
944.3091343884429 694.7026295100978
462.2177036625497 407.01503268008486
553.8696201395989 504.41266806825206
321.88767177732876 878.8287521975726
253.78627276217523 650.7693569142887
775.1200678342165 262.6610113511644
436.97494980131205 465.82887161340153
833.6592866946226 277.73085990909493
725.9514233676186 671.1451270215357
47.28692846926564 452.1487914332344
112.19450673769953 541.0478321040873
352.9231498295357 767.2112501225398
70.22314778247366 848.7396866429583
726.011354083763 817.5757801066114
634.1051383875175 58.34365282028844
917.0961565864512 400.65611573530686
796.0516223265779 108.40381018060829
898.5849248775305 228.51735311407705
512.8045844778524 54.874987808319034
969.2818397370311 781.0044861174085
667.1069986568892 852.5486141834369
347.0907813795808 488.8879774499314
250.1677653157932 733.9585900601323
730.5481942879462 916.0105392980406
27.45773021116503 229.68615987959876
932.9442742273197 505.5951054875338
531.8457493706993 836.8985953121847
146.22580821625647 475.1221796246433
568.9327115762471 441.5452555455069
115.17208242770049 753.1560975000868
616.0726633872531 647.3951182075064
222.17041658086538 261.1269282659837
172.31288974425763 959.1499298023227
783.8273927926223 857.6969122293056
148.21573621740458 223.4699410055139
378.3754802922367 149.64529048416625
840.4594518969799 572.6910358414491
46.423505899500924 595.0902011979966
926.7474294652551 892.6938380841831
166.0607282174715 281.48936871533766
232.3076684140989 503.4841793476534
751.5695545558759 164.35110318310848
517.127752456015 552.7320603285367
438.6698153419182 529.0920405820599
630.8531008946486 139.66735734143302
357.2597729375661 635.1562052918731
67.92558258984117 316.0916143893759
302.79249720633493 376.06917577721606
929.1613444044066 109.8667430279479
111.17606946418319 103.31684080317775
83.08777403700162 194.13281132645997
878.8322201915842 469.9672102274157
233.73825646176383 179.0286487244213
204.83415046357516 564.5569494021336
144.95544362800672 48.109802873116195
908.8292675818873 754.863801608675
157.94927241628145 131.07876327110978
407.859579904833 573.4285403468058
698.9358731314131 150.5859200494856
543.586360640704 347.5619028814328
35.72199343905246 378.1148761385277
105.13416290960288 920.6604269011168
495.807281025978 134.35050886148548
450.4235140348959 721.053351318582
451.924264219936 256.50517067778054
425.47520632936676 967.2748845691126
563.336475458756 632.8330114659497
670.9384547065254 616.2446556171989
39.64480309534964 115.5514789667072
31.100062655359157 808.2480960336684
71.32415934800805 46.383907561921795
867.4891663355585 144.92898515230686
565.7199757504768 96.73826687056753
964.6875756944335 224.51136813435812
252.40493380188173 329.1899867988298
958.1298530716433 31.018440865124745
516.7468714584551 402.13805998491796
775.5942842668436 572.2463551784534
638.5981596251304 218.96900157640957
445.54036542105916 78.22825099370246
965.1029426136973 932.7920885125843
790.2078237287157 949.8843508952025
672.3477434789629 406.6049706408925
320.5710485065109 156.78402319556054
564.5154011193395 170.7810940251402
291.10193909375556 559.3198768410705
758.7734504965835 761.9723693972941
506.31126860276584 741.1852697732145
472.53359727341024 350.1185269664881
