objects
842.4267364223707 586.1618919699135
326.3874566181835 847.5370076133819
526.4968819515709 430.93280599210823
381.7659644665989 567.5039644492057
840.7469043327307 673.485159331834
299.4614268759741 663.5059815162409
529.8867934031356 575.1921671448475
954.4782912315331 677.3812767302387
933.8253925212543 854.8750519771909
243.87013829451138 570.1335203878643
887.3737470190584 629.759788813573
658.8038402024672 157.9206962581872
786.5258578493363 99.58157518411653
186.96276027811734 881.6643001930428
627.8019288063989 487.3735555936797
316.96703095421327 552.7404785583169
480.56420000324545 823.7947357350236
266.14294941796976 76.31113078889936
708.29247625113 710.6630782055286
127.3019135337133 799.1536917491079
114.19869448484098 140.3107056130443
945.8571897318203 165.24670226358276
113.72472966457471 614.7046505613442
54.34332107511969 551.130352715062
964.1658009743871 263.195803111136
343.1973582630779 954.7263194166931
34.88017554366674 183.26457928994762
889.8208249966285 431.4795991446451
725.1437696525379 358.92768331405455
116.91682027480721 521.3909795088995
814.4201739659553 231.79577027659658
582.7480726320846 919.139532761747
543.1818308168557 86.23793404742062
453.85185189460856 516.5297812526844
51.64791324195454 616.6439958945174
630.2376682621203 711.847388516966
311.55741306911887 118.24002770315792
546.248729661571 152.56445130966733
203.34730500590229 662.9363981359387
640.516954943653 260.08993098021756
641.0054165529975 397.5528529498612
276.3034886479096 263.9876783430774
339.65752973380046 29.366544245563674
498.8049394325464 705.3714179019004
570.1019014089973 652.7059732820198
469.2822740042703 947.4783932218126
897.48879584111 50.22173277124701
877.1522099784764 513.0215559319445
125.09998738173766 83.50695838570167
542.7045742446538 830.564593377768
711.31357341215 621.2289106254541
561.366865832417 338.2408580961663
737.4144497298466 193.1705220269122
184.3307587303112 321.7520024454191
129.899868313906 707.0978952642309
818.835243682776 818.1387019705326
96.04489653503444 892.5779149933655
488.3961638331762 370.02536811417576
516.6063038326839 216.95666860170977
954.8160906205985 765.5528097095203
84.72377295462763 456.2812213161208
512.1215403817914 271.3527657283585
204.30927485524884 79.6243430066603
452.9562190302619 604.3969677447002
131.16569527499945 374.6466084466914
242.70946325631184 940.2251888556118
85.68653749170005 662.4483883175157
395.0929202256367 106.35287695786175
214.09332370236532 272.7799058766126
363.1643564457953 712.0236225594571
769.0014057924551 407.09761337690026
136.4084918173826 428.9705732661007
966.0140412799525 597.3516514871746
352.48143549518096 338.8997450262206
171.50224030621783 582.4240645639012
351.16413275626627 282.6212381013061
896.0237497938597 710.2648474841973
642.409833669866 795.6263749065683
440.56411721735765 700.8949901928984
158.21321656592949 241.8391995224663
371.2027467194751 228.92180638798627
74.6423910357943 315.88224383025903
758.6271185920895 967.0237199281386
370.8277220111739 432.73608616983137
925.9425612575573 535.9977829704137
