objects
667.0621634063727 905.1195374069364
553.5856709836951 901.4092135390995
556.5213909499868 415.096318744434
478.5992347785659 103.50245818551545
235.7119877993012 480.130253510328
777.1481191805723 68.27229572718889
901.6024604716295 972.0597453363349
842.7591554249261 106.17553408916015
209.80131717425076 862.7986762438178
590.4335436682745 250.2069575446537
953.7831993778473 326.1207976454653
385.2504758439933 494.2740375154916
154.65682875839127 855.472299200123
510.03173997218596 604.9052905423717
326.40230948006047 380.92475522400076
330.1790352259969 850.7655685100128
487.8416050320175 492.15801043572316
338.12419977972075 708.8157169559033
495.5649528666433 278.1724338756285
233.3900758059306 184.0523361658186
808.6186814123529 621.6600407897478
312.0338281654543 649.1952125451229
715.2595731771102 409.5574939357631
295.55002794243416 185.18234439368314
626.1370911885148 356.1752794859099
329.9729965914841 286.8708568104983
96.19057650323006 860.8673634606315
911.0716231152505 167.99841082074195
707.999236282583 43.38120218518638
715.5753617314857 731.5126653735326
872.3976036210823 721.2826357615241
453.3462885422176 591.8372313484105
572.9994464213471 577.1670741586989
352.5333877287156 117.48137919285779
868.2639709681021 810.3703814604787
735.1590672756271 821.9558332597169
236.88035906260097 418.92878776862807
100.26832829794682 799.0517865991527
76.5904763600989 942.3595306896024
931.4676543780704 399.32851596042684
786.7311113400949 321.2876813314269
666.6792591764101 455.9034043676384
624.2860470986363 101.15077712351501
184.75561965940142 440.0551480900625
639.3442777663428 560.9074943712766
293.5804148056574 125.40679349353641
128.259273899437 346.32087458195235
30.1718582198028 43.4499871429352
849.937261406642 529.5163292857118
365.61039416624095 800.9674811999192
139.87918645113257 496.8857647628766
133.51540743149138 646.5725966211685
141.57083920564799 555.1160216117013
41.65066338911667 865.7531439484164
497.5536873837955 908.1513644086898
589.1583569125371 715.3585532526942
533.5199965093587 238.45365341498666
604.9667185197661 449.7575847761021
94.16448065794137 239.19088946316987
644.2196494115746 823.9153729606697
76.94389714909488 482.67747232241305
459.41270423880155 950.8475707333253
567.5217923111508 959.3644952821546
97.36256286442344 138.06522274458862
654.9738754702174 193.74939177053187
904.8420437861329 61.39430159712895
794.7547231565287 803.9424185819515
428.92863603254006 689.0189288244684
362.36109453175396 972.1424700511166
70.43899805126242 186.8067832435649
959.9192806160826 29.16857170245058
543.1866139792425 834.845391021663
274.50203849095857 267.16745161437126
299.1416190035846 508.1791997031929
206.64780564099337 735.2083995139276
274.74852999444397 65.91566305112553
532.4817443443774 114.15996271029678
45.25578067581411 328.61331091173435
475.74079819334105 370.6506199594935
69.66470240405592 618.166103810364
215.18949423970383 676.534949083605
946.542508139768 264.26912798877976
479.3306435567058 654.6163462693453
786.1246650200583 714.2004951615555
308.10342885450706 927.3298082553702
