objects
288.1727741292031 630.7805835778166
762.7818442893556 364.15552134022533
109.0199358675116 65.78018027319288
274.0591991631424 488.7505507774289
491.04944850852536 744.7063001643918
634.8324768473691 421.5053726998098
430.1292776651368 695.6605308527356
350.4442750169149 968.0622306527785
511.85333275808216 125.81305288916766
315.0329581638054 53.28886058520365
30.36021861758832 445.4304315235438
905.3432950012639 932.2882915764704
734.8532321881423 117.1306761252082
718.9457848725903 642.7493601142847
422.131275497015 516.8668078766881
153.98205697551282 711.0542234053698
827.551884241412 671.3699650939444
53.98057991985279 270.7849952321318
616.8531632558243 925.6009165900122
906.0933209885162 611.3338228014026
397.25010331077806 188.50690898103448
529.7923452561566 970.352803060226
498.4369190050835 279.51386756698093
689.5808158143645 286.2392445852073
889.5604873260314 117.27904868601982
39.947233544277545 777.9640698273531
848.7998414257925 439.0899948314529
312.36775777418245 441.05631204015066
189.6775529542677 446.4991264259961
215.20648351454244 386.62379196791227
196.61947786833815 882.6900517981882
768.1116026523559 54.81776774334635
734.4296865391037 839.9174169167034
779.0835440866067 447.8360116087406
901.3309914642791 420.9685639925864
261.953476440908 708.2513904455217
228.4398727023742 55.52950089860466
832.493141788118 29.38670034957085
42.34601457967216 122.88225429981722
949.3166561894758 379.67044336559803
254.76189604747262 929.2773301163525
473.08155626862646 213.6224858574026
822.6624737405073 840.9629716260733
133.66548033380693 772.0633120377742
707.9693551236563 506.30960271640134
868.2262103513672 369.649222889497
480.0193309657687 665.228195222396
135.2315478315147 472.5490346603954
656.7957855428825 51.68905261467282
380.6576751433143 785.8098352755693
952.0562308360504 182.22840588204724
952.3019116661726 287.687580248877
257.980417542363 848.7881647704974
633.2121034945828 573.4745572183907
581.6083370396343 201.83955056164243
599.1014249502036 627.6594639281899
779.2295006002828 179.41055794521958
947.2286147155983 669.0114450947506
604.6256724058836 95.48045761211108
297.74710524281295 563.3980856235211
868.5372112054765 885.4683598920004
236.13893172842126 118.81664963232811
854.0318134929364 772.6465147176983
87.31078980014635 874.6543462508666
171.9355559216085 936.0145800946309
804.3879679275833 249.311861711736
591.3908984019447 794.5764156406401
516.7396090116383 446.67469252540786
422.47860297827043 604.7669149179666
885.0734457506707 279.5602313430706
47.06009351839382 526.4210012190932
392.36930626582506 335.4992084470894
476.2839141128419 487.92663379180107
836.4127199237212 304.6574640272514
671.3433204300538 960.4843873752216
146.26689605782377 397.81439647083096
745.5113229783423 552.981993285268
578.4901762363485 399.8422403726543
635.7872452825395 199.2995542671997
663.0392930622061 114.43806447210008
955.323015029798 77.0245214201515
707.0993797299126 887.5551585202965
120.93271408162622 131.37798905827384
183.91311368826624 508.38468936395464
427.8747619177403 920.0629198158496
