objects
491.6296592255991 336.7211698508782
496.49374698315535 564.073887759602
507.0744286747024 778.170318618146
418.06901831613743 896.6964616678516
45.05731513782794 693.68288822055
238.43460625501132 769.6980100965297
203.28357281995716 468.8219000633053
588.1441759850374 276.50590048723217
87.81761056912386 91.66741550538003
658.5641947667673 249.83590096924132
750.571613573026 693.0219973564165
28.68703616622938 932.7512987840479
194.32404773154855 197.59455597884508
436.572392239136 234.68968454118595
487.22068177897677 114.19679968751923
956.1423461002378 678.7470521104483
529.762727381137 146.86876503833116
592.9775436157755 489.4510067373178
730.1229034051229 187.72796994301663
759.6970505638282 581.9600115318882
159.88130105205383 581.4252383388358
344.07847825118733 590.2981853188787
696.4634882464971 808.7952353969777
925.9179917777474 424.5951724161079
697.1602688558819 529.1825536891579
248.47401074335082 502.2975714871219
426.59010850603755 683.5839105972296
716.4529857048212 873.7858345456276
214.17372419140975 890.5491343054476
115.24625584859955 47.19356152299272
751.446328098841 424.5838700841955
362.958064398098 826.6687590585482
273.4806975418325 678.7220783280393
814.609378387097 462.34666308885113
442.58554565173336 304.6735487704636
939.3389467095043 811.5863180656312
937.3338350769355 565.2192308309313
367.6838709868851 307.4720877462337
382.00532291400475 513.6058159283916
58.4251265661094 598.347835010952
769.2254548761379 648.6031777141277
692.865364422221 418.4833011017252
409.0098603082785 799.8963612881118
699.2811138087993 135.6441635274581
577.09995613097 99.93376938355183
309.6724893132745 545.1921911083413
521.3643088104021 974.4896741741504
823.7506550146918 700.652248092854
806.252546934099 372.8111445107181
973.886248643472 519.3844189970773
357.39387095287003 200.23031365244933
899.1960581580552 240.23391158071107
421.7740707851314 401.8243838298266
571.6034549627124 673.1075876113122
860.1271883297624 154.14707494797744
431.65957682135996 461.86790297396186
54.571571731051684 528.7497777174374
931.2777433958527 317.4086108699068
145.33546723736217 151.0788238325047
722.5283791293656 28.90424327120475
88.17475545651905 938.4004982894363
98.40779378377889 261.87827282999206
68.13834793036217 766.5169724316399
283.2835316960125 799.0029149378835
230.60198153136994 644.6125878494852
835.8055591889033 311.0001565276547
505.70520222342896 511.77836028103457
161.26536890448799 423.86448373247754
453.05851650799025 947.1278793252536
206.16542026030305 842.4867105005882
960.2994703144714 376.2011050076704
724.9487481247195 934.4181724710533
522.9522974709146 645.9107549511425
380.3087573322951 936.5942451162445
834.3699418259506 791.2176802541959
282.3695877692833 315.81109654411824
232.52819534416193 47.07616557798542
146.54220005126842 800.9637428330315
650.1745997635254 679.258388070239
885.521190104123 371.0377570013334
770.8085224818495 786.592764470085
823.9901709679114 865.3790666138879
937.1825209526843 208.1369861327732
587.8342266578275 570.5119594578182
820.3646219370876 218.99155743533362
150.8597477324235 732.5796575706368
122.59375556252806 852.4104443918125
136.7436904144189 207.71633485881154
591.9590368935519 935.2485359866344
266.13969945690366 139.71652514260887
504.8636620405329 66.70898310184157
640.4258508024594 105.0199158403695
671.0845345847433 357.3817986639868
398.1392407918488 356.2358214329875
480.0302252377986 878.8907776776816
783.1099992255103 274.11847348547144
314.5345020942881 65.28680863028022
475.087614663919 668.5631136832093
647.531354208249 619.7628829028508
475.34111737392624 391.7860448169835
482.11509934137246 617.6448771710631
582.449182522532 841.60577612433
921.3814131631245 66.64248978816215
805.8749201558152 745.6945583416041
639.6018137499645 748.0572108811497
