objects
498.82748649959785 405.2271855874
328.7074709275941 900.6902171538416
679.6177028133524 814.0511015420984
864.251713119624 583.3665628740687
61.52591560321069 318.9774822791083
74.79283267221399 31.670655018953948
681.7430497892748 539.7278778146634
409.15779726227197 534.2348341484453
429.9818498848289 30.94953094036726
424.7319596475544 145.94451201920316
186.187308438887 525.265776406223
133.93129325637048 859.3454792889728
115.82576526355048 938.7912901305582
300.892935652582 193.0232236920799
494.14491069533807 47.43238246427603
45.74901808275959 817.4888018390628
99.20529786335601 566.6435355777342
972.3972181982748 534.9199547925268
185.62137259542683 258.1883574905966
568.1364655252248 354.4253374985217
852.1014436981385 401.5651687397425
530.8699927991433 575.1228438525121
875.9564856658943 80.82657907718269
279.24612144914124 611.7660768948832
939.8168370577038 931.7531575157484
186.8006880965078 73.8285666596328
898.5920936910576 231.38373150626035
355.47608428809974 548.8060167469679
974.4360185624778 613.0755840786044
465.29048306913165 281.33621937171546
73.60342533116656 432.62437198522906
392.74719501009093 959.3085667065226
572.4300633016866 902.0891001030441
795.5409268784819 216.0161600605657
559.6574053529876 185.52077384370807
295.8810646076783 126.60350456695282
513.1438417268457 359.3505285351967
240.46907217404873 381.06429341776675
538.9505918052931 128.504144505329
423.99123679539684 669.7916608972926
93.85704544290412 187.1054087649775
177.83694096572165 585.7177744170505
531.2634589153746 853.7732826462614
859.5531541893102 129.44933505246286
65.02769893016065 129.60759902481055
271.47676349014574 816.0177035016097
36.23460928948547 750.8884719106379
899.8233489502278 501.6959022660744
873.385698255283 939.7038294727336
687.7741490961618 151.3597657313112
728.8629425123295 34.91910827189926
925.8729966487895 658.0620876003982
781.8296040410808 931.3539630724964
268.12390435223693 69.67931167604902
931.102377853947 291.5418164095686
472.39445812397497 931.1433374205985
119.72338450642184 282.89435806398103
777.4120274345572 437.4782456020013
819.6383513702475 842.8443532159498
581.5833937179515 95.88006804442023
369.2970848799524 240.94971199557287
774.4275886058233 692.5213552123091
960.237572585763 400.57492571786685
608.868088233412 773.6581062565198
317.61050292278867 347.8260678854063
355.9468308127411 100.85084856951931
662.0025961685861 724.5168813282809
245.07875593896063 908.1428833781149
663.2981728615476 657.7535171411245
215.0107469007176 468.2604982197195
633.175390029278 305.0516024897549
148.2486244308432 38.42907588278783
54.596448079654124 584.3656371432118
728.5734741822185 557.1412485811566
904.7574895454416 748.0983223562703
576.0418309807715 672.4623051150194
377.51517459546125 695.9858741698885
450.47679900618493 88.10242446784129
309.870873936496 652.3692461408899
223.80842246614333 147.44578624433225
741.5689365670416 878.7416055311378
617.500533499695 499.94199957811423
74.56955292370361 267.54725132867753
223.11726313932013 842.044811388272
468.5595101705643 454.4193129878952
887.8850919422352 340.53927091032796
395.3706043628429 342.65256909331174
680.7649786272843 211.42945137369023
264.9090293225174 328.83960338309106
514.6236156962005 750.144276619881
176.16976162823346 658.4214003788861
764.3254178748084 87.58836603148175
867.5565415692294 797.4488960551417
159.95965926205596 478.7065378286475
924.5071783254708 165.2995902967802
824.1134214413506 92.68750851397415
451.2542207953976 357.1803712726283
464.86098381782125 843.6909923725312
384.9964465069219 489.45922645593294
377.1700144716463 779.1285016873483
635.9759168364119 149.32800177713207
435.14827533254845 718.0909444538465
337.55405734180493 736.7911675222247
728.2828846477776 928.6047876387526
887.4667198685772 441.70303291600806
