objects
490.17943584604177 751.7058771177199
350.7930478515423 272.7060242626297
378.24685107923904 171.86420550830044
253.77307376663472 95.6014483752095
799.0025505494025 915.3650923446488
898.625515236771 418.7202222022027
118.52599325186547 228.91924771881799
679.9273965188421 513.2131335443974
561.889205983777 885.9761295802585
212.16772713040598 606.2620391179292
791.0065399489 438.0309396911941
621.0697779464366 598.0506996818181
223.26960935814014 724.2478276734054
464.01769989158794 890.4163579569829
395.8132499430366 228.9098024818941
749.2905980007969 83.16505916613905
545.6975990527611 735.7962895080132
490.7796456499985 810.9541547534926
692.9870901408241 343.9647780569397
329.50074316824015 440.7896433510374
822.1359221176198 729.7842607117238
921.3154592827227 582.0087597337578
260.6541828232812 351.86306865802305
839.8402571075392 880.9392374652975
386.05382386231673 647.2353986653503
945.0209218767269 431.0268584713734
684.5730515707705 589.488215024745
684.2675964893981 107.69961444322847
27.392401225356988 61.25384571705965
831.7422832228766 378.9523032232274
423.598681718272 327.3264783551819
921.1916009856686 149.85830862084984
32.741691628932486 168.4027353320754
702.5261654498231 246.57741192210568
857.1467751980338 455.4750007394169
369.69304878651394 885.438529421283
279.72667008581675 796.8047901443379
161.3905926448153 428.3088545833946
962.1943788335594 617.4260529639491
811.1768541105345 624.9408042616245
281.3829277720172 499.4357451799434
64.27490718810756 808.4356658605712
824.0943701200465 158.6612800408942
448.18427542393204 466.97571301718557
724.1800592663583 624.5367780133458
376.764687315325 734.7652643037178
441.6833440448853 150.92103197205284
225.3246547065691 863.3365282413955
670.4443774325631 722.568745412441
669.4220287721874 870.5498017616143
575.0980118858274 471.5715193478761
893.2054285566479 252.27624488807965
869.670617183603 975.0719035001722
930.9796499043764 486.0550350553791
426.3253225869244 695.3313548786979
429.80010039460694 782.4366010108191
274.20139960901156 918.6052591899788
805.331732322586 792.2886104124119
97.13966394888459 166.76521577944334
725.5717029857423 293.29426774895137
99.56838777170128 694.9153618067877
264.42847151220366 621.6198439222471
150.54499520157512 796.6548909151276
254.03287576048658 211.24006729165148
550.5924688625158 578.4842701493892
369.7294753833567 947.9217211211379
462.5517843968419 651.7356408165812
245.57044686973265 38.25064449483385
320.6923015159854 679.4751563332833
366.82771632324517 339.8647556497661
609.6256021163015 339.93825617178203
669.7923130040572 785.5727166537497
624.4015402078552 895.7694968946852
951.0703247746466 101.1209222875288
744.5319479270672 935.259246251195
606.6962601395705 537.2318085634552
969.3602405499004 257.77980650962
917.5816029132466 953.4992309350379
507.84882502956117 98.84436072686603
83.00470624032904 282.93691432877307
492.4829181784887 575.329116999189
683.5124545716463 423.9514182633073
69.91244519758949 594.3401842151292
823.9316176288764 271.0327752277761
357.6304884788883 486.5279204438189
600.7896679262731 155.50490536751445
780.0789683058614 303.48420748829966
462.60442853108884 417.36156916085935
602.4195107226248 668.9815167000655
796.509061442009 507.84340076434637
153.73101298566485 59.62387225464832
618.4060714676442 81.9869081084116
893.0496403283948 308.8969979327773
851.7977356947182 503.6766249539025
526.7346302532916 669.7892915204812
44.17467250193586 864.1782570870237
620.5894929761541 31.45959842817285
466.48772190446834 209.75972921065664
546.533189761166 834.7072960890622
729.958933920167 396.57872429820424
457.57847906981334 362.35887546862733
742.3988052365568 809.2162818889874
767.7995551542245 252.56057365485523
898.3939145233018 532.9978989961489
387.5668217216132 435.8121474334277
