objects
859.402795140619 174.99829086402323
420.7661844207426 483.9641009638593
185.86454447424683 967.638439711987
751.8304747420025 437.43285713335337
59.916993371150866 92.98135765720575
537.479042271014 978.4852514876027
954.5120533526231 370.56172616214496
207.57502426309344 33.99498988581597
476.7900785417313 191.1742673061568
937.3805618622025 476.482190066068
689.848709948676 979.3455931652364
417.8290768369843 170.24644557035393
587.7080597737885 698.2249300221825
460.45644348250045 340.0598142586128
191.56613481676925 273.5184748486734
72.2400787184897 346.0436707052933
292.5002298303138 365.20480095641284
20.697404804094717 928.9092332863796
133.61029229939882 301.84403258744817
604.4726356449838 557.8613313792443
814.3482149920242 447.91980841669897
75.33405904690774 554.5626686762737
668.0961693954198 326.8493647238592
853.6645930983365 223.89583992379306
716.8525337758282 577.2377241883813
843.635963424663 81.90087137002497
923.2909400320448 248.1865357542005
364.2712110206311 730.1828555590664
744.8942597779798 132.78770792531134
327.5364708838188 469.4019492504869
403.97833877951734 418.5972615632027
712.3005982871792 254.71069591029888
778.1043894482875 297.1286254967127
291.1453704517824 411.5774200895995
603.6269426666008 493.24708413854336
301.516841363418 82.88176813499958
101.28846938487817 870.2130512696488
513.5080516797061 336.09063947470844
650.6321024561615 34.11658025413912
157.49765168895485 208.21512386539703
491.58996486685953 155.2614540482467
904.133011726564 182.79108652912595
499.80903356428985 279.19800204786674
935.0793355958572 641.7124532761054
281.58537493864037 530.2250058138802
765.5336860037661 249.9578286752375
470.26184335878673 808.385430266644
488.6483669815734 578.7373669970768
32.85250240063958 134.50915580861565
548.9109513271188 656.032706923389
915.1687330134097 381.32659991365733
549.7188521742576 78.59834435493703
890.9494334382555 21.05150650045789
745.4061011567092 95.51995467618279
443.4438318047117 296.7908272424148
23.22705840303302 90.28738916142976
916.0249869390847 728.8835521725471
769.8104356731507 568.5782978157318
854.8862623548644 634.465013977097
712.0208809902853 413.04360740787325
62.04202190148463 162.2055475550391
378.92981950641075 367.8208686690811
77.18423788211652 307.82813928102075
139.80019502792453 651.3954438747271
945.5231462108526 511.1983935945152
977.9450575760975 667.4822966841864
845.367075067371 837.0312950473298
294.0336672025055 215.96102874645766
388.91394426107075 979.0104127640118
241.22047950941206 355.12930403019817
451.6382829864495 849.8591905043108
195.94276814408258 136.67399142442943
43.52325056247285 741.3792778026881
976.8040048819358 906.6754130892165
689.3548538633487 840.1070824078358
152.57760167201036 379.20740258203625
209.2504730770115 535.8762947637967
615.540467075178 197.59448971521923
551.1874499816531 765.9014424110052
299.65617602116066 562.5768656114986
153.7949434633868 129.18730328883737
448.76449477436034 223.83057552654913
194.0902806583943 775.7034110081019
693.1154604862782 497.56313058379385
231.35192243298704 639.4352972723381
787.3634956355115 883.3807051811444
216.11895455683978 690.467268979172
305.0189523527191 968.9915248616966
895.0994598499838 607.841727339133
241.10734396037984 800.3358618650446
256.90403597991207 708.8030480363001
330.3780624753563 195.50821484470225
320.6338764921927 506.3739581326338
510.04376909601746 463.35840386352726
865.8362787205707 884.7244849321382
