objects
392.94190897925455 379.1302931370258
542.2607383998939 292.6942351776085
816.5076190830644 789.1347012779596
727.5937920440143 527.1959171261154
966.3305468947991 145.334803552597
488.34429215882136 587.9222832653143
966.823968823513 796.1155503299917
389.3473791669466 568.0745255176025
663.6798393448177 266.554569649782
279.5239104091619 52.798745173202306
445.1428761677151 222.92279394391278
970.6585156375352 560.9250303183369
432.4921089570751 330.7251733206762
93.22661985785935 654.5845226187228
22.25974976061319 952.6834265731892
597.938558283407 92.17245058826364
758.193311393445 110.09868195832675
338.1825821116777 672.8285192497353
230.4320292377121 263.96696747354855
550.4648999112163 333.0376113952955
520.5289088607057 730.9754792748456
691.8220495280635 803.2768051626178
426.1705301091708 958.4237653032993
227.89857451612298 849.7854466489815
324.1915827567568 303.1720488841883
191.86340577343208 696.9210432208974
873.7306583056741 615.304454539577
716.6420091187656 967.8900951514921
514.3493884326172 489.0323166297485
113.41130695138413 33.37055773498425
129.39020362523794 158.47405120052755
69.5815733515876 890.6154843379239
244.35246293295498 546.3294471147157
674.9830434519672 835.8535310246506
878.222023272743 797.097719419089
324.167329899181 406.0881164197492
877.0002273567322 328.93859211859547
657.3650183467743 978.6789723532796
626.2959010040425 206.58625876114058
159.74173328401525 487.3108267679996
480.01679004435687 356.3619413934426
505.8284257101813 450.14900885844486
431.7026102472284 256.8456967533339
589.2724675315158 468.79852076292855
43.13608505758789 56.072024132438585
419.99366494062195 729.8653850045034
963.4061705217744 710.9369290956502
289.36892695447693 394.53002581587117
47.32680315335948 575.5860466019743
163.59446325988011 263.0355920480763
187.71372581909654 920.525207322654
691.2188170897281 699.1568051780887
226.63202418624672 307.90614820394
529.5427551669771 939.2094582285487
530.8761914769578 680.777294155525
43.64248273832837 164.01287116681513
694.4124962590465 490.4961160741411
90.86421498292634 963.4228672742014
658.7331555031095 319.8483582586351
88.29142607044835 427.65363921031275
864.4096619795114 759.442794944844
88.17392340349478 731.463330704768
931.1727315672838 92.42797344198642
722.6510526617243 92.60118816877403
756.3437828107831 328.20445613029375
724.8918782656995 710.2714625798001
257.065935774868 978.352189339705
216.1510797923352 620.240013164422
296.6959127803384 720.498831491011
863.0975687201724 396.56575663559613
241.7885692096327 914.84244155661
904.8965212674686 660.0599724466946
37.97281464960821 214.2151440707729
767.7599464162687 23.37345421105821
283.4053514328319 797.8061913103506
942.1663471754348 968.5713339632532
299.63421471189423 918.4452007968188
157.00311160756337 325.73041146165315
299.508507510497 84.01248516127437
214.9470292499495 30.891581983010273
510.4461040449216 20.039436082791667
603.6597580808572 36.82324117059083
592.4193388633846 570.8762894922195
593.2922740401957 410.97656484140725
675.548948530881 886.9695797410972
822.199814754072 728.7800703477413
507.0153600266455 772.2497565118832
844.2384099064776 171.74011970893827
664.0551178500037 558.3068179275659
594.6850662289047 647.2834125743891
701.9338677652713 230.10106354671748
582.8761873990017 723.4829439180521
309.4401497477089 256.7843256283755
414.98652031565604 105.46162146352586
453.07686888479145 439.05294760227184
