objects
447.6925451363657 645.6923025900875
973.9379622204078 752.0719073403307
733.43297519988 407.10858963613487
454.42532312168913 772.1766561307554
926.8198690564891 572.3086403249074
524.1850503027914 129.2126821473943
146.18990812764673 266.2568634326953
308.41888106573487 558.7278114005219
864.7912928748641 538.8924155188744
240.91348254477344 379.9783941426132
131.79749468625354 781.6269155371614
677.9110700471168 733.716577190916
692.4146873053002 166.91456985248448
558.1736427586975 247.99790794542457
674.205930243594 857.1264087795503
942.1107873636416 325.55891781976294
253.2975337177496 341.70771939202666
59.336930673668235 730.8469505223858
588.4052932886149 936.3850562014608
521.0980752462325 283.35244889836366
835.0351059651473 679.9713499991957
954.1259578945616 542.8157132103358
779.2079991255813 969.4930448840496
388.666443548777 266.68783415391437
841.713989477141 385.4891463846272
51.75583417221574 352.61557867071923
61.90281206636104 567.9917294296221
457.5047831088041 690.162151865324
379.80465304202113 333.5075548988685
649.957452687239 641.3380020843401
65.74353501165393 244.13744824804465
163.75658913823534 343.5899374633624
540.2550838914884 404.6862433427846
313.6509570689554 972.1743773370088
526.1435275089775 839.65191503472
466.2013215664582 609.2693753528899
733.1772687445604 934.239382695443
421.86405783748125 598.0155187176264
276.50225887639203 405.47438957909964
639.3624027190147 420.31358022809707
905.5809276621104 689.7771151732688
604.3060179970242 501.78444001126525
286.03681993623894 588.0757657680513
513.2075365125872 752.5312100239578
638.7931769390756 580.4173917519698
551.9789343437445 757.6440442183994
486.9865803038996 142.23461633106413
251.9011379419422 494.6937258529795
570.4507290855464 328.8427533559916
517.9887842835834 362.3509087407226
963.2453533744138 598.1635624616104
99.15320015051856 72.83498165507616
79.15805549893693 777.1296799115289
889.8309818086931 874.1196192795646
178.9346455951552 882.6052755890075
61.52471114921835 163.4267851747044
296.3641828923531 33.73405692550974
953.8854776574079 72.43807463371886
756.2753243908026 185.0161469602543
136.42629906757585 619.3061440702733
75.34960078755051 821.9402687158689
528.6286237167179 698.4802956369822
440.8504850440027 133.3076957060172
79.27755368584984 876.5104911422096
957.6569024037381 117.290375806276
603.7119850200565 451.1545999412813
503.66562789325224 649.1953351341075
331.3769234637789 628.495686837427
612.4826431753187 550.7712350243736
530.9033987960933 909.6208499028182
605.699090345204 126.60501369013555
547.6760138356539 957.5824430544538
26.710106952521347 980.8139681023814
612.4163461384597 768.1511136151667
733.8547129611095 223.08030298594323
497.8542896563068 89.97588580477948
514.7145483796215 601.0605220688665
846.8261127355025 750.1747455538192
762.1236134874648 872.5552839896206
803.1067639493702 423.36393797697286
103.04567198037851 257.4139589184935
454.5972498623664 733.1069308202831
191.87841328543934 177.95090099608024
389.37036116444926 839.7536899593481
695.9313072461149 306.8067140887787
413.15342835664376 500.9345441554081
404.9376550860882 359.61179086716066
283.91496359461996 517.4602468549365
215.10546046075655 891.1645605219151
125.51305286678013 509.0028098601435
166.62901151566803 517.8081856961619
186.99050678038887 709.1031189671862
615.054415685128 183.04965599523817
811.3936424188755 907.0059081539351
206.59518025152155 306.78011804732375
