objects
123.2724686108802 928.6223571255371
248.4116162410392 17.06979070761744
67.32805002375954 913.8793968122712
780.8776547267714 716.6046087118943
459.3451661431591 71.85404312277872
686.0515382647112 902.5886437437746
259.7139184439643 200.56465438645836
224.44782383830267 314.61155734110116
377.62218652354915 307.0995222512847
822.1214190014558 446.69800537901085
939.9741435937594 360.95119347800426
857.0616803341986 373.21700466642847
353.2534002935748 761.4062556868577
164.73291631026223 336.7412239601013
127.42236184669895 818.7280727453156
427.37622230716875 407.1527821313763
215.408882292235 961.1616084197135
427.4310134636599 699.0373430030294
308.66574747742993 913.1685692109824
217.94706358289642 67.20839486886622
963.7012929831453 664.2311424950503
481.54682654854554 714.459016238498
788.2812830065191 353.57929686060635
389.4790785641255 677.3662836582411
318.9048428133316 62.33481761394323
488.28370215268166 516.380015556011
748.136495263283 528.2712421462281
368.1481879256844 642.7721066812413
744.7560428918923 810.4515126477764
140.15501380014325 863.5297483232812
657.7994804891761 96.06296402637878
267.6090163038794 635.5646432270078
728.4795899007921 120.33931316780716
822.7280782494357 939.59319160808
843.3963922605469 984.1140809566358
33.50679998558738 643.9474275834366
101.174393608328 227.4116888067639
677.5410691532844 776.3463191076975
530.0219458430572 544.3398287204594
855.0809114616807 219.18193482747756
215.23887464210105 679.8243197103191
191.24252538676433 887.0676641444107
372.8654903617374 931.9832340521411
597.5829393116898 189.94363152387453
101.67579472800564 633.3299236354646
377.4062547330166 591.0676736731931
798.1176976964028 508.6960112839591
652.8206824669783 591.7837020108043
464.82921128200513 253.78654829868236
109.3447062126331 867.7790853844742
431.7189606243679 222.73363398809815
224.90096466440653 108.33443567257308
954.2460355407575 923.3169182684818
881.463458215083 508.3110754403865
65.58528760682015 373.96910468993195
535.8977786419897 378.2638544829774
474.5595882618716 485.9773838042492
314.4511012505439 857.2393792837232
581.1774950606348 251.49457806427006
822.0034632741147 871.734524550538
339.1260298242443 100.46397497991734
961.3174317111981 795.3149143858611
906.7809424097692 797.797545176972
667.1304939295316 957.1844231913059
300.8133252051363 178.9143924401245
258.15684797024073 979.6748646952753
575.6438803818511 375.6012250811664
282.39513663139377 368.6833449146864
885.7495425026137 724.9381824555742
310.15346509680785 452.58555325056585
523.2702541543501 411.6084850022052
418.6967453697192 487.30134670340044
186.54663675620552 759.8749187031164
52.534760363763525 598.0596705777986
467.7566636698912 846.1668439227768
381.9530693315671 194.56894607629386
448.086765043466 980.7394128623732
803.3657070776588 610.8216973054532
684.431308617296 415.05901798155963
849.8779613184881 721.7178672804611
213.45590773369614 607.2950980981086
249.34813334240428 520.7450028342876
63.62447961281046 630.5983958022064
418.90522384481875 259.1135965806942
668.6117459356328 452.92617968834844
651.7184700104098 359.13358866487664
865.7276531037205 628.8515967160888
577.6848410311725 640.8595293535961
408.0646797503574 367.1757169894392
354.8917668088209 886.5233761708084
911.3344644009157 37.609133548999495
507.92751955209 332.84879771112406
324.6447490937297 582.6216072951547
419.49063969957626 137.1393034533539
754.1834713156854 973.4474989591218
728.097956654511 231.61409782988522
941.740730920733 740.5187019613757
652.3840179060372 296.5758349722451
860.301321026749 449.01654904241
18.042397813978898 375.45344147321146
487.3614252192171 379.60331563829817
928.9095384219113 536.7572377816498
278.7037234193354 307.484030864394
24.45031383066714 946.2229937360602
628.4355378547416 835.9449740118642
445.17730814729947 455.8935811192095
908.0594836115894 574.8513851057241
538.1105445590698 294.49797441485845
769.6540087115659 261.6538907822896
330.7610565487558 21.74446036430541
522.1852216924499 906.546612989075
332.5794666984721 731.7064078241374
482.8190316238793 962.4430992735191
466.31912338528264 882.9108576991514
583.4584351758764 464.85213063282276
638.9625907051641 252.23623527575785
103.39250236833702 79.48075970711874
632.587759161104 880.2461195042978
152.23851360527735 713.9869846417209
807.1284967439266 771.2946591070498
694.5516443766718 588.8057995902932
135.3465897282398 62.68428125909486
890.5330054306494 470.73047454596923
220.3014980645303 728.6673399495941
161.64334658541833 472.0290041450164
880.7226787167256 151.86100879177332
948.7705989525093 694.0016133667428
25.775809916241336 495.8099655705654
807.6548816951349 63.71209493190017
429.12047634730743 796.9809252902714
207.19286036474864 359.18787381676975
488.5272268560399 290.6318334323398
512.2405515193326 497.8063366663076
850.3985040151606 855.0016075332977
701.7392439753062 845.4646059479446
