objects
583.1697601632817 813.9574285879658
562.4534675149504 393.3446885573536
296.6139469760858 101.80449363089312
401.0023583433718 287.8833951537431
632.6080981687446 498.2366139020148
64.27167584825212 699.4693350870212
274.4004927160191 135.51486983640763
884.8956911183365 842.8089112718407
92.2362528663296 161.0765683682003
682.5743183440259 737.9556561206414
331.065617666506 408.6018012249543
943.6235126588441 971.7454756408351
782.3976562236957 93.04194951491311
276.4732177372421 378.71004315459567
701.90877714905 206.7212928060452
644.2227877784471 543.2387861007828
335.48706989776935 822.6344883294393
738.6462710336386 377.99925507213965
236.81689187692803 981.1312103363665
591.5968423071832 939.5623842853398
777.8174682991682 200.51411402712796
526.9258532605958 694.6534693354674
360.3898092279647 390.03402628567756
828.0101176367858 24.877145227107768
703.7416608445069 500.26025463963515
776.2585981559923 505.90366897690035
438.68192367661436 789.0743541857543
714.3515206535761 173.70987445589458
739.1479296697518 643.893709247852
303.43151429941497 823.8818368461095
734.2596161807537 814.4741824146485
316.6527359551839 227.84825236865163
652.0615438200165 419.7001454089363
379.79933881395334 746.1411675477941
19.67190094627178 449.13297267279785
508.79550883865124 872.9507490204417
728.8089594629048 968.5360261385495
386.00070492306594 158.8983378363743
802.901080675474 946.7769429797488
284.8457771142868 240.86547014456968
676.3022604588901 338.1124374628875
76.58787415474345 787.0359909427093
717.505544892859 260.5899411865604
40.35130867218466 628.0131169469503
248.21653157682985 504.56720906703066
674.7917372959022 368.9100229365846
130.2387169981259 965.0764925975351
624.3150303821982 819.0090782397795
153.96364401089662 372.5562666886595
774.5756348948073 392.6947041223382
811.7135758159752 155.20839037597025
714.0284998901086 137.4471939841152
120.71594725944237 909.564581667658
757.9513708227183 346.07860367971347
676.1444697022588 943.590169124356
292.6023441426771 203.73041111768927
430.33015600125026 564.2677191356095
530.8082262800989 26.382529930492794
633.8308317686813 660.898904169761
735.7844201025057 778.9790856689925
929.1962830750169 374.8014967583056
348.5911627649723 75.05195850069813
743.9008576146462 874.0739870011574
812.6555649984061 640.5999743603317
492.03966850621043 812.8955912438238
482.33710317922527 123.64918275049045
26.55814451642192 801.6677396266803
493.7894931395077 243.62048537503335
140.93362796551335 84.96862742247043
696.0349253821472 18.77780395542921
179.93576875646062 93.87896871168114
786.4568291244411 280.73254007806344
512.1450852112608 304.3217562705423
239.9752129661915 868.0393919465319
826.0536800925936 922.6792875322801
52.703211277553606 431.33265186949404
409.1979485680287 258.3789466797264
308.49510413285265 303.0813815229907
102.41209225349432 393.705391020646
410.17148125164334 515.7068732335081
944.5947232419262 714.8335916514277
420.5036481209512 950.3946244159995
150.68500664820166 182.6616110306041
76.398920157441 565.6247237532334
821.8455297930105 770.4196437980532
236.89452873535126 774.2778344672912
348.30016738041877 968.3195725726096
490.74137962782487 401.8260152618165
703.7876200978023 632.6019464494474
90.0622329319769 366.15125971576373
60.11312568048075 140.76374764083894
952.8490995290994 749.4476141650986
276.76269639825654 15.836599024625498
503.4067001703926 959.4992790599348
26.986282544380494 888.691661926023
905.987448750265 494.7660915366058
282.13266365207204 485.0342407595892
296.3525192207615 580.0624741894583
19.291874483787318 971.3279763652413
128.96127238966818 881.0177741665124
616.1995717915718 185.19054677337164
224.24164107539113 135.62632413119726
490.5395114668509 53.88767750774008
852.1561529026458 92.72038222506515
246.08286473111778 947.7522736675808
343.2573635446971 563.4268415419577
585.9224989291571 192.17352194462632
975.1238881122014 961.2098765364834
71.01083026303036 646.8684667303374
631.061838676148 341.49042556100665
782.844721812967 550.5633649070954
473.23387261044195 723.2105434815829
351.9810939334081 142.52770897338544
18.136636133028194 65.37647679676788
136.69158533130033 399.59793696969854
875.1477575120643 956.846798647867
16.115290759827378 537.5422926789788
823.3035038379489 584.3456920235328
447.29446169086543 144.3180328861093
870.6602354656313 471.7809476307512
448.716529995383 857.0277220117805
212.2797641708118 893.9966835974919
511.9483096683109 215.78775313345818
235.255614928977 587.5653709301492
124.8876892943428 669.4095418640327
896.8829934089011 427.2969560661443
978.5419806478915 76.16716552222091
473.0685800010542 186.2772204771629
554.0668690720034 490.109424806764
341.7162375867379 886.52833421129
66.21154479402689 84.44475226250307
907.895075530953 604.7021071585683
19.990151514561692 102.93101350666925
120.81217681180777 519.3652401636529
311.3708984344283 41.59316929371646
