objects
679.0483797502748 840.6220910365026
187.6224223858366 278.62594941560764
711.0625231550562 960.3029964459762
623.8561513831655 458.730800551359
783.2202742562177 832.7721719745919
934.9425291672992 662.6324439560008
757.7097242337646 229.13723184945087
618.5275985473468 178.38874192172003
386.5741862114779 135.99723565679042
429.55874591996445 750.999085775469
358.60721905229445 911.4495996673812
109.64342077755875 603.3832550747411
735.9014539764286 670.3908898316078
298.2213466100037 854.4926830325721
187.7773082636227 560.0449257957911
794.4557296823723 450.4838136716541
400.08530219094297 648.2409585621313
801.9545793167524 159.88031536857696
950.0467596984652 854.6515236523736
265.6796769827797 107.9637875316212
142.34996044888615 416.94464938105125
902.5108790643133 385.794439691485
63.72953957926288 720.1740025976485
44.22275078872994 371.81064184570613
461.7668945084227 773.2946445069399
143.33646711540428 193.04102733830933
128.29702656648354 844.1969248397234
411.51183631083364 695.6559049613104
107.80169331388497 297.66650534519295
383.2788196974585 582.7871632754049
91.76342376014242 495.8005307927154
308.70396190915164 520.2896759310266
156.0772753741999 287.0489403171082
464.5360818881182 339.36104859280556
313.5629653555426 909.3045492375925
72.40511561358117 219.45739397416395
847.0187313566063 632.2341317937011
490.31625158289864 744.5019397976534
171.14280637135067 405.0369296929757
746.6177151769598 268.71100865709224
894.6055419133988 862.278307367279
885.2017779971901 755.7694675146005
539.9699527804942 652.4941215250635
469.059946917989 79.6516371873898
332.318447709198 766.0213604865174
626.0051102887431 329.41240166311803
473.86694341447236 579.3461185467959
862.7198060700804 111.41901338223359
72.77694919227898 57.08006826014416
599.6350336892991 249.62332384472037
793.2039620150487 600.9244544417016
256.7953415073348 305.2063330617503
402.8356221494105 17.914286257846282
594.9441354153882 952.1046118935946
959.9823828385511 705.0855139200678
299.72390887457743 143.91201245902184
184.44980855348987 48.29310376203904
681.7297031429467 509.32856824677776
883.4981224490541 439.1733540817126
368.28197946427997 860.0481228531353
196.93673569925184 222.4668353719943
858.5334211826589 804.9486284645598
750.2357413917389 767.7355725335058
939.1541828858781 826.6189266604983
193.60333979625068 788.0485958015705
633.7007729457054 530.9412329073666
383.365589182685 513.4308724236405
573.2323214801884 627.6309598417997
923.1543755280434 23.06079264642336
818.4550253717098 788.9089811997397
133.93569783274268 705.5752179172322
966.1099072886651 95.6450868128791
595.1442289922777 138.157715366383
889.9216453726614 217.4347998144143
959.6927782986212 903.7701455993436
382.5939497722789 967.0069655838969
128.6205458303868 558.0479411439998
355.73280977089973 600.5298835212616
97.1788492650497 797.4297293384659
835.1398806232258 405.42251892611733
977.2414043521303 174.30391806043284
103.96870355443471 728.1368704361348
567.018583612371 861.7560484085942
662.4546484033366 739.7859899754944
724.052877679577 358.2644493862858
973.9023435137549 972.544127413776
899.6155252976652 150.96564047396055
723.3486111960668 544.7796503393971
560.679422059469 90.28372459135672
204.30726622092112 306.0318707588306
704.6039287094671 195.11523496308797
230.36194091666405 969.5910383778412
60.004974828729004 273.7335943606229
596.2912249275881 358.859596270607
395.43467138273274 380.8038458427394
221.7621329594076 928.7431845562999
937.1653496178393 792.4981234045583
772.9135345722207 91.3005022285197
427.6462025885737 348.3943319968584
261.8841611484707 192.84112940709792
256.99085238140907 929.2720724690505
172.2274431116888 605.424817749905
32.71702468889825 113.62476403774536
373.7551163483907 223.7208947730301
800.3840365712372 676.4920181260284
699.6072259174363 668.2856647549296
501.16096818893584 451.93260548595924
751.1122769711158 514.5711161342875
900.1433491096012 69.61532117587089
441.42713511111174 833.9957989652437
509.036981787446 561.7761478915158
284.8509501123989 653.1284176980505
665.6229641828946 353.78305162112144
977.1926334910904 643.6426176182663
851.9095912152374 758.061510613521
462.61909999723395 620.1767779156286
481.7183676962583 904.8946631016145
228.1851093111069 239.61943925516275
456.6463312773691 689.8637277388187
112.61099019708311 258.81056917307717
420.84261442265165 969.308851422519
183.3993815358851 338.266623667729
39.74557782172532 325.4931327759746
609.0734539380329 17.221626705056273
550.4932941542115 15.773344688736765
418.3827376480469 501.57505658120203
537.3240133820066 686.613201251197
617.349593965707 669.558310531799
290.7818760317536 282.8691377690108
893.1743419344903 102.85041562350966
313.8078581031276 445.162009220616
170.0255112136378 523.8900863423285
978.3235637829873 395.99066836431393
411.9054179468057 205.7320086782896
50.22580766318852 648.8440840458898
