objects
85.22662177857703 845.0923031580714
497.6146907539874 765.007997141067
40.189922901321 953.2263519641377
312.8946170730662 869.8046370132863
78.30459694314926 285.28825812721635
938.8512829050596 855.5166398052164
538.6246192492575 853.5120892755674
739.0017857990008 396.25621012137276
469.57879649115455 922.540793829249
555.4641765184075 322.7603607704452
823.6378159465984 367.68412345753137
257.59312299672337 948.1022930629279
46.800277158558025 118.37845412126266
59.780722936782595 539.5554708811508
159.2543384520162 606.6006052822386
915.7201487910205 85.61753527159559
511.9068441014539 179.99715550346974
740.7558595355321 769.4807231932247
626.1804304575486 515.8374064735207
883.3126393785756 935.8450743310647
781.5221317455165 934.4152686641205
663.173576414243 62.38568408123148
956.5313334771998 561.1452744117153
115.25923299369795 61.12203421662625
327.5473445293872 145.3514938413083
237.35784437266 753.8045742162619
907.5297984084918 264.1588450052024
653.9239959168652 659.5450685848426
141.6884724340236 529.6569608950912
273.00616612675645 243.15291926628998
879.0342439236346 787.0869417673136
772.4969360134028 548.0159643677947
612.3156937949542 273.18255859180607
369.91202855167325 235.04762207646576
593.361089611007 438.0074038771311
744.0949503734834 52.83157366055491
339.0446568443064 637.2533510822448
478.98507598014356 381.89750662051404
36.42268548522899 449.0234190314378
147.55788255865173 147.60413931895908
377.7392120173394 574.4218281293128
769.6938436984515 659.3069844191673
517.9081873971658 524.9508799722357
549.0336257294549 694.324063607854
850.7980828272864 151.94811119114945
158.48401980439036 820.0311587885304
802.1989081704761 434.7181253186028
350.47654617693814 478.5309225466194
414.6887149266525 154.0278229158105
642.8833407948413 847.5247514809739
