objects
684.6505500066563 138.32569091679846
899.0899397958204 756.1065616178887
320.27444140537267 433.52059429681543
631.989011346644 195.2851759856389
464.2457760654582 137.8072679916255
580.8303439817481 638.0917539208301
482.0874813290731 916.7696743770391
960.7002397294918 46.97716697276523
535.9304545429982 578.0131868569048
93.44789530028964 216.29177085924744
469.7070174530364 831.3970255086443
937.4648637798416 210.39893435613317
545.4086111119099 256.97341517410047
49.17845364308279 650.184231708132
102.21071590249419 473.22758232902294
657.7719625197965 366.2221726178471
260.05026645978813 294.1327147156429
662.9423746126042 488.276495833248
600.8789086812021 903.849981996396
68.39389081808994 290.5037257214694
906.192325052881 672.9063819480518
730.3540731016423 39.49237970694017
597.3242663892141 312.1966998539684
203.99857672358144 231.8991607899983
375.37904797269687 239.39919564450258
439.8398295140582 590.7615780660774
219.0973431703285 49.720988123342806
943.5999820474732 407.0032295729484
289.7457301049528 517.2835252981748
859.6682438198393 299.7889564234384
702.9100167557988 729.550334971101
245.17841519809235 935.8386067810686
442.9081037203177 679.5169401521729
847.7088559486223 889.4620900866555
175.90448754031962 429.0652733964216
529.0656454641795 375.45978794481215
117.27235981144872 617.3903551099766
133.83594412991584 109.93173407853693
790.9886746368899 367.3794582140232
800.0738284175187 49.83787422326148
522.5217024527063 771.9558142707433
283.3308471840973 638.2864937627037
381.7383352413543 76.36697370531635
811.0645593526621 584.3125787966453
653.9996869582703 585.4599381249975
554.6840800228389 847.8331552713164
752.1515573997438 185.2111061412428
371.30446502894506 663.937306101271
765.6327298853748 788.961516335433
188.3412221477002 588.7832683546087
