objects
677.0693116351262 396.0764382501243
609.5451390231993 833.051372004396
145.45699874773442 344.94641617314534
723.0463987012965 468.3491725637152
858.644906953317 266.20678359902695
654.5875534370618 720.6381206092238
246.12216193078797 949.906262328339
616.4930822125825 480.4162205576666
476.0771165261154 243.23796791428617
643.5357097357347 912.4896924062117
161.02544353992874 505.7196340604293
925.4461050055187 827.5783123585812
730.3195986871849 743.2713385483693
915.3446470598316 118.61463530975946
146.66069501855878 713.3312744620853
491.12033301336027 912.3465010383644
64.07737165515763 286.9426825854497
656.6772133057742 590.4578909172471
224.756539931799 356.50304517630445
718.2258566117313 309.70422878690033
55.62668250865512 899.5045468263139
532.7970654897057 701.0357943088804
352.5165156685218 298.85762209596317
942.8205151689901 475.63000040044824
763.8542395454073 178.4230835011993
109.77964062739704 424.5883054246846
262.55740457111057 91.06168288172753
807.5304535226 326.8314628118664
351.29260089783804 817.5802066290856
823.495103856152 853.9526988585113
324.94754348617084 916.2456417724787
520.4886773523964 819.3775113503193
389.22913119714326 435.50614159212506
768.5044876894588 385.54536461721557
689.0140632327921 69.37991990322922
201.1037111287369 778.33661347336
934.7773389213326 227.1091490661018
286.7530404854676 391.5250155557441
874.6670484057025 634.2299156383718
943.6950834900683 360.8841867825591
834.1455393458119 477.9629353989438
270.25026171176484 861.7522709655701
587.4931546290665 172.4569024616044
396.8816001998309 642.6806552974807
786.5572857852493 545.2262218082734
716.0968332762578 538.3279686066287
877.1012205862412 423.06436919307833
432.17944246105617 957.5942397910343
480.8082712031741 348.26581118610676
803.6001574211269 99.06567930104582
