objects
561.4863257013409 332.7980954310299
545.0913212201502 93.405279924264
193.97904641567783 844.7568507660355
709.4871790693195 799.4168268365459
340.74119370778885 756.6393058719001
202.38047173287777 189.47498840837318
608.0623275030845 882.8902294854712
133.67247391670938 919.877756109508
542.2578048309448 914.8379856806059
786.4080972196205 950.9049645061049
431.7070907589114 137.40269660009528
634.1628263201941 646.2263151779978
633.8221390994555 202.6318513761483
302.0957481723071 89.7692593504648
929.83897501944 107.52689022257829
360.79630646560025 346.6373213156101
804.7988243546663 305.9570235354466
878.1925259214992 813.5802167477585
37.153488966142206 943.2342934265469
471.3765123479393 632.2812504645068
863.3870760863001 84.71158146175468
49.2729983784009 520.7010629515678
719.1470398076165 422.51060401345035
930.4877768943544 291.542703424981
815.0052122376236 476.9798824555544
94.15190779707484 802.1402829987218
63.30061654701562 312.8792824201891
420.49863540058107 764.1282734953763
214.12191779799747 85.50170659056495
377.7461093436253 584.706921322154
251.8315725360618 594.8723394040203
122.33956672141697 424.96212641209786
962.3325758849901 728.4058897153868
308.30636708615106 194.25746084784515
237.66562417727 926.45113381994
767.1658532509477 106.56624124451697
956.178426923629 225.59340230805668
733.2108010978652 665.9494126526666
500.02082652442283 387.90768259896646
399.39794406843185 927.5378944091007
700.0862769548777 224.15482320525973
604.538793172044 529.2565480876189
939.4108182609926 393.28086486891874
797.212021890764 204.05692362554208
506.2426216490732 220.65803709701078
724.0634852763325 341.23305163896987
864.2604669031737 402.3789464846145
313.26284869683724 466.5561836234172
681.5383232260189 137.53509451580834
42.730129622784894 217.29752462651942
