objects
222.02510864714492 710.7344586918781
279.6956502118228 319.2064185254725
59.40743989481156 80.71156478040406
175.8071536083201 628.8238304942912
739.7417967609465 316.68911017650396
713.9007648394148 538.2982891625276
265.2317903374973 399.7476845050411
568.2329923848927 485.3500472117747
514.7230750291376 796.3862158165535
947.2204315457863 61.192221079615635
509.30294533419357 140.858210345013
248.47853999564956 627.3666228840706
760.8441951576959 484.3968872431677
511.86277004789594 333.83030515264255
431.12500643943355 257.412505481339
827.7809443678382 680.7130714619227
382.6472165914551 836.582609537199
65.11720418960772 460.9798052687706
410.5150716705233 167.24900218854293
51.141931939245644 910.5543241222817
675.6216849465756 378.2663603570932
666.8601984481578 475.4774895463686
836.8342144248286 418.10445049154924
448.92659214115633 680.7219209343589
372.79199793674604 493.70204630718206
701.8513205637198 214.38432970614258
240.61567529059812 515.9198588696171
83.06857876240326 273.0159137055658
54.651835201221175 208.25314799907602
264.6734491707254 132.1356527621988
520.414251344361 591.6496781902066
222.02736267206308 51.61274586403044
910.9321182168753 138.36788615944798
151.81800722813836 163.503014517729
964.1234807633738 632.2334416886656
730.0158461432006 777.9952364756327
199.74371721884404 351.7342566977005
636.3456021118476 53.35032457651898
411.978151909416 336.67246216638114
315.4986209090302 719.3252427023526
735.6575928928509 614.9237580963111
105.44141424390037 553.9751504181972
469.0264024341905 925.9016024381965
83.96529923737015 767.6287066397599
701.3852136415966 878.1678268573446
348.1499660177067 227.02048219905964
315.99102336313825 37.74549993884297
573.6982218212204 285.1567719216126
215.25967179432968 921.3047346111069
956.8331541840626 953.8349127210397
