objects
594.8197727395582 547.1216840618673
385.00172130172996 46.30901107737962
480.9350677134345 847.1490190498254
197.05087257110972 849.4515588824996
600.5873510021556 437.9885000858515
830.6841708729926 257.552651735743
42.80966467853276 277.6258450133732
500.0788036220907 415.1429677667765
450.95781637466825 163.99308195464153
39.31247917610159 430.4816288173585
741.7802426037163 357.1011739265367
774.3185433358603 158.50476214017513
523.6975804107246 175.07372320467113
324.2801074968864 899.1514712490412
52.938185426550696 808.1380129496574
933.0602593534018 844.3378805763559
243.62200511389904 789.3334092992478
376.08694835679984 786.7383385403311
494.6539398993853 247.50548343723437
933.4866101181126 196.31568345723963
544.1473865924885 331.4070395948676
351.7002511063508 233.30321848732927
57.52248669569577 530.0199116813009
591.6343300469122 158.9087538119826
690.0167221526618 903.1900735723341
755.2322591335704 237.10668853412278
44.87177729866537 657.7459361089423
633.1729216370776 371.36398024184194
240.97591623223167 87.28813790956654
636.6457415709538 850.3506155899851
658.0845897227362 186.6840904356531
957.9964916979404 129.49495761565612
405.0708606225478 471.3033529418307
854.729887133103 415.4938082557779
150.5608238820132 298.8287345232279
321.5615541456443 598.4531996886342
148.1156054293278 707.6313253367977
511.2019750949306 632.5390689915147
293.6095295700312 408.7734484442588
837.1555038374552 707.1825558896459
661.5376521284213 720.7963930142441
388.6455543833103 324.310614767674
577.5308828060706 248.1575519544785
595.1553107180629 57.68551119102758
805.0307385756028 58.479215979279346
650.9391190625392 613.2385521327046
333.0862423684334 106.45479756849846
446.205249030869 693.1458818965725
221.27737261309858 454.98349063785497
803.5801263293118 915.4888457432832
