objects
873.6794777690131 269.0889097962119
165.15043167057007 235.03573602134713
637.3059927985933 164.7547535508021
303.6927749408508 498.41868625769956
955.9861797429297 769.5938290787108
610.4797349624771 320.0652015576185
718.7098027129173 351.83879686314054
153.65329845615045 780.8560502349175
800.6529314537346 92.31582027985213
787.1736736440974 645.5230704905928
829.5012480424176 170.9929220353028
848.7540638267841 924.8104584974203
341.2104045771427 309.4721164911881
687.5172130043096 955.6622036361288
738.7798865297281 741.9058657870787
522.1859001450907 796.6354170849953
206.73544886144168 51.98368587106596
523.4372738824126 212.3413911768065
373.3002721717719 152.3750678094653
232.12236296053766 896.2766622216976
520.2363883693488 289.3368575417597
887.6599788710658 97.59297948756311
210.8751120156286 540.2950667967842
242.86883949994638 684.9072274249827
666.0949393969398 400.76418215086653
284.1876869984742 821.6112669474637
577.528883882016 903.0031247707144
635.8518135694891 485.24531980357784
903.0708168821012 340.1900505330032
48.27343465143598 117.50029459123354
61.15574258280512 723.5962814927477
291.82308115090007 143.09891380510288
455.5791823602669 418.8726609205159
76.77050832094599 383.58283434249904
717.6769946207344 52.78091571013401
239.54999643418847 356.2378527606617
494.2854029627747 909.086166211653
720.0435209397659 663.290138161459
914.8742581420889 831.2856723529185
606.4882542915485 697.7654961113001
379.3520867526308 946.6042070573212
449.2621067793086 283.878004600432
684.9556173790008 848.0376260994016
73.16098671663221 310.6076366454026
511.11287256698057 69.44717124459609
188.26355450854533 135.11344439764108
351.38247704431063 661.8148459275351
413.38822186326473 575.0065800344189
460.2415419237527 514.9534096993807
200.46599373104436 418.2056525869205
