224.915 573.327
81.0176 682.379
708.238 445.388
112.318 256.301
236.584 177.993
69.0883 577.609
531.934 118.829
399.791 528.041
38.0007 307.19
802.023 681.252
398.389 742.756
640.823 647.189
219.268 961.999
906.095 37.9998
682.887 243.311
586.432 332.129
640.706 733.189
498.213 630.671
736.615 176.159
362.247 117.986
546.644 408.387
632.565 404.709
481.93 715.115
272.069 451.079
61.3016 908.03
184.731 104.876
264.844 725.806
903.622 819.347
447.123 268.359
621.528 887.203
479.889 496.731
475.85 907.964
412.397 443.241
110.367 836.011
332.175 834.836
906.277 161.597
664.101 962
845.192 98.7191
817.093 821.088
198.832 836.429
148.088 611.599
755.6 307.305
208.21 364.402
561.94 553.499
270.528 98.9748
384.27 206.375
699.17 531.124
173.887 443.192
291.436 243.627
182.903 751.917
126.745 41.5521
846.699 444.738
502.575 37.9956
850.306 610.102
700.635 98.4021
906.59 372.221
764.969 41.3302
144.374 525.025
89.1436 428.532
277.794 640.985
734.469 912.67
312.978 962
540.285 259.559
907.062 674.715
578.116 962.031
821.252 362.854
417.604 844.731
300.777 532.711
123.455 164.661
500.51 335.804
822.481 180.943
623.669 490.247
858.821 745.911
391.351 926.628
212.978 278.524
486.928 192.113
363.908 289.929
557.72 755.758
769.167 581.658
777.708 496.084
716.139 774.491
37.7645 157.35
904.201 961.959
353.771 600.692
716.324 688.473
417.261 357.379
416.577 38.5543
592.041 190.839
515.01 830.402
37.9697 497.436
614.687 95.4192
672.29 328.656
38.0084 756.489
286.829 329.528
416.936 658.78
128.281 961.993
330.583 37.4126
906.803 515.961
339.411 397.59
266.109 889.894
