188.792 483.734
201.671 762.12
619.624 440.317
247.813 546.291
473.762 699.645
527.274 119.499
338.701 803.886
64.4637 638.374
671.752 109.274
216.709 677.425
739.33 181.148
852.835 399.311
38.0062 127.062
232.771 347.654
847.594 594.867
478.419 38.0017
281.283 733.951
476.221 427.177
545.432 372.241
677.911 688.102
80.4208 881.334
42.7072 305.165
324.903 508.747
610.136 741.331
314.138 886.344
349.369 224.121
902.908 820.303
297.581 292.783
398.403 66.4007
265.608 446.454
278.026 178.619
620.636 38.2158
245.742 835.969
613.366 526.088
416.205 763.443
783.8 455.607
267.517 38.012
906.919 296.062
906.734 124.061
821.43 679.722
850.607 509.35
37.5707 556.636
38.0195 807.243
395.126 558.395
355.886 961.98
110.11 173.986
598.047 656.184
441.329 844.215
907.422 678.132
194.582 157.786
824.668 99.2373
520.033 878.888
906.689 38.7075
690.265 772.563
817.11 822.981
685.672 339.456
774.027 547.401
473.442 522.86
824.957 185.114
544.983 578.243
101.612 70.6301
187.598 69.051
403.284 472.78
435.016 231.96
121.31 537.048
771.797 370.52
465.02 608.513
161.229 851.901
126.345 424.597
467.225 332.849
729.169 849.26
400.272 386.833
118.068 775.802
180.193 599.502
708.231 602.862
793.884 905.901
773.017 749.146
321.524 104.948
38.006 219.294
539.256 286.463
702.424 961.941
703.934 423.348
396.283 152.46
907.26 210.062
764.159 38.0056
499.47 961.997
600.681 908.171
224.021 248.23
131.879 691.565
124.996 954.913
609.376 236.67
585.128 823.615
821.023 300.354
318.127 595.208
697.427 509.102
505.444 783.924
905.829 961.999
315.42 376.4
385.966 302.678
692.956 253.574
