536.947 141.781
118.952 427.651
308.658 779.515
385.918 817.288
627.184 785.614
712.885 300.94
906.349 808.75
658.791 234.118
816.503 198.624
703.018 653.529
699.709 739.359
284.429 38.9626
621.899 623.817
331.285 883.705
470.956 804.461
779.727 692.411
491.942 444.043
150.818 316.011
38.0044 877.033
211.749 122.969
782.254 458.438
480.84 629.143
451.084 944.532
122.623 902.214
487.724 719.718
514.721 878.492
111.602 647.166
350.558 156.831
146.849 815.615
906.097 342.034
38.0085 456.743
763.396 961.971
184.664 692.038
732.699 38.0693
542.611 299.613
688.138 568.825
51.3437 961.994
696.506 442.863
269.024 187.122
818.699 37.9593
597.709 902.606
627.936 314.999
167.005 510.555
263.053 456.265
48.3438 313.468
574.033 219.547
126.149 131.271
629.341 153.306
328.844 606.953
198.21 38.0414
347.3 438.991
786.92 117.872
535.293 961.997
251.769 371.002
727.057 181.812
524.024 38.0536
751.996 377.533
409.15 575.976
319.049 521.537
904.584 37.7365
549.53 575.897
420.082 379.72
902.353 575.31
573.778 718.274
720.598 881.74
280.878 961.568
67.5201 68.3124
677.669 956.216
564.524 382.779
38.0022 602.876
903.497 180.977
417.054 211.479
653.016 70.4203
222.806 775.282
830.202 622.77
366.877 961.998
111.303 736.599
38.0035 691.676
328.843 248.758
847.361 745.531
795.501 543.412
336.091 353.752
849.397 961.942
194.915 962.086
240.219 555.675
801.483 307.198
64.102 200.956
435.799 38.0174
906.846 661.836
326.974 695.488
593.055 465.789
836.793 391.866
83.3632 529.812
806.404 887.46
400.758 295.92
905.29 895.252
206.984 876.934
765.873 794.298
411.597 680.147
874.644 261.994
