242.798 718.926
107.576 644.758
841.737 316.615
430.025 962.161
619.434 176.775
306.101 408.824
537.244 159.926
343.22 814.05
702.993 357.309
906.583 790.049
257.349 961.465
736.052 946.053
363.051 38.0099
673.154 629.239
365.675 703.687
466.36 351.548
738.387 759.803
38.0013 309.499
905.602 528.617
323.39 568.52
530.097 670.184
403.36 255.328
223.184 882.422
519.096 961.989
37.3909 497.182
324.682 220.635
223.595 431.543
906.466 961.995
89.5348 783.06
704.099 161.694
785.609 381.196
611.094 391.224
820.594 962.374
550.347 812.441
474.455 889.759
840.095 122.941
759.256 292.262
56.7938 37.9545
96.271 559.481
758.465 618.362
603.061 943.606
387.688 887.304
907.418 261.1
176.639 133.886
38.0048 411.18
455.617 186.999
139.566 413.236
505.311 495.438
680.791 497.664
622.26 859.607
848.365 38.003
692.337 38.0127
130.027 299.229
201.409 347.206
324.897 115.598
410.697 109.605
460.724 38.7576
571.534 246.182
486.699 744.431
195.626 647.021
597.471 476.138
257.687 803.628
176.856 503.733
444.637 434.533
488.365 268.371
831.24 745.806
527.787 412.575
831.896 573.589
758.659 95.228
149.196 215.393
382.04 368.459
237.47 564.751
228.099 249.246
906.631 704.05
38.1751 853.597
549.444 329.346
832.875 659.821
444.57 669.456
606.332 37.9395
400.195 508.159
244.51 81.0693
256.66 168.014
792.795 880.991
589.758 608.244
176.285 774.892
688.413 246.247
764.495 517.403
831.322 220.803
284.175 491.981
405.954 592.597
907.521 176.327
906.682 616.054
613.887 690.792
710.987 854.464
91.609 116.594
63.7942 935.954
632.694 307.767
906.462 875.986
297.907 650.764
343.399 961.997
