objects
596.4732324771148 930.7726614817356
289.77622373545387 702.7620735679513
401.81131977075904 235.21486990345957
664.0410742766552 945.6752806436255
119.01126714044428 309.3053756313548
37.16478130833611 53.94997212143868
859.8810688259118 643.9237230434873
714.0348385094786 916.7468721343783
82.80162375898072 741.4950473022129
747.4673182533446 303.3232260780998
248.3946263829789 577.6388644711709
480.71940007998836 270.9270645504224
820.2820371211734 188.25088483258912
256.4997209471183 195.36211735763388
750.1760410557647 225.43670439162753
523.9942416579764 536.1060774327207
274.98859400710086 470.3912985166071
423.2650883612871 470.0947793338053
485.17019524884023 949.4126234608818
586.8288964786268 233.31791708382354
845.0985923395538 742.3743520401601
242.19800600023794 741.1789438215458
701.4215708685356 426.35794146193865
633.9295857900229 484.17075113595075
643.3292199946425 600.3098435864482
352.9607752323724 47.7454426295222
710.5358932074596 271.5340820198646
37.95875169055879 303.9875621610644
134.38146666925041 263.41450202750354
976.3600098327317 241.1866936457953
489.09976486808335 371.79973850926353
345.17894629171514 924.0930463803696
61.753774173976765 651.7998170086582
126.2320721898885 692.2812032950422
511.73313484372227 82.14457113382775
898.2157289304018 265.9160515490398
667.81997959944 345.8166366552853
513.6331856416675 179.27577264927822
445.99525245999075 394.40121348482654
27.348886966854156 803.5486260272629
343.8917787880547 512.3184694022057
932.1005370547014 618.4881614143047
575.0748505897222 804.3148753235104
242.50290773902697 637.6542891376546
80.05595481666676 844.0825196933198
405.37112490821335 360.1849843231851
236.82236168133923 392.2943998246871
878.544897430232 415.12264955728244
608.091857351643 101.98151331176012
621.7881780637463 809.4953129931158
823.052659061356 69.03997865747297
854.2250775109242 516.5240860048474
205.00269818325933 425.35159622179737
676.8124181026947 468.96396714386276
110.78047176436704 432.41662870687964
188.21371184513765 467.00135574371643
930.2135071854347 43.72253446027889
23.58786609510045 535.1887091861973
106.78769587686581 533.5829373888245
390.56704488380944 542.138687234507
