objects
606.3599728846692 737.5313283968998
463.5906151333456 735.2249190191144
901.7084993469133 137.5921619339256
43.74101101167148 767.6410577674936
119.51823700905577 281.5010842418252
373.14241455837254 968.9257523232812
109.4566432162315 866.2173728366993
223.54895532016687 791.0198726000807
204.65674338034378 247.66703325146767
968.5953354956812 385.21305802546584
615.8540681636375 858.6590161228756
357.61753964987264 120.77994903928273
952.4566671406288 257.53190553765177
604.0275770186387 57.24122723317279
148.91889967046595 411.65079555373967
773.1647663867672 171.04114619370847
489.2826066398262 192.72915277645217
61.93958718031857 933.5237350901027
110.74383445337943 748.623255742987
511.21125802741824 732.7326622004434
208.498783218322 975.3554126153467
401.0608354865696 236.08306170116242
788.2180444499692 870.7452629332278
844.9710302241875 166.2809956850914
371.6268072217009 351.63955205529334
289.32876587828355 273.55655333162514
749.9369437569324 507.9859005556481
480.4905822719767 780.9371931938159
814.2690674352497 772.6924300009795
587.6298156851065 444.07453615397117
318.8051046568143 628.4883204368743
301.81358471850797 183.9100817453577
294.58136000111574 466.06173650723554
106.35538084520152 562.811482486525
953.7646603267456 604.879998086256
225.70261774095346 137.81450536125996
930.882245176404 438.42268584769994
418.8769922164992 132.24631816586566
562.1768022830547 365.57232356548144
421.08814978409356 552.0423530690392
139.38291843806104 459.3064034909491
233.29184989860514 735.8633029400781
761.970847638301 694.8447957824471
56.01994720116123 260.537812522978
361.1297539511953 172.50999554029764
505.18354403124096 837.1062518137327
744.1701100268735 838.0470943128655
85.99213944073759 675.3991567792323
695.5323039735023 588.1047442352426
313.5876993201222 933.0946486319812
771.2148485547293 550.7880933555937
455.0938910567202 342.2680211515715
325.93342032583803 681.5063319393853
928.2482988213325 80.53781939439335
368.9475929303677 727.236272206125
181.75104812919386 562.1843899281696
190.95769785173752 708.8947932728953
565.1645256773386 813.6882611167305
213.2626824184125 426.49045115149227
204.2290223368479 645.8796339563826
