objects
618.4730197669383 663.1823403959053
64.60823103552005 934.3281439266468
109.43694346060117 597.5093226353548
762.6516363104658 594.4165927701874
437.44976720970567 280.8062883452148
305.34481021379054 462.8182562837348
197.94366276689257 314.9947299204659
504.1028070815858 521.9814995683731
663.8522317605493 725.4976627871816
762.5869193683085 242.81681356682992
803.4142651105678 100.20860546334451
36.42222939421525 109.35286473904816
645.883671483879 847.2621659852498
186.01151900503254 640.8532929037355
771.600981930273 321.5762784521455
812.0578701581588 446.065304612127
233.10555497279987 710.7372800991778
287.7499710246641 665.8502329748711
608.6003006758112 69.49229730941686
311.60233205300796 109.69202576404723
385.65266800850645 782.4219249581721
661.8814335098588 231.82838630720303
220.76193142912436 882.810137571408
469.5545220035613 398.30237773292856
660.7215374555426 512.2454077449916
878.8651266767231 539.2039488042541
244.90245627296184 635.6124613363666
861.4298290703892 869.7778254402394
499.93645359772074 916.6826191063235
625.6277523794872 150.77105511577287
59.06572880527099 347.1338013686637
864.2940157074048 350.85550574324924
713.6667506799087 42.57388459996028
777.8745717028759 733.5987721719579
558.4950958329968 205.14676855500824
195.70971383099132 377.5942399744885
163.19002139952104 821.0638296971855
347.3175121252173 391.76672715563274
462.5711547932419 569.789835193037
457.82416110765075 220.2061394674342
561.8824120725186 432.21248386822407
567.5250158317953 580.6406408894519
974.3734310515924 793.5170927276497
804.5665055156403 895.5205021094212
264.668793616859 126.76718553897031
922.8742729750952 762.1454885339148
776.9258173986256 646.1615620650914
410.9668776548605 173.04861877178027
508.76158953782715 705.3818705250142
721.5826608520871 482.48235289245605
723.7243975965356 620.1594248113048
267.73575346987275 776.5504848400113
466.3347560027924 176.20465057702407
392.9768019419392 405.4644504671211
877.0190905653526 425.7392554414457
943.4127306194487 551.1715488939634
633.0734077152061 338.0121749121359
672.224091358737 621.277246508244
718.5334526398507 724.1071745976467
504.35798824723054 855.7722232648747
