objects
56.85187264063333 513.7224886040393
779.9663305800967 32.9016202579827
179.35988759464502 617.6798689781947
482.8426548068871 61.0329812535671
249.25339103422758 465.11336115746815
350.429737171257 494.2356463012976
154.3554930350977 812.0197928962034
651.7286879540284 291.4380738668571
101.86041259091418 402.41579136067134
831.4712732739345 536.7846440817704
71.62501779523247 659.7304876696209
396.77101802523526 813.468229265635
506.25144882397007 554.0482852196275
411.4688979733884 286.2780944165483
729.1087874025501 468.9328062328913
652.9064563898372 243.58459691336503
732.6982943495077 616.2994056834757
287.47593039875136 938.8802010337984
398.8204247836641 725.5167522783705
799.3680255848149 658.6608883411051
447.85937382055454 109.77340279044188
152.01763023526442 163.30284747873435
872.80751178532 122.58463448890812
116.82804323505113 208.56859324019305
196.37562636209168 237.48905850596202
212.47531775271614 936.1985491213468
795.842870740423 947.5783737511451
37.85589265439284 583.0030755146142
756.9410939345487 384.57338102621105
269.36631239021006 216.62907443033453
305.26106409564346 162.8140130942048
315.6124779120902 300.35264765433635
172.6492031399612 357.75633534306655
320.2201281794092 652.6386423829822
572.7027200986707 542.143114145974
88.33380150305958 705.0505438019462
547.5494721178377 912.341789538171
945.7769115157686 386.2789439977357
615.7731520028029 438.5400214629775
643.2949055263783 777.7563934443083
380.44796691735775 633.9283209788092
228.08988965488135 95.52661888110453
338.15705080560343 132.4079750678206
915.1605938268183 101.60697510948695
826.0299478735113 310.95894241683635
591.029686646811 53.30306523580187
353.06000391703907 331.74067776252025
118.96090471574351 323.4710766051722
647.9571013707616 72.58712101343036
566.6535306958139 359.1273360936539
267.4452420220823 281.66957096644796
225.6118282667071 726.6362424865267
929.0598215567597 840.9300244854032
635.6836358711315 837.4814086942065
856.0995225433223 377.78980617614866
52.403204072631524 341.18891221125807
824.5187241530919 95.12561744641204
904.3456829290923 410.4001652495757
220.56914409581964 191.85929176074941
252.12005607987683 417.18853890946457
