objects
688.6484183401965 513.6112591209306
207.37399133392887 689.864238700017
272.3804160371496 843.199775592597
570.2631382824693 174.74304533166625
863.151515580782 631.0685297608339
133.43955241763464 820.7891392832479
966.67676967937 670.706261307376
506.62033889040873 314.2469493655021
492.8725538575787 118.26085784669462
184.45748767961862 818.5079398149298
659.2152991898782 558.611642734911
972.7682539628479 949.7458753603843
412.4525011696988 636.9308947600831
829.8893096576451 455.2707763834717
861.0876449153346 182.2047638893815
777.5877977007796 909.9948451471577
802.86179107497 137.48801435964978
739.0483971759593 464.97308516871095
458.3291421399913 877.999091562872
26.855921469591298 360.5057323120583
606.8420749913063 38.295548489599454
158.26622265300554 186.03736521430756
893.7294866253621 931.5184951435499
480.60479536817434 492.83337983517623
36.66572842453587 674.3853623560731
572.2097613868513 413.1088150057313
396.9089138006732 715.5275499272715
103.64036104158976 61.69468798726308
520.7286187606347 602.3732268082531
177.81408498847014 498.9616000201323
255.14651374765035 474.9620455618228
503.85793831406494 943.691049528486
762.5687803586048 278.53871975028545
532.535511618869 450.25514449519886
520.3504178443778 50.23318057282444
829.9134740703496 316.4773588798637
35.85014577898256 783.2815441689959
628.8281169113487 86.1828754143844
743.2153926860897 105.20294376963952
809.4414842830331 227.71968336942084
294.04742452750367 785.6239686535157
522.6128104363245 210.6182080614461
379.28607527826483 946.5833505295595
115.91418058298446 441.8127438372047
761.5645141381098 420.14608159231295
30.770816995403166 528.1991884453706
680.2410448770657 35.60095857920867
410.37478063178594 513.3438074652144
463.9055584236839 372.3434719750552
30.481304003701315 96.35226629969627
402.78251363812814 383.9292392705949
209.3497337058581 577.8737314575906
767.746523926019 355.08787989390436
139.35605632809524 275.63983037687996
283.85419371169354 903.7385439922814
762.2580349536458 207.2743559929679
739.3527457708792 55.31476126898791
907.6221202559867 754.3560257352442
564.5423336695534 321.3007990710174
498.4500805448582 782.3926430700183
