objects
823.5976237469426 346.66573848173914
512.5187677179131 330.153863115967
816.6147688923018 776.0472613654989
632.0512291167508 742.1597260361569
58.506614207141936 290.50272812628657
480.5354917083818 636.9212313938153
785.8999160737688 254.86048785178485
307.6539871507749 232.6487469619613
195.93235619562932 48.794085393777195
384.08081486864046 250.23043878270755
315.1579481760426 384.24220906828094
772.7805461997006 953.358388378907
952.9416507871388 404.3534060678168
457.6408757116444 286.92994264785904
888.930219943594 886.8659295332986
941.0670262165818 567.919978046521
860.5958461007982 563.5880948861343
866.7206071832408 143.22736178014645
401.6443132458473 812.9698733191896
603.2591753888007 501.97686850312544
449.54584389513747 711.2218304864458
93.59046348082443 440.0005119764758
162.6887461586067 382.6568670904796
656.4823222996813 263.4386985693337
269.307023202069 792.5332125141653
441.6872060529801 483.17573589076085
293.3206810409644 913.3992052738943
506.6049408984978 132.52523180982493
668.565762200015 460.00519278816773
506.11683942969756 754.1113640094845
106.59909192636228 786.7893541547674
948.7135102914543 220.13289828133014
852.6938644565485 477.70512534101016
953.8845319350743 777.5880922751442
320.406880376482 550.0771045040309
630.2908365050224 97.25351180195275
625.7957478026281 939.1832361957341
55.53717722357793 680.8399775620009
385.0539367770384 610.0573243782561
355.70710787737926 680.8921530188776
735.6105899764564 735.8317489653198
602.7768491649533 662.9106344432408
115.54342970551697 636.2089219948318
576.9041008001007 269.18475887374785
928.097130037769 308.6304562699698
732.5185743795158 389.46178720125477
874.4177298677146 667.3939164972138
648.7683951392945 860.6590495152933
266.68826655932395 456.29764115354266
81.06070832368806 173.04102989827868
618.2781283721805 382.265660967776
222.3682433875008 121.19571828928102
653.5713815389806 165.88047921561298
67.84954777584325 65.35623422979087
395.02772315797057 149.73729314213807
536.5606055666825 886.3163262139229
701.6865630639154 925.3893549070976
501.72701742049196 422.57246616321083
738.7193638972872 493.570176502632
529.3948028297895 959.3348197959255
328.4674520556811 82.77706593463998
290.9769661711852 165.70649206147505
207.4584691663008 601.6807357658824
218.89369978715877 854.9465798890542
161.11078298057458 160.35533480472833
446.59689673186256 72.43991551003379
709.4465257033338 88.18141807557055
423.58970001446045 368.2587219348195
187.14166014645247 946.0369389091226
74.10018950029448 942.1272127806347
193.94347723059394 522.1595935983268
263.8004640228215 715.8632347113916
772.3974027096116 607.7723583433117
81.97159933373905 528.4945521873532
196.1079902562522 772.539464187506
