objects
539.7184915348416 269.76134333688253
910.5053677120528 475.4200968269944
281.3564445820086 684.1348228687949
247.25943036112 360.6585887259092
746.5152149422577 702.8676884200698
598.6809755741969 879.1212506084236
291.9325728093934 815.2543580879571
253.48047623704218 529.7679626085957
510.53608257055265 435.0796613323623
935.7991088693976 649.2022490889755
210.49297256251697 174.8170052234151
82.98260039807677 894.5908989523787
756.3961486951209 941.4613572115537
458.6018628965474 706.4396094004189
805.744118371491 862.4700560606119
208.95091692062357 769.9181650357878
567.3683310279841 42.745986620233964
109.91985374088192 816.3051527574165
936.5901546676281 136.020102001155
357.37825830517676 198.03666388603256
670.6851626281837 556.5684862772745
852.5508704115623 545.6615336748696
103.40751164081509 177.1001140913146
835.9484689759084 682.6429441997524
158.32819179745906 56.865495278234626
770.4844154241997 50.28594220714436
189.6036526233059 405.99825340701176
123.04085716241447 266.4381289951702
376.229517315 716.0530187693507
41.645511536503705 509.39729120820186
44.436707872219536 371.92676067930535
811.420063806611 245.21088262791517
588.1547326240443 610.5095436318961
671.5088318748109 272.3333081249622
942.3809923009252 905.9125552072742
703.1839415737686 477.8548175886857
822.8779270230408 164.10453651634498
327.07952609355584 395.31979709771457
530.382010796068 929.2332243275325
330.18226467744705 488.66909926174304
238.61299429303267 883.2251623044674
884.3212769642639 838.4515594739199
562.2749794266599 127.80646656251342
485.5351317693591 634.1298630666133
614.7008472099405 721.262475809315
672.5144655627522 899.6000609132404
334.3476231978755 566.0668448559946
532.6472963677219 788.1089829248538
47.95108048272674 768.6553558985411
644.9797518602493 786.8209455253264
404.22536319243426 104.47652143070258
797.4938089256682 457.20667293092305
835.1806806227207 85.01161377091745
132.96656777329224 569.2569272801007
448.54763504021616 825.2201582178213
590.640073217965 496.3669348132763
959.882014594541 360.9549895802897
615.0232061212592 418.42104740819127
322.87896532368273 37.143907208083306
761.3038634637946 582.6903432668943
589.8105969380389 350.23858028757303
363.2339893274345 889.2244754530678
84.04128378599407 677.03576059649
441.20537153908015 301.3866386443655
749.8840815523574 284.7617733061035
300.01138476071463 122.90986303660259
423.581550691708 388.1593058700758
959.3871494592086 829.5513414840361
723.6015454508445 827.8473892801834
521.2308423460079 510.79089333475434
153.76339183402337 892.4102830744309
503.0561011984908 72.49110145737328
728.871563641204 399.81696147709243
357.817960690659 793.4140936685932
124.84890558705726 486.086927592616
