objects
207.98918565470592 463.669138949803
812.2787118069147 662.6345728736629
407.9284758395792 598.5044870729309
737.7805363408901 429.79063868410003
815.3348421501462 532.7878315638386
551.7057675470165 682.288257588192
362.1424506192918 226.09935457472488
826.63222061425 281.4661009783816
694.5585395034974 223.27111670812099
584.556970628216 315.38060465651057
487.17419242494265 407.9038132010274
168.77600684867315 651.7659726528161
64.54878481686076 891.974898734947
384.5902542437158 778.2869243239909
730.2508611229124 715.7518199920244
503.991140616107 90.41058722767079
436.9883996125646 511.950544134387
875.026125695497 606.2370638968388
609.1826490041228 818.1365280843168
439.1253212518452 326.97836540999793
890.7211651615055 755.4537581777923
612.0582808425936 224.7929097529494
585.3666696693591 533.3423083878972
960.4525061635561 856.8182010572457
423.235701401883 906.7227954893696
259.26302393365245 121.38428676897011
233.98015274642881 383.1585450793218
535.2410400377767 220.62779290932883
36.55657631964964 143.3322837451581
290.9845205410257 456.74538377225224
773.8225083593795 38.795969501033674
355.95978385454976 666.2938631764596
143.0955726280506 88.10504480319325
130.40569945380605 529.0528169087567
802.283780704879 823.6178769398965
249.4383672573844 962.9858810470278
795.6118636120032 210.63133674410722
185.38860541001986 734.9164297324838
218.4343156711372 814.8479593854252
639.8942330828979 918.5783148749354
181.84019523681934 182.19794388044522
928.5375330121609 451.7724944165717
556.2111911651051 889.1964314181995
159.99403290515266 880.0251534760371
951.2022088514168 559.0410046778306
721.8410307191973 501.37417797688215
66.18073871019301 484.329605859284
308.29201919265654 347.45384213080956
801.4826893396821 733.9634222319388
743.7841524278579 913.8308944683453
159.18970002057614 385.12067289219567
482.0484999549404 821.6816918493761
195.16460732327943 573.0836584224065
884.2938053860731 826.3012842928588
963.3161246338907 649.3245818683552
807.0748678720754 955.3756620770994
299.0750297214648 713.9199358479095
332.1811647298191 138.70562375886408
581.4493174940544 434.3500422925087
894.1228739299295 209.35625858037474
379.9831100046986 71.29175506389934
117.86127850941718 961.6639531978063
856.1581162420572 434.3443764905182
91.33361780069993 235.98698570400967
671.1503669923463 65.002980277756
94.78055533914423 321.65622437874435
674.4054398623972 148.53907557267888
303.9360990873361 854.1526457303002
699.3382272596484 826.0584743110077
876.9644460421216 76.37561821551697
590.1288758441187 57.659186516989756
740.8002174257097 291.03374487799414
221.87375631783055 282.5239200039747
442.01610459105 666.5735240877444
538.2664029894557 602.1412023913629
