objects
510.70774394591166 817.1965496602522
708.3576737942981 500.2318875430649
111.73288540133493 483.62860541990443
739.8275185399608 631.738321063545
227.23569459658967 699.105663637029
647.0514930379114 539.6435582862216
513.8891215559781 131.8123137021433
450.7607580537479 581.6318211661675
588.0996257318126 257.7465664626303
189.6422753432434 127.10880266135322
861.3522987200694 387.9024554087004
299.2460941342603 700.493207212159
872.6447501540632 641.6019958639249
301.0980507675967 230.49154089089086
786.6135938593858 779.0275882896556
657.9407351900495 243.6786329741613
953.2335086615071 934.1117761547799
766.6249444309052 220.9833918793372
218.5480086103775 490.04968438058756
356.7486744525656 901.1467318901351
190.80656694446014 881.275210170255
949.9095720853052 738.8884285156122
145.68819034542935 598.1093833155353
553.8537788077291 634.9247549983667
46.74007586677811 525.1126654493779
950.5491953546466 316.2081495957637
930.5844354194953 559.7932567786949
608.709431042033 386.08597321266393
329.18279018434686 633.0406101847699
590.6828120411445 914.8281333841524
464.6308350130571 676.1368045128994
852.8778812874237 575.4598996048006
882.4434895084277 303.5926374256038
871.8441828887728 210.1218373411897
50.01550473675046 350.46154145735744
339.27611562667136 88.73911625624478
881.3814776325496 958.595448947551
686.9796647464354 690.4948277129505
546.6542347681474 328.0510290007199
481.84772845168817 214.84636492889103
305.7130300922708 424.8816896538237
382.58168438045493 773.0091699729095
100.77741356396784 124.23083879026574
419.5223991207985 287.8757376304007
356.73019531583776 475.3546366490285
960.8733386285988 478.655867080065
771.4230861005288 145.06451956232218
380.0927952348628 188.53909349263233
758.1846149785238 853.533304011455
129.58141436511215 270.8138379966803
128.37164854365307 47.60447698431555
588.6388295816636 144.46463515670982
457.05066146627195 472.711373723521
699.1335654408837 162.80032090748063
528.2848541797512 544.1348637440639
849.5134264782982 44.53362152919008
776.5479658063211 471.2234075504848
854.4665108440217 734.1787893816035
754.0033042603732 953.6503454080931
147.45408482649387 738.8271794742656
250.4841361970266 797.0523155639851
713.0369382872027 42.76525840434353
91.23550797724272 664.6292171141814
497.61519302433175 392.1822819659652
203.4125609620881 249.23034712207044
148.86419192835183 340.75239838107314
360.05045024172523 377.0835912137091
611.7441349394747 49.42998813654603
553.937153565841 744.9663593117324
790.4166118576759 686.73572090136
244.04155445373027 54.594392158457495
644.6009149389816 863.0894309588853
946.9924686824844 158.37726483999103
866.2001919465373 495.25294162848354
44.40816642076678 936.753906210248
