objects
307.45716945215855 193.73436078755333
138.74653069333567 474.3678802333706
781.6693737500423 961.6432306845969
782.9048175348194 52.46233265967778
389.602884090195 716.6256173599561
286.28734750239227 814.0539355852062
570.8973851313797 45.15209911788082
403.41734174699394 887.7578163338532
831.3394390659605 418.64651364283276
897.6147253582842 317.89844027963954
826.3923094448163 682.1923449228924
387.14361016631756 591.3074965345593
587.7845586658024 812.8975744356025
123.35499172954879 384.847144646845
695.6734326345648 125.58814626377148
404.35944549030944 516.6377896288274
362.8101254288579 957.8359959134508
519.3523433075874 884.5900030094922
426.097214595154 354.6965348122748
213.59677899613257 757.4608552366088
483.33532220050057 706.3094121842844
190.28535610423876 197.72647333810772
330.9692423421651 640.7811285338647
862.373341976728 54.95565142515065
685.1735080915106 801.0941684532884
644.6307575364682 895.0442939787391
800.1443609277342 294.42650746510543
813.9963080501287 487.6319845294029
374.61276604199173 298.46231860411353
781.1558369740757 584.2959134658693
247.9577277780944 313.0982575213215
62.8828433347953 599.3698131548272
897.072995621025 938.3931152762358
895.3665119821889 457.189868854542
592.9478305176774 235.81450361781617
588.2377768024814 148.19325329977684
214.27800707796757 504.7452870262946
900.9893932378495 608.3544480226374
721.5999011970517 531.485318990665
575.5269472801765 520.6301636236358
284.3380068687549 126.3309202240401
603.4092944740784 343.6101031872533
350.9666905548572 69.74829131054133
365.447507102443 807.7491363001685
68.16677263516763 293.8984748015457
923.97323489829 220.6729651026654
130.7795716558858 777.459074279173
706.1138254602838 52.853813864834194
155.13535035137542 563.2374184023694
251.3241089633948 957.2821443966681
709.1961383464811 277.10339917343384
64.68260602315107 747.2218085092106
84.4978597440109 872.1748335702412
315.8458678782638 569.5705523156083
113.68257155779456 962.7246131938223
226.45996702408672 418.20408431775974
765.0827301635352 834.4686822353274
549.7181245247444 964.2225297431211
392.0748404664298 134.09019617971944
774.8691003556577 755.4159690892101
941.4881392055484 134.45163305020012
211.5224316115382 613.6121920587672
739.7599376665872 459.6107638938291
487.0072781179494 491.33352939822294
216.2839865357709 88.68998196186459
502.8955245320917 584.9097037266196
117.98096039393445 103.60673364087141
161.40438729823774 677.5872712031033
67.85362813328771 514.8846071779658
456.0355577882402 942.7536542397379
651.6341212711272 655.5552601925122
435.37451022191465 250.8873865994123
953.638288037922 801.0713960275706
852.0786059546932 785.4838858954416
454.93353045319793 57.85587858887379
