objects
370.0698723403838 43.07406602230104
516.2318150396942 274.39277331434033
840.2557214105952 973.230729413179
537.6479857264777 88.24536460970029
417.28232791296915 289.92627368726994
610.7559722179564 349.04125098738604
45.765313759458806 311.14366605361226
697.7564046701588 243.98055652640073
580.6204356012955 198.43591953531958
812.2011378086663 78.24426480716352
340.5621257229387 286.181836672031
627.1739022119789 820.5292038469323
494.6213852071309 417.84713249986083
488.6956978089331 646.0238446684151
442.06071726341276 849.2313323781995
416.91155646495196 762.9795883396629
954.5851026143686 440.0191185825307
869.8574252740577 243.42756481962934
905.2135915395277 161.6381517712248
101.41199305331305 787.3635864966551
862.6670600230141 298.7394817323973
826.1754314602722 237.52405131371492
773.1933286369884 201.62019101835986
686.2250879987813 885.9077611618777
126.81469329436857 160.6569955830177
757.9462356490088 529.2686039103226
26.092018050039584 906.5883404401492
171.57859249085934 326.58439563408695
551.3613221930285 415.32200836563135
815.7508730201649 158.33020890352495
857.4429092408704 123.31850346275205
320.0632633964635 367.11345323859797
284.5801269347796 185.10405314267953
493.0182795411711 551.6603541452904
647.6160523843065 865.6525366872033
469.32140837261574 194.48395356465662
567.412984741183 701.2779566030147
824.8274740412312 920.5868904617786
280.6209676193918 637.5453565079572
174.45337904121425 225.50905775858357
662.4160893118426 398.44710063154724
564.1770776192404 779.1957920372763
162.37461480180536 761.7650348564146
365.89535724439185 397.75708454349814
612.2563745382789 611.8315559311956
661.0444706848394 211.98263997080227
21.879529875347565 640.1845925971508
972.8546222821923 139.95660318332824
964.051807900728 68.48524327719052
903.944520232908 58.9212481220418
486.057768067604 109.33211311050911
269.09428434323036 527.9163874830928
222.31750817962651 362.4366209292204
450.8716915396863 246.193163606291
167.4569415665495 397.57969214801386
147.05942625728807 898.3866641886824
763.2525424597795 329.49120615578073
326.0404461910308 936.7313079905987
672.4028072843414 443.38038774250896
811.7865313480756 838.3474383348441
344.385983023576 808.6303272920279
293.7369098386962 309.6733480182441
68.30776008395313 912.925406703913
769.996636191732 381.37407482018347
528.6855365435208 811.0757140545206
312.6364035436531 449.36948871141743
335.6304711772776 79.90843841440027
635.4534172977027 309.7256593001668
438.66147692907674 459.14362831544713
458.5356555405679 523.121665131008
