objects
319.92528630469894 58.42633342497652
800.8397678818546 929.9715725549154
415.6499758728707 400.4195477744531
349.8663471694475 844.6353453327617
241.21356510086594 346.8160092153981
47.130153746139904 224.19536740376122
648.3886066882966 563.5463362803916
114.58974617054425 378.6825345350196
779.9622109003056 721.2247240671666
108.74436493184487 788.0840246611954
793.9119768873676 175.08716401088083
435.8028254760921 321.3006523029573
411.46076967326445 954.9661329247643
492.6388820183173 751.1263354581848
757.9159116559804 139.990221577617
943.4175998364351 798.7957664104082
66.4112945615787 149.62261740496737
581.2936917551465 371.2445451239742
687.3608057946827 486.3557647847046
773.4245737174617 576.8371221450658
608.8344841079901 116.41163895500522
510.52030830682475 848.1902421340155
47.006117979998194 383.2466924704316
520.3969358929228 601.4934904620526
432.6387226299639 891.3395542751572
23.013374160624235 126.62366710896438
702.4896845752725 129.9672429956002
800.2729770848822 379.75711104333226
762.4992648577963 668.7825757330181
464.3963571219056 631.487631065447
59.55346945206641 694.606262208607
74.44861262862153 562.7726959606027
579.9660973831102 853.1186763942296
902.8545585005648 685.7601577710394
260.07093166941723 270.6681114510143
473.3791750845959 156.80434976063034
901.9688471379768 138.52916511977122
657.8265316767706 724.7763746494169
497.18104614725587 340.39428580734995
123.9188742277737 584.4310836336883
915.996133841887 57.67411930499428
100.15489359918222 837.950304163306
778.0450843521849 522.1800539530382
469.17995227420556 470.48123190901566
218.84859467374213 447.081352638312
797.3325323299559 643.4167349344184
873.0747915424578 764.0303019165987
860.7362658383933 164.73340645609153
55.036593937930036 432.0203857309183
24.2247033267841 55.435374380005044
297.783396441454 848.3403201346687
614.2313662883482 223.98900668652345
676.8908037167582 884.1768128350831
885.1989695831869 633.2271270110446
309.482329872823 363.72597298530707
277.63967461238 87.39235694322875
223.14336493046676 753.8708644844791
838.2577886255975 563.0225185207005
434.32525893090997 275.90041679344614
945.9934181014288 715.4616068471242
171.742764633616 334.0827192484319
434.8183655352112 592.5742330717718
343.26498275887724 751.0126220773321
584.2966380533387 475.9865688443907
216.4876128737888 391.50191912378256
806.0304353270415 851.5065713403189
724.7528157238941 398.79867853307496
883.9002895668442 567.3687360261334
379.31146639391767 199.92871017314533
723.1626655832492 323.80572852906823
