objects
154.81506951393357 501.27784781089184
628.2597543049837 498.8859568346548
954.5745652537169 881.8982606831905
97.89843973320257 454.7814413080092
170.43001854764321 591.2538388578548
817.2790358833178 806.0863156033304
714.689535679937 434.7237652631943
204.85021806835707 670.9613873524493
233.2743665319798 295.47864456657015
470.3886806801738 88.12029542627087
582.7330382119005 276.93182577309705
219.83571972296042 234.7865199318094
176.20132067561798 828.8528833874578
878.9691855587922 429.1757981201812
856.4073583939969 465.05055564542164
206.84392132257028 121.77196927060253
615.8506509307142 304.2500528964475
398.7647233137558 964.7740352626805
612.2203625027602 391.4467530360775
345.5860965037763 476.0756745476492
972.3328327555778 537.5487453223251
419.9693038973889 745.3571656923858
882.5410093283558 628.7554580932555
952.8600229118642 490.05279104876234
659.5653107849301 850.961685016863
181.87684280818968 374.89520034120994
835.4464651068207 877.3539536839492
172.04763516216994 80.21806016268587
927.3456653222778 45.535232060566415
107.79096527218844 845.5795463850601
818.6014735439676 98.16289431749163
538.5744492738104 414.8849132976318
188.33947027292567 762.5578923352928
742.3385735235448 148.40486381087905
77.83278588408827 575.297260888935
340.16432254602176 418.8498172838914
569.9467622376005 488.33760832565616
628.780413011446 911.2205326239593
691.0089311597268 315.74306260719294
292.78621485885395 603.4360583340195
870.0915203180622 171.9273012674505
967.9691798836265 182.08388277329257
782.0851672586742 520.461062465098
612.0973495040453 106.438676834192
749.1707206249504 708.5989033987272
284.7653449079337 511.3034862041364
102.60350879665769 189.95440536909857
527.6715588924565 941.5180059026001
25.513932466714472 165.5421196666349
133.4439357379345 551.7995730462947
381.995658333815 898.3605254747291
653.3472983355982 773.756139942431
370.58569958123365 250.91019170683452
488.4824969459441 198.03417400288802
425.79489847286135 655.6222956235036
32.13473959212461 268.44778980749317
370.66018730203234 690.9971190408954
154.47866774662944 874.8426192278309
758.3817206064004 628.2705211818736
879.6650245043219 366.80958140995267
368.7962827594657 362.1175528565317
974.7936250453372 596.1076886659326
773.8684736728861 930.2444125144197
203.16502340725583 548.7869552642874
475.24338898370223 312.5544723659505
757.8498603130292 268.900268559075
811.0316329413762 191.11778032072777
238.71774004132138 841.9479648495297
699.9945002351947 386.44898568886526
220.876465940281 623.5855862839471
