objects
763.668347390925 370.76007610197564
808.5008183253598 898.7442957558151
536.5067703198646 492.89091588265893
390.1957983888437 921.44550264773
167.8984183512737 56.88744363940239
894.6570346104439 57.61725078317146
594.2011437432014 697.4806171039021
124.68491449830319 75.09726327425683
672.3151435328773 147.41954500202698
55.87982775648649 53.667838150099996
130.66310802132392 198.69083182320443
256.56225025361584 666.9608451719421
342.0633111418944 286.4460050981529
817.5512255970664 674.2282866964116
640.0437194431163 443.2424695016348
314.5926621746821 548.0042561401182
102.35103968366575 656.3507835170215
701.6702326658017 534.2194582672947
621.3552419286775 618.8653667594943
27.748132269391967 452.21473174405753
250.48454775500608 607.0735602941648
873.7881748070979 733.36566326193
383.7649874272857 648.5607844910984
845.5841576721973 926.4776840304088
498.74451219595375 133.48257977432186
467.67683498400595 561.5287536115268
851.6472263948699 878.2903604451852
842.4808277202391 308.03313871809627
592.7301893414527 71.83825760064794
81.87231607637632 527.1405714302945
231.0305194113111 126.90827575685209
969.0388922618988 152.31369766127222
695.0215628133687 896.9323840043054
87.94566449164012 803.1617893257136
340.18106581732343 336.4242467202266
561.796730506063 367.2318516927076
578.8387126388805 629.7332438049051
388.2575538474855 262.7186037496222
904.3641320660118 215.51301696300268
954.4212368316128 440.90187794825175
230.47187260037745 547.821333151388
201.3133242237542 694.5915366885399
135.68575649670322 297.9374640442453
322.3747271068433 908.9981843231031
974.8226350959443 759.6083384690445
779.1257996481013 622.1522157697358
456.8435709504473 233.56065601798497
874.4985122479887 130.7230147717957
565.4428998575191 449.3692737988264
665.8992576552265 685.2629380894147
873.1945691565658 492.6750036922276
448.3198415923703 405.0099748219058
205.99852088754133 827.288260477634
658.4790218807613 833.1125170518709
724.5979495908186 574.577898714632
447.8588742424828 947.1921198117142
716.7596797361344 692.2947701931123
790.0906828001597 525.06848334246
656.9013569355849 498.31006246505206
86.94211251662719 917.4703840090415
191.77232028735924 525.9977574699341
286.8871482562578 266.23870499836397
262.2299108773214 386.00126746120003
681.4141608651722 404.3188000810821
42.54756294674077 663.1318671840448
441.2453189942854 834.074501047765
61.32902087272683 192.32507156498613
56.64206999289479 717.5421003911156
380.2463974914536 325.2364883305855
156.47500326807318 861.1751128365319
