objects
861.8570088049627 495.7921361125125
947.2796800543073 767.9620881107793
349.67686158709 774.0166821198852
880.6974913095229 329.34374870276224
932.3067020166069 210.4007990347986
352.1455817337393 44.35574577469516
671.0424974573104 229.77066454756536
971.544357576762 663.1532118696987
583.6496045068379 606.6784185177153
160.59518031543126 392.4421215402222
893.3916849094879 711.9329719768883
489.77060058029804 66.66010195518645
715.9869825790877 866.7411735756788
180.29323761660976 466.58937946747506
473.37729414907534 431.5073181931822
784.5019183966407 625.3518782618037
454.97418722786733 381.2962394836343
824.1716807891515 387.67956864521847
607.9351133824465 425.4727418160366
155.87353557538705 35.6846534533724
468.60866305556084 330.34231733407927
100.87133341406806 887.665983903203
277.0789215946434 903.4345092753179
880.202083600572 824.1243596481297
234.50232829642476 813.1869535471924
283.8168180028584 94.80585648510223
137.33644281423656 106.05844912059715
147.54826278981832 340.8062427448643
515.6583772498891 908.2327557328827
889.5397041347089 55.06370017489253
83.5275313628975 401.58701150143145
294.0131584182474 699.5191906790462
747.1418641604595 753.80566381171
866.0256857937671 606.3507385842439
953.6825281597672 89.80496795877022
25.01648050916992 856.0448401589188
293.6008395507112 812.133580161508
644.1540880374814 93.45927622206914
783.2178948098737 567.6492182098717
681.8727726293716 299.1658955230185
154.61204774981283 532.6456762154477
663.2342827714468 871.6122423969687
212.24890298045696 966.7935121943871
704.4248657145132 795.5467707021132
958.4474516878596 175.9060221844377
734.3525326838044 303.6177653554696
788.5782804277851 897.7061762892296
620.7441147475615 526.2658377426476
791.6218712511385 298.92494191252564
267.76825271501684 389.93153689551684
443.6858894015835 917.174071760661
23.67391237539362 147.0918995876558
461.3015667104305 843.6832693881104
75.15749287156852 534.4659384888972
46.22741631171195 911.0727734818274
970.3936482926026 816.2298453757944
952.4527753809981 379.9918766884747
378.87798786366943 316.5751885881193
374.7942576094889 557.2650718761572
293.55892948602934 303.67275795723623
432.13440468639317 455.65487878437426
442.7077573509015 249.2200459637668
250.1226314425321 273.6305973496646
340.29703721788695 524.4478968942426
882.0747949703743 646.1860525004348
523.3141811766639 226.2526679314099
949.7165490406283 903.1732833675761
212.16786050721805 196.24490084108243
85.16021281622655 687.093487644019
309.24109278725433 53.56943692974082
