210.495 313.551
683.515 350.617
459.386 798.545
376.751 101.91
410.067 211.416
675.154 483.277
617.63 588.23
304.541 251.266
324.283 702.836
551.318 376.408
730.239 581.711
844.022 199.219
143.947 634.68
275.889 51.4027
717.409 98.6611
351.533 544.996
291.803 416.273
51.4023 280.712
213.45 723.524
812.28 312.427
401.212 443.724
885.393 403.062
893.433 618.561
802.061 881.942
893.386 948.6
51.2279 570.436
842.14 507.802
96.781 450.321
514.976 896.696
457.03 582.297
507.104 480.182
732.367 781.947
490.306 690.065
599.696 275.022
312.205 948.6
636.397 893.795
240.402 158.476
487.636 51.4012
773.659 418.425
159.992 880.671
841.65 51.4018
845.082 777.537
588.21 162.542
345.08 840.781
146.881 220.828
573.307 800.278
444.995 339.767
690.949 208.713
796.489 675.601
64.839 941.254
