228.521 836.273
260.768 423.289
51.4019 713.2
321.918 899.525
158.967 375.097
467.29 344.236
596.132 161.236
574.65 378.642
121.085 801.904
803.846 51.2818
146.957 150.258
674.662 505.052
484.297 175.965
350.208 539.669
237.649 533.694
582.634 841.145
51.2976 221.996
674.792 776.856
788.726 393.052
787.334 784.476
482.814 893.68
893.493 591.814
557.376 267.173
299.49 640.18
373.943 791.506
423.41 452.931
258.844 150.103
761.259 577.334
507.374 50.0628
894.218 278.899
567.223 539.414
220.105 948.759
795.944 174.08
893.447 940.707
458.752 570.364
136.075 582.244
371.643 150.874
684.029 351.073
51.2353 890.477
313.454 51.4
465.352 725.552
92.7618 51.3274
620.175 51.4061
787.792 897.275
155.722 262.32
388.803 262.666
650.036 616.003
51.4067 501.264
894.246 118.758
837.167 494.084
