203.558 860.019
155.464 430.346
893.428 136.706
688.249 672.411
478.975 750.659
632.5 183.679
377.983 564.672
725.673 120.095
315.136 68.1119
795.821 352.85
463.939 197.699
79.3732 334.407
626.641 352.39
841.285 739.618
278.8 316.642
383.549 691.048
304.189 779.467
841.767 948.607
389.169 448.432
893.381 573.415
105.256 926.913
636.199 51.4035
506.275 575.837
893.447 296.343
649.048 474.583
210.68 584.392
588.686 725.43
775.033 857.665
130.056 159.79
668.809 895.617
491.437 314.965
815.992 491.34
231.788 208.541
107.475 800.925
708.691 269.332
886.902 843.272
810.218 220.207
51.4128 639.013
501.897 452.468
268.278 431.004
309.463 897.139
618.927 583.283
402.977 834.027
508.161 948.6
163.182 51.4035
819.146 51.4392
795.79 636.349
523.397 51.4047
384.797 278.073
893.439 409.328
