142.998 840.406
552.395 895.817
596.335 774.637
835.576 200.444
661.296 941.696
51.2107 774.838
674.631 151.575
776.967 901.412
457.152 149.801
837.334 573.928
335.242 948.533
841.198 316.128
149.292 127.173
269.424 342.277
751.139 438.694
889.844 101.545
738.995 268.396
112.08 324.012
88.9589 668.537
255.797 841.114
405.859 496.376
186.495 611.877
297.112 467.245
448.207 949.111
879.333 699.296
154.445 455.572
532.097 356.399
345.624 772.903
422.954 384.878
344.656 131.736
628.813 545.385
323.117 243.076
517.329 513.655
631.198 658.559
870.494 839.136
501.997 714.206
67.4554 204.803
222.442 948.6
458.717 610.033
747.141 792.409
619.787 51.4372
776.868 103.88
440.982 836.543
727.563 599.902
893.698 949.524
518.573 244.412
250.327 712.926
638.482 433.001
352.052 646.725
638.795 320.201
