168.498 715.808
276.364 199.475
438.047 353.282
407.2 948.499
326.451 336.837
606.991 213.693
654.693 326.202
684.706 130.706
175.401 843.663
751.131 838.179
639.958 438.019
312.088 539.768
367.942 441.766
808.69 544.996
159.621 321.706
864.235 249.02
835.849 686.984
109.842 948.311
235.015 624.708
159.901 204.449
202.64 516.646
613.501 660.133
752.408 446.921
486.961 454.923
695.969 544.587
345.22 648.77
795.005 107.082
236.23 404.5
571.966 896.789
841.785 948.582
754.193 273.819
534.348 559.039
51.4002 349.269
414.858 834.089
728.78 948.743
893.518 357.953
198.434 96.7595
78.1002 783.278
893.459 470.578
324.872 765.737
676.77 753.519
575.269 103.282
893.045 51.2291
453.526 678.534
514.999 781.677
294.396 948.588
89.5359 540.405
421.758 565.91
126.177 433.72
415.038 107.27
