objects
647.3118795507102 913.5717699263662
246.35208084277468 641.6806440097935
431.02562862818996 747.500429353788
732.4804978188163 206.81439724232374
316.2337358866963 614.2039193454577
548.8347917724159 667.4362623806911
707.80068076668 444.0220654928
238.38685303391253 358.878496068697
135.5382337319716 893.9298944768161
296.00442162491174 678.4151598445433
656.8372396057007 446.7027553018523
854.8689274482847 89.42526066705362
882.7518791682813 863.4502049170009
744.5223773384921 769.2072943859544
632.5596184415604 749.1208437634513
321.50129452778316 151.8849798000224
384.69832232960414 426.35059072940646
973.7543883649338 940.0221072255719
385.21362012141213 187.25438435961254
861.4791551580191 344.59964932845963
68.28542139736358 877.0686240110047
275.52098803450565 310.05870604992083
925.2249536106465 478.7327073183534
119.52329007180968 360.9523157578041
685.6932751579496 91.43220430982763
879.3514481879126 556.6943211391143
457.09444484319226 234.80965248385252
374.7586997955695 591.680659534192
614.3267366699899 690.3720858068509
548.4574350395256 435.63309268542145
82.71313488372306 623.1320548795774
365.6900087592138 780.881445922336
721.7053691295947 363.50162150367055
774.045621868518 565.958193656976
517.3964563799935 42.892427148514
497.27229885839665 466.7990298280629
796.5798056924687 225.21827452428863
838.9929463355345 423.29288176325775
812.5314914531847 468.51599214274853
104.97407219089405 311.35408492887825
861.6447995787429 262.9706136844779
612.3871546505701 955.169770648904
524.1789602325175 553.246739422855
261.0584895241387 712.9672029158129
934.5646050542938 758.0131685979693
576.7589778842606 805.6685565458664
899.3294913799613 57.57482754265432
58.91985974379807 472.3192250684371
534.9374525875253 297.4668752563208
766.8355302290844 334.00569904781776
274.7650602319224 840.6556367207908
466.6565451834449 356.1166248216865
593.3595648724862 577.2981266620922
49.4219518609565 38.75324017021236
247.3278678307842 408.36005587205756
258.54188725280864 232.85394067828386
902.2691620647516 298.0949334318726
55.122194250136175 352.10280722822216
909.9520317040797 108.69397077746922
674.9939471204398 263.71002788440074
29.520884855955494 271.03093144576593
819.593258506519 585.7968126164956
645.4056159804296 149.0808444392737
68.55786335748013 691.2135860810415
106.84506994980588 490.3463241349051
337.10877253108237 512.8867955917422
969.239763512349 354.67466928442104
165.6304399402864 668.3375656562627
749.6611312832916 643.435745912203
751.0849591524113 895.2800363024382
200.40179587649604 856.130108991208
107.9635867129503 729.9574923076285
136.36654645613106 624.6896368099117
750.2667108891808 821.2580902818551
547.63964993496 879.0395155046426
37.71663320711457 150.21593800569252
613.002973819872 873.7176790256929
372.2895877431745 954.4049879538926
175.41952638586272 319.34606856427183
887.1958835320721 437.0968452398912
902.490696067376 947.4725680723349
598.5697282022622 311.7805230423964
33.58314809933215 534.1629821451588
99.6410968807375 31.86820605820136
927.9336548100549 399.43240061820035
430.7459518478295 168.8032559331417
341.5415434241713 38.397870021968586
124.99142295620184 410.28485018367974
463.8824207328049 610.5924422485539
461.57314754138355 123.98756697652681
200.40876869061123 619.4719937822055
519.7686929399599 780.0116211693917
784.0124420345284 147.0816545237221
393.0524978877822 130.2923806356492
295.6630706103565 947.7799559866003
270.16518264696606 50.498930972523915
967.7288259640103 703.7666059474268
838.4309733723118 949.5505545054818
696.6192303716749 875.5261925097966
525.7774016629809 214.19677296432275
312.67309940755246 350.8296618250966
338.66712786221115 292.6375968306773
779.877069084457 414.6816181813914
744.3765353405493 61.46174449090607
853.1515733637448 149.5177318152638
647.4405439794116 838.5798799305668
394.8356005031839 369.4212201317126
292.0080313639166 759.8795608777732
154.6945272159937 955.5962065475452
469.0702595817191 54.894320092372794
952.5098541455644 280.96299454714125
953.8360439215888 601.1327460908307
957.2845419271307 181.99010442529809
895.1400574673718 642.6972070016118
207.33211803559246 741.8448028688492
578.4871883709095 382.1143878892833
432.49304182649064 960.0107134170277
244.4673845225037 884.142835664928
685.0799711652473 777.3833139149416
207.87091067710318 199.4252050411848
320.63432525900987 240.73449540673687
197.4800793411684 559.2622381976196
31.520921872100278 637.8156970221081
812.9772965014422 862.3099105755686
801.2447830005884 70.33907638857418
419.8330271375211 541.916370002164
599.1542373381959 28.934859819554426
193.45930679203025 37.42191137649174
30.95751548262988 100.55977192128422
497.1609029427516 869.3599903528233
883.8059953732969 740.5310163062908
483.00416092001086 412.56052464828707
457.71219494848197 701.1486995922913
262.61296210812804 488.55037794691725
647.0558393720911 596.0189168134307
691.7623738161996 675.3779186067693
786.1708723304705 688.9814405028981
734.4769964576209 961.2429141577705
398.5911003078188 706.6302870239334
647.2877555320846 384.46670309217
29.234433519804202 729.2469437681317
596.840141271679 162.45756202918997
438.1961579326059 890.3682618291734
918.0289513565889 243.9135691465434
63.54013250918976 946.6938104420535
215.43897416008494 122.0625635115001
234.41406103611865 277.192716042195
191.23641387439474 396.8990317948579
27.18056950921095 813.4324243646957
367.7316467669694 891.2932244129495
