objects
970.7107385815196 763.2154171690685
201.87494028305008 350.0007195851584
373.4515978274043 619.1668767444162
156.58513526887305 462.6159418164723
410.43513383512624 309.22132156888324
159.01209406262407 47.5941965000518
895.4491030446799 351.80611300203344
281.5562422187161 580.6836080216785
743.5046812192945 580.0193579952769
170.83657978224613 883.8914023384278
356.90561673289955 245.64382956005088
473.9781377844264 715.6717506279567
585.7065723197604 785.1362605983127
360.4877263216803 947.0117747631739
60.933533366406024 451.46943645612134
932.6623184261905 643.7016782797635
99.27997400917644 797.2252951339171
818.2100909417591 188.4928893882927
575.5956237530573 145.94986767661047
926.5989749109101 553.6443535990118
262.5474528668531 434.0841726411765
263.3748910369038 825.7027072151005
344.431839231284 151.61591108607306
113.1851876844636 689.9766151870107
709.0093244437851 125.29194069684836
406.55766943687803 493.3847829236061
227.74441820601345 636.8886276016159
615.7719801791718 272.34222507790696
491.7411093091102 39.45223862855723
775.5965263315561 948.3492118803583
571.6817851980908 64.89894404746597
676.9575768189131 662.3995126587494
243.9299667859773 716.0445996023603
258.0730295159058 67.90430864355402
871.6916865520761 551.7302168244572
687.0052572385033 271.9790435956964
807.8989496331452 709.9827125547671
466.27514962531075 791.3916160384296
177.93008335081115 259.2827543152793
969.5455454650463 51.454834975093014
864.7428400221861 308.4519411349003
725.6897740096003 857.3170838060398
402.4184823562044 373.7698600051767
153.34592436631937 642.5545602745543
112.7714221841622 571.7657864304775
499.3745489981123 131.0755300706057
837.4224007432053 781.7182147353856
565.148085077567 270.8442187572355
336.39488031635045 743.9534067308226
160.35921280876323 583.5322356830932
308.7565319266826 325.75899753295886
780.2752161666923 143.11726780943883
112.32708161738324 178.7848181577433
448.43838905637983 256.06869066620476
657.8179815862286 762.5459739838172
747.7957598907489 371.2079442590517
358.9934973403085 65.54703225555772
43.13389320281638 88.74236769174294
931.6388973634273 445.2716127218642
755.0988806558227 309.3432858298108
916.1135976808846 47.49334600069322
371.86208861071253 428.96734225526194
893.6696216964833 251.87114279493963
606.863764848059 722.0687799267555
840.8950654520324 621.6800323489831
605.3936984918292 670.7883223297687
877.5575068406483 835.9378712330466
83.73740982398763 906.9268125415492
485.4945376330109 417.04360019333103
94.6116511432277 128.01468684591015
657.2116077257015 36.9793806497446
940.1330303437712 213.5269818514802
60.61873702835342 952.6262775117249
640.937513546586 400.95400673679535
641.627956166219 544.0262491331587
695.6598433103655 210.52647709421407
716.4992703133688 798.1139076766805
426.2170493485187 757.3261209744577
787.2063373545894 657.2612740972571
960.7757826725591 872.3658447939475
208.60158275671517 183.83317149404843
409.6123577297138 809.8654908907221
672.9579632593376 585.7273567292307
143.80992382084446 399.4226320282166
801.998266375729 498.44432964228025
85.19470707319218 856.6607261955435
531.9396069099517 593.9061476452255
826.9465489125824 114.23860560341511
938.4440350501209 128.57624642175324
332.0931744403698 559.0904902187498
463.0768441028301 197.52114239763574
291.82490952590825 195.37387054513573
154.88270431736234 753.830759399491
50.54276269545619 301.7174072821298
776.5205082603496 443.42125913633976
381.25351270270687 115.07461232481522
43.749033554601056 648.5876047607193
435.5584876006337 413.90796768524706
831.8089534130606 857.8766828498309
694.1204435510239 436.60626703313847
891.4160412817998 764.3997632033769
878.6192287021963 693.0675748140637
254.06759741439495 376.4098099696115
183.1912653183901 809.0568621350205
530.4768767036531 788.4701653406548
216.94861533702536 30.171594978855673
578.8283116852622 892.3990016667537
528.7785732400772 644.5138110924959
473.12637166226705 858.387959266861
330.50454406489837 872.5026837588169
62.484639664923534 227.66831862729958
762.4130200595388 740.2329603205042
106.97560939727055 261.3227409186371
363.6644335653428 331.2956042117284
649.2739359757753 819.096251418029
201.13525390551152 681.3100038780851
172.3699212708249 965.8329586815508
592.2794054846155 361.35982329574597
31.41632697928095 766.7022876684109
501.30582998530804 340.92482498392116
416.8923181862422 661.8852712630327
750.7811523330868 192.58775853891862
563.8593069892896 972.6330890195713
739.8187372373578 506.141750722566
302.500738293954 270.6618603368908
75.13128063938471 49.53338486267134
509.516897238399 277.1051604968094
939.299470441981 952.8070116258281
300.21398117483176 502.0070620835464
686.349957644168 953.5761746524552
112.14898603908419 493.91901200724686
560.3423041823365 435.5654325728227
38.23700998748071 539.0997050409562
204.71834906184276 414.76203019587905
622.0832580796886 610.6735394622106
945.5338080617214 263.74695488444485
810.9596449393453 341.55499062285435
673.5708715454124 355.43996715084853
25.62605762084064 876.5978731847446
403.81638431190885 868.6354092402146
185.17614492745776 116.96078140763623
776.3284523265353 813.6339695140365
505.5413948773808 504.15342859792213
361.52372414658856 793.4225698451938
881.6798624643494 502.33916190027975
628.5694089403047 109.1899496959401
353.0731410599537 380.21122678598846
551.099987476152 196.8697056939187
52.62311649751268 817.1347955180414
797.1922749040226 549.3679686980613
