objects
468.23494857177917 163.5897682754184
469.5640717962464 63.86249571140219
588.3059913285643 331.7491964422931
175.8495058879861 643.0320697568696
37.23709196450193 413.66459134098676
517.2221741203127 781.549422253651
287.00330254043837 653.650742922844
941.8016231420298 287.34380141030425
432.61059740198226 393.4586318254324
757.7919940365553 155.5319773817226
648.9117787507088 392.2969931850237
150.14995976500248 477.4527089545439
834.2148157430129 531.0241177016524
951.3246816971704 550.9611609292671
840.4756066340212 163.7330637285028
47.519212216805684 724.1932029795759
314.6327219178473 718.4078420379061
245.24109077462262 326.60446453268867
740.8912456956225 961.2099408033529
698.3681479046475 737.9824975928942
102.31000069663787 442.1328341320243
370.0986746252357 913.5673743879496
891.831823843328 463.9255783952949
253.96924628273356 833.9927650239551
377.1525208661433 735.7314734758193
72.82663379007471 933.0958703377056
603.9454496638884 658.5588036870993
122.65924578422596 306.2105880863097
362.1493050608345 186.99306102111387
714.2208917950295 558.8508902716695
102.42133409200046 820.1540331033216
895.0607511033252 361.5672030427466
965.1162090741003 402.5750916194804
762.9755873839431 570.7104542596037
496.1187275825195 945.233263614745
174.981064493935 289.39146996762037
105.625020013175 68.00425860459482
157.35700068516903 946.0676252314738
446.09259642366453 322.9007216557151
913.9829847203165 595.5892830371448
890.4977315798156 862.208189732774
781.3134520666007 756.9057633237219
862.3243649445842 40.53358354477706
636.0883358880199 485.74544616288136
38.44024697796927 792.9671085308569
254.01146661743442 614.5635702205369
547.6137774084265 471.5650920096087
467.0692270627673 602.8295818815859
593.4468993907731 580.3795090217315
319.9959296539823 931.3989904464204
696.2016684763635 141.72173960357685
678.7267418256552 656.4422554168149
91.8630364886827 584.8328726953812
801.5481794460422 971.6912845261141
126.71981155423988 242.68429244220562
612.7571903515244 727.939844105298
469.9697557329099 696.1367639669692
880.5747460169101 940.6331792870185
596.1135151368646 907.9769430984162
216.31153362745513 696.4116633906451
971.5977113368165 960.0288347809574
228.3940206795005 429.7896804864189
805.5172641681631 66.25067520016967
272.4530965950914 517.79517419818
314.8897542360677 61.81159777557521
938.2359694825886 805.3569241736901
314.5463278117854 321.67743997839625
244.1417925434615 378.98117568780873
407.61767694200717 47.88559249064202
371.19373153553465 298.9233015491256
810.0237951176588 392.593556677627
952.6038767090603 188.7524446818547
573.3704283318064 181.30170289020919
51.20033733983533 142.08230717301316
366.67038245565044 792.8513413441067
39.6722367307096 239.26625063552285
831.5534581757668 778.8410806506189
439.7695199665947 892.0485984282205
527.093501026324 77.17113252549073
324.4624964091418 411.95940527931884
680.892594411328 870.399271257539
656.1714026678675 605.274216255985
654.9734671162546 88.40065630746565
963.2556125857724 462.45465656413813
871.2885300184965 722.8511987452234
492.2152256425101 889.1036814188377
824.3129867424506 843.7580684110761
185.705684131381 865.5782282252421
560.116047523338 39.29887255196684
730.9353300975272 864.953145125361
622.4395141223733 149.85928062412444
216.47098625036432 953.0857651569753
837.2188984289479 677.9798659574708
948.7395668490941 345.12840318002543
770.2502824915425 637.7330306924177
912.8190564398902 32.90836263024133
376.95708582127463 451.09426360908685
616.2895372775712 247.01926299955747
113.14031783075282 358.82595908900294
232.24539646589565 771.7372940887818
711.4794467682659 51.350015546744096
267.9466049905847 928.468699736819
756.5481746023064 815.7236956053546
750.3482381757246 82.46815996497425
349.44551544630514 665.691169229311
609.343024010331 782.031255345831
383.28139462685425 621.1581689111111
657.4563842392151 280.07883262463315
313.81672061845717 208.46754146239465
87.58165326192871 690.4054350438222
287.6711706992596 136.55448893561177
190.10273099468355 813.424347204995
510.4189113686582 729.6467994703536
840.4165038855383 446.9556040460188
412.66179951607705 947.1787562256317
181.3032821465448 354.6705182953659
831.4924004020186 323.49532666317765
769.0786121829146 230.85137331523373
231.60210860844464 278.7387623919143
936.836061017357 115.68948990882117
458.2885899860373 519.7054742465721
734.8490796862303 689.5934537247088
312.0435584637213 462.01952638879965
750.2194072107884 355.0652852793666
453.4204938650323 841.5846636893779
528.8093391171138 363.3809505030614
828.5764970050479 115.53091375276027
927.1493411880609 713.0389693134633
500.8619046092783 442.63803508144196
390.02524278248706 556.3838831133205
397.7024127538006 355.91199081604475
35.89128379282194 846.2658409840866
419.2633751455587 126.7589839819899
118.0275050245672 538.2277082128204
187.27938464898378 539.2952600764953
569.7007527810167 272.8303099968829
652.2251972124312 334.5017253447478
663.9091625157146 545.540054952377
625.5158918144261 32.490360884329974
128.96767198020856 741.5553129551334
799.5235509557461 895.3596767357333
717.5050888285508 297.7545265443952
170.64245151068343 428.65256377277314
204.96652452715017 158.70429052756202
529.5558395746214 542.1826722520896
520.4394821253899 185.66288068528755
324.00313110411764 835.2738576105775
95.87247698180047 869.3110959777442
857.8182201545019 218.27476447440006
552.1162282222875 856.6489624452963
