objects
832.7667004084619 759.8262262112012
303.5492517202483 937.1118564266343
778.603689782562 514.9316958644371
199.98791419459099 43.6759887777097
954.6258439460821 646.6011083353275
512.678628799749 250.82015630576453
380.88984268490003 66.327217250152
341.11004095837677 847.6794810035572
333.74476031358967 158.6581602654717
567.63899329966 345.2767739111379
184.0640122134104 678.6162097504081
683.6741276630943 66.4903113472372
794.1324244190735 974.5473084828761
771.0996029449917 156.74036154344824
961.0403721365512 765.6835633061248
531.3784259024536 956.4425081868159
175.31193314295092 407.2340662817834
511.3320924622281 863.1314309787874
91.94679793141555 73.37201881962216
934.686661464214 439.40763826684633
889.7917114739495 704.4550824488742
925.4318334537447 209.41426092364188
187.19967959697078 139.04288845774622
53.97037643296652 332.80665999608254
615.9581394527332 373.4012227549785
277.34636336590995 887.6762549935887
457.1876439204917 597.6728429074298
358.3103790630284 971.2743516067964
674.408719452189 765.8162745080255
248.46929401936595 333.25490851909785
886.2912137305296 572.4476508412986
519.1587050480034 734.643784909721
615.9336915029918 711.6816136315251
397.03089343121917 780.8061287032467
665.6039944660298 939.8166826849749
366.57690017420725 274.6951620558496
873.0376742166935 489.9418943773565
114.59179815113625 638.7868386549162
632.7229081301831 866.6718033269734
720.2660524997727 501.58948264731197
300.11966588707475 48.431767460861195
684.6656124472034 413.7000308182922
783.2806931101179 98.74212192134094
692.3129978640496 363.00896619239415
661.8776281851682 625.3122974757529
424.99456123148906 861.9276970007033
563.4219082124636 803.5950395391009
264.1160377274063 261.17814114637144
300.6905207573012 415.2655676491511
477.18470302181186 475.2467286244917
513.6373297980715 116.63632569594202
133.49194783359374 295.2616533175485
410.55924490921285 105.60564589170811
416.3192642715518 967.9091811216366
194.44671332756667 193.6510302442069
938.1534371765675 910.7345542172039
147.56753662313298 484.38407731304375
544.2449871399599 663.6844350547153
811.1549807858651 910.7925583478617
774.8795107982392 679.5585191441077
722.3726219453409 661.0669685092016
493.66818577982195 635.2059822201228
227.6886241826602 714.4359526829996
888.3865459024058 176.64644460270887
568.3840761560207 46.81197079331042
125.11010970999425 806.6582568700147
783.4730250729295 830.3138849962028
198.04166490011076 867.4055142991269
544.433166519876 489.18021309724384
949.4222117388786 335.12600785044793
86.7416533258942 901.0234764455757
872.6204915653935 130.07837206669987
842.544763104315 676.0976691890904
403.4832343169746 385.74558061029876
208.35140761638942 763.5726451595481
318.089153346853 463.2917114042803
482.1966163765723 35.21438976491286
654.6115011594452 327.4591113322932
50.84094129337561 423.1067587516973
746.8809578385899 611.8819847964049
36.869890286168676 138.77384148003952
47.23121645408274 266.09327968371036
829.5139915341942 519.1757586283582
238.26560861077363 118.4604265811704
712.5932119395746 885.9856363696534
284.61520323371553 754.3462453477434
482.02488980423993 195.15958840029506
738.3412036341398 554.5359742690036
487.4406565432762 391.0859778869539
835.0440671006967 328.52620254199195
578.0423567383024 152.34298515784408
276.9643428750713 586.0629229944075
117.95505733268224 399.9386151262882
761.1462945594245 262.72899430799987
168.08421252575846 569.0976024621943
845.8511038760184 613.676580539732
459.48058214786516 113.43699296352692
561.151671391862 207.4650301779858
527.5583747214563 313.4338327844487
133.4166185026189 972.670009858419
598.7516997517839 974.6524074026729
63.70147861730999 621.8380629185646
894.8024820579816 62.208582155972564
741.0124531605967 949.0165620664528
919.3961294347827 293.12631160709634
821.2530070431151 267.947463528045
947.8484903503013 32.92689061003357
431.3580649637371 539.8039943762443
592.5760219919252 459.53046382600013
381.94749605102356 505.32039673905706
592.8399932578958 655.2326224571723
292.61710385640816 357.42491219113737
448.32830145265456 307.80341762005327
186.00943581020093 265.36512227748193
622.6139698912074 231.07901362709345
284.2867060159013 185.21661152530433
78.21256565645312 537.4476075915242
905.4695970535064 946.9892717902869
494.76117912730507 803.7653152376034
95.84090813847152 447.4160858311452
667.321885013228 495.89921322089407
523.2496755567402 554.6456075428856
657.599722346859 121.08794726566484
348.50857993999335 110.97408920551429
802.8342149526811 374.7591394478573
716.9322479417623 304.6985316197631
736.7000676758972 778.2666498708978
380.60940410545885 649.6423361073251
450.99355374449374 430.1656819358599
44.26573103333817 733.0940910916761
197.11639537827253 962.9411805427958
91.75847627014858 704.9980090662972
372.4044381485497 701.9629468887698
879.2194318340045 386.56950927532745
702.392822484505 723.1712307069971
845.2073354767142 961.6991678438169
219.11495296231132 515.8392287256795
337.9010765808436 571.5875389799725
794.2960095833361 631.1224611156921
130.5802009616825 31.214669914663943
184.81531864521577 331.8327788223063
924.1359562254826 124.74320900153941
271.82143357444676 834.9514628478821
563.4128789372642 598.2160825119946
34.36010372145571 62.76782523234185
888.4516720507963 647.03543734314
477.96955668440876 942.2206904576294
339.6033864043372 218.3537960852552
851.5506124059644 216.02427229630547
88.6821815107137 227.7369805252258
