objects
387.55629257334874 944.3343394471789
411.7311239812382 83.18757701378907
163.96590515434113 643.6496024596884
769.9833715476293 257.07252221884625
846.7517354825213 950.5937233932721
323.73487604806877 145.55697391618926
468.54488168270194 407.4745168371226
544.0837420074392 436.2674850672803
485.51706608609175 249.74465728487993
377.383296723402 556.2485473179812
739.663253277722 523.74975425921
492.53943922370775 739.8448866693151
74.84259284996321 325.2435233741298
261.20977100053153 312.41020333522164
114.8397525988637 260.7000398842563
156.89148466833086 433.9491358848059
36.86878233712773 379.78202134102025
604.1650208033399 355.38815625666194
65.14283205180192 842.5173588111428
396.57926989770385 764.4344563031523
667.8170092146615 773.0580198846541
545.8108277549588 870.7603727786882
834.0273485306628 611.9857417872992
105.35824846333507 765.615825730393
316.33440038745914 599.393189042091
390.5201275266096 862.991386044334
855.803716513429 369.78753860890333
440.37867879480655 657.457286846043
34.54321177522253 456.3354607136189
280.4793333052852 184.3274740769062
892.6263276971704 521.6182770852166
209.27132340529874 450.9359338124731
138.3782701357989 906.6082600478196
699.9679122970953 122.95661399769456
618.7184079010983 622.0387162242275
945.0080567087093 209.19144664351646
373.75026909161284 381.571547511028
843.5808465475797 746.3068176012499
242.65584222370182 258.2165359954956
705.6634921135754 822.2411100326442
899.2265915138702 177.48873166322832
932.377358913599 711.983186464781
724.8004830385943 572.3024865606396
764.7460100883517 861.4450738314993
429.6173231778987 27.033147629132387
643.6361709829264 451.97540027426834
749.6375802487349 195.81382894397169
969.2039288175353 425.3686421309531
286.03182501926557 670.6470878305531
348.4513233231704 432.3561026366738
511.5903631330333 628.7017157154067
795.8367815062142 32.27552600744004
633.2784801862134 49.286624675305674
854.1059176052614 879.7438401849204
160.5947489472933 711.1559235448372
232.04129616879882 968.8243285434419
948.3835130469479 955.2630812437674
48.27460769373184 555.2502655263729
551.8174650608184 246.1901263777795
795.7832565583282 109.83467179579793
698.1578640897596 658.4255546684383
544.7509044713128 718.4370949458695
639.6136979410503 962.5892250242739
129.07514366038012 554.0703502654522
187.49931429787412 287.038933458708
609.5057905363008 700.7566902561597
509.92330783755364 969.2820113546667
844.8934362418994 453.5119295650648
253.31963176924296 118.35094498747765
901.0634985003119 624.1283822187418
392.5598895268514 457.45665793132
699.3294756019685 271.83449744655894
335.3262636094686 258.6829270600765
215.1608979033657 392.3801329973034
428.7739405105674 278.8118187035465
461.4945557888496 559.8881474247519
40.12003050187503 643.7897919676586
958.2098988531045 367.79971444676875
28.60351506016903 133.43511756879258
351.93199230329293 663.9097849338654
200.55782169072356 575.9831892073729
760.5203621697366 966.2330209617251
784.622417491196 372.1522861457548
598.6895079552074 113.66273560760028
173.48903232565172 355.20854365352835
654.7837643688911 577.6218649617963
249.06507794765963 907.4240070880438
363.7941057588379 716.3384614527102
844.9053646633268 90.77098579344771
958.085160285967 607.7629712853077
38.19117519878783 914.2285530382072
905.2852380344596 261.6174539385952
331.32322229087237 478.3735072901476
181.84407073541553 832.8946539245437
426.191345034276 182.16831208108312
279.1432812244359 547.5431186853248
486.16125863755525 139.83707715695132
143.40605489362997 489.9800172326314
789.4430257092124 696.3708127148694
763.9669659498635 645.2041906389533
643.3828271010785 277.1428420069193
829.6490927400665 231.11128642290592
510.5040725813458 309.09866304689126
210.88170782504852 46.62025033150745
561.4802608314209 549.9536033893817
373.4912126925471 195.8681328569851
607.6454577023097 840.4125048099168
900.1637233764702 339.25415791277175
441.37158760660924 882.7460763892293
108.93102131301292 163.28708768363575
733.5764682215593 354.7990706835281
291.7879293342865 412.37847696006196
739.7350101530631 85.42617125771348
172.93213512122554 965.4638881263934
87.43019996961694 704.6628272006296
31.60003435626164 778.9745743674205
898.5477245313934 43.43790874709537
819.672851390389 322.59183073392745
496.0496352128836 48.34627139177225
422.9073166847771 348.23087873653424
740.9042022042341 451.00767377883096
246.62052261227433 821.3157451586562
439.30133589579975 485.4362932191673
973.3863040965222 882.1562341066889
109.17622033368946 620.532003466572
610.9564670656129 212.15199024355206
576.6117943451586 56.82246207586258
921.3253384764339 109.51438468910493
320.2860038452024 358.83116173737625
517.0412863786662 179.24062217413973
305.36425046454565 808.5208686018507
441.3661547604356 715.5881338533376
102.54801299567332 63.32466179154591
233.1801120647677 697.0549545496765
705.288787745276 27.2418710816733
585.7818175793607 298.7394442360954
826.5524400133401 821.0718038111481
435.82150253048883 812.0005560533338
188.62425494177512 216.26101196573472
686.9835495028875 882.4571809515433
956.9973540748598 662.6858700389245
524.8430694253777 98.70688096856676
362.9838409815194 31.925045471008175
685.1345919340487 486.069890031429
561.0372138277575 602.7851310203663
68.7960295546157 100.40791754732702
340.482523844678 970.8271932304303
717.8393714089706 745.1335368598956
126.59034096204672 332.7016278335625
65.18346869345798 202.33678678784364
