objects
291.1324555913275 951.7659225539475
366.386099131393 100.74104213267428
746.1515917156003 37.77784386878341
838.8709215380228 759.1087616238442
368.71013420585547 660.4269578993402
608.8997420129175 56.71507140954813
846.7177951021974 193.11664496427804
466.4929810729149 855.7338964132839
811.9702636705447 930.4327648875318
384.48557043713043 171.66992638975776
257.27924858141023 299.79766342701936
38.45464549892612 601.5503684165312
884.599955294553 901.530110253787
525.9420461473779 523.6267928407391
147.98041572147315 334.85552700195694
436.7540841063995 464.5189920461982
755.9847264391503 798.0217077543019
48.52271805923294 542.1068312447836
857.0215845587029 608.3216245109597
517.4484195795177 454.497535330613
347.0699508089443 847.0612527981465
635.3535287838396 99.62300566575912
303.79735783578565 108.30882620106028
727.2708940834154 529.745979007704
665.7126856542169 470.34421408184585
927.9390613961086 689.3317839163213
142.97227889610616 658.0074277418594
163.87874462785246 879.8397030926351
285.29522681557347 478.56474450135175
98.75550306628777 685.4152153559215
558.9469002493429 189.55826038270857
131.80358653471134 551.0845275320285
823.1338874784293 882.5019224477727
303.3781384095753 331.66310148990283
248.8205950313807 31.52223569774822
101.1277237616809 283.12581970735
579.2261215692363 850.933526958696
633.8791302685078 361.8325642398416
758.3580525806831 370.2024946496699
720.9948695721761 304.0531228219819
630.833064107082 267.1408810455214
583.4058808104688 913.9674508460384
880.4086337083509 345.2644878718309
744.6628508195558 149.88732262521796
853.0195831007709 966.858201755395
796.6550637520385 584.0432677781757
520.1130125982054 803.3622084217209
221.7411069164506 757.0637258171066
132.3394981066943 820.6463953140717
905.8967439728107 590.695978994074
476.98671551068134 140.42884055108533
638.4978412369434 799.8425579420775
385.60991382539726 254.90705618860878
665.9738567497266 218.53838786984164
690.489751283823 346.93547803867955
816.7772492068062 252.9089792966506
71.92928292676697 212.83808865316064
306.82473128508275 792.2657065592899
663.9458158247504 141.1756854251673
255.1102776670114 410.9292966919475
498.41468020174005 665.3259538901852
878.7531500911119 516.8398700990612
172.54653251902155 212.99654559733216
94.48416128465165 757.4389850215335
922.7621915085615 427.0847799408139
775.7339251591522 852.120160081385
226.92802388218882 223.74783442739084
313.30537651600406 625.607385455817
550.9781560440422 671.2817206337287
962.2350154676807 918.9865104860041
394.3399600852502 575.3079077427841
455.7303813828773 307.9745270909796
607.3576927896775 967.8220074849168
186.3579018333971 703.2356784230802
76.72814764578882 443.31861187327877
113.79181308175423 85.61519419006947
146.77762684395026 937.8968961852156
851.5912877616049 433.99683718467406
414.18003666333453 759.2933417475099
535.8867411515795 327.80085454952984
667.3576064137598 567.0026057107041
479.6638767101566 379.0254404081344
267.6235979764965 165.28992525764744
970.5891855567806 758.87729202591
743.1148802659244 207.74763450433093
466.74490457704854 39.82312430159107
82.27186021273941 25.302894396533674
951.6302144863944 375.02492752191375
300.0284418027087 862.937104872669
138.81555390867243 409.7547813421753
152.2984268705182 280.74428994913063
201.9296887416116 582.7782645369836
583.7938594362441 583.0065607105154
470.62771339753544 255.98269682260923
865.6729190575882 295.950431880482
714.6984453979488 712.7006030976272
523.3463965564702 256.1348523441997
787.1734995225463 304.1336432439016
624.6575524735158 410.27102730818035
434.47528784782656 944.1379405310466
585.2647021771562 458.3558586584171
196.16622529891137 816.7000035143778
919.5145397913675 123.03175578638704
945.9187684827564 529.2583142638366
301.52668413935396 29.956695847695364
712.8585005084406 969.5464470805175
967.7912274402414 204.85134647539863
702.3944626438174 653.1780235251622
865.8089838868677 705.3549787759491
701.8412600803653 395.909545293459
49.3783162134217 892.2286719376553
549.4251065069683 103.48623769069668
777.6869089178639 467.0158893080354
213.47647539473644 110.34378056583782
666.6310217552065 886.515616322165
586.4127511709822 348.7094939240606
713.6984162492834 862.1189341135821
775.4917917911588 691.4324571373851
917.7341019434936 966.7913884283637
821.1428332278305 39.28969205043988
383.75739458230925 414.2242698679904
80.16596569997925 964.69547470285
204.08827393800092 278.6344625577227
930.0287350651164 479.091000449852
85.21761746280342 133.22316419542494
825.9431694656038 521.0994284421719
203.72820188885768 505.05822437804596
662.9279505397019 39.0680987730497
520.5607529352359 580.7083802773687
218.93016080914043 878.479298475202
514.2763823248526 751.6956998103763
293.6489472292123 544.2479785344053
332.50664341198126 390.02464827196314
25.592322396302016 956.7462089433334
378.21387086042205 967.9074388368149
579.4800581845503 276.3591392222979
41.02694870986001 376.2932714072678
880.6420839884546 655.8530977821019
770.8649432445407 103.31243085025976
334.03263239494004 705.5878862637383
497.90909183134744 958.6774729108165
652.3124421074655 670.9724633091255
26.276646260300513 190.78284440805342
621.5564897314028 615.3529278705504
43.96129429094549 763.7212574059705
961.9062404377491 293.86482095354916
433.35074604454303 619.614553828862
895.3357213265672 240.7393997549758
696.7532850587853 789.607219730626
250.48597914817552 820.4920805535197
