objects
203.29279306283726 527.3883027373205
467.7144227917176 730.3002467406023
237.54248841734778 868.5717487718225
323.2043953687581 580.9228445486525
403.7816697146495 304.55935594062987
800.335851258574 189.40418857706712
601.6403383889779 412.94412331422626
62.50299178334974 695.2602339704404
676.8339061401257 482.607602870546
685.4053009070107 249.78637324699375
661.3393166281281 942.103276951747
517.291527223738 454.1636029897132
466.532340420915 575.980084354481
264.9040326615319 739.4536819702817
969.8305768126851 843.5248245569267
387.53481421031285 157.5846658414457
484.52738106699553 383.21257963739356
244.67589781824913 636.815129737089
192.64922702515005 686.9693383293611
170.54409060500788 900.4612993849395
876.6873865021748 389.34563440961966
264.53542019830354 391.3016524401803
905.45160954089 869.8309538456774
39.649091648871796 341.62985031664766
666.5027819488467 588.3170975539929
817.188360529274 914.9828393656735
887.2329515096635 534.5271619281691
839.6608287007786 640.2742057006152
496.2577651512241 206.62283797766761
325.93216834045194 214.5890140008164
319.9429052677441 757.527911814613
223.23130010027566 315.53961099738666
316.80934586799293 145.51992951262645
776.2256452765445 493.12614383576766
254.9488434982325 273.4011411012001
650.4382776545033 787.422561039368
278.3238410914377 47.59033106375985
952.7183622793798 497.7572067107712
136.63269081313666 346.1452213199059
619.6073715510076 162.46529490104206
918.0121551087251 258.88478124797865
297.8387937028325 968.5910238878116
595.6067505835688 640.4127206175767
132.01396155940563 161.91725106652152
580.3842646350861 898.7733260706077
856.9027806447888 215.1898194365945
186.88554927069708 615.0919163838702
937.775620917399 796.1018963116697
519.8756795580463 265.81874063349943
199.69001286028347 92.78130694577402
290.4929269898969 666.9130858189703
107.4380898337186 572.5685187665214
84.93493444128023 71.0380888198677
310.807788940132 832.1754175553381
679.1275983341186 78.80629947767872
556.4063121864764 83.39208080912064
299.95978210589664 351.96500671980345
618.7989866822024 263.4295822620371
739.6213317525875 846.0628061796331
974.256008677111 247.31905342120822
232.36350037882426 185.59503476769012
345.0333019595367 65.93175417959189
359.2719635702958 969.2164395180814
447.6269830341622 873.0869732065114
446.19486228852213 973.8382706208604
150.80337211008091 475.2494324257162
626.4953180306871 52.91210245930828
92.90595386764589 487.5525349875064
64.05573808883446 792.8901796053281
130.33574861656456 733.9951921714876
556.0275682781767 753.7169472289667
239.0231672856647 454.9549059482397
466.1093624189542 159.0182393965779
546.6679534483952 611.2912191522204
57.05021444022681 248.43867165579184
314.44196420828786 504.79474084782817
361.93726915011496 389.0835493814957
844.0715090170031 862.2530475798728
790.2198610861634 327.80707302443165
856.239227628071 68.09059745369453
591.9300156968983 587.579840390454
114.02190315739406 257.6787179511349
539.2308542346432 861.5316981980868
352.1409131095679 641.1931538572601
809.0117076222396 435.1873798026212
806.7578666243209 48.71350017195623
652.5442137919919 431.88130268369315
418.65261321736307 75.34361637932216
745.8012715840388 588.0807820610968
354.85129224955966 323.85942879799796
923.3319248349815 965.1310018201643
119.18944530456238 917.0043347558159
822.2911288978722 120.0332302907431
465.5670209352509 810.1647979722082
174.28286230331747 847.7729822637162
261.2505204942988 125.9172482751516
716.2258344571845 380.64323915247894
376.65235472459466 587.408727668193
885.929881280085 706.926352751001
48.59538779115758 444.598695483827
603.2064291993286 773.4174714309664
488.8696821488922 517.6951300048402
553.7100109025728 488.69796048887815
528.3741179552774 169.50500820032298
588.3196801779975 305.2215730523273
39.570072653051824 971.8157050995507
573.3864216178233 231.57931912181783
936.4095381239047 738.3923220536798
48.2939091909677 909.882397510308
325.4531966389711 898.5564005349589
758.2310265772508 963.2956664206015
418.71341699488863 751.555214319346
486.07839330406324 317.19010673341046
786.0379550375716 630.9092470495756
870.1083384895928 804.1610905829577
136.2537031303595 31.947709730467537
804.2747494139562 534.795919931774
382.85043709615553 705.8420536254274
697.2488945897496 186.76005969268508
124.76235006119187 789.857670310779
533.9020752193599 359.05304829628216
748.7068774351208 239.5277096645107
845.1964784461067 758.2406755796927
729.1433927894542 306.29313648212474
796.9949238453461 682.7942314370465
949.5907320665128 400.2836837257011
655.1262846358603 713.0482284241486
910.5926964344895 26.33016189617481
257.6141503418186 801.970548787241
854.4661092786621 300.1445264352074
862.9522007906049 973.8511204148741
379.0192957522248 243.71142783143893
30.35439531074305 635.0131600596798
127.71583711298656 525.841350522676
813.0421949381206 265.9011712366382
721.46236225128 908.2785509359873
326.4315791220054 701.9993633713799
727.461450311498 62.433092947656846
736.0678021946497 462.5752170098436
155.45574793343607 293.6647322042835
29.052583783650757 135.14939980534277
397.24430397201303 882.9887944836138
28.716984698478466 749.865212793601
289.1132276291986 452.5627946344511
606.6764060690407 100.00618105512004
128.24098045967915 667.8224405782498
937.5003360270881 566.6429825210508
203.81838480803142 774.0948674935854
754.959707397514 157.93673745247247
900.0140206304822 451.5646850140938
