objects
661.8927350085705 475.3581694630979
635.2743851430474 684.5243954413856
565.5196943608133 547.5671279783173
747.6063241967256 525.68924230635
495.34969608832984 614.7195433249922
951.1824783664028 512.6860677165512
153.71202016723532 259.10253144885604
653.1208297255906 228.8661288167827
418.53384739467106 564.188210573633
826.617031148568 687.3163163748071
320.72805983337486 922.4849736465105
366.8131694066616 705.6788151725016
348.67382273649525 970.2291170565738
883.6312600128704 927.093276477707
118.65045307628766 840.5458556613523
24.4119385957528 590.8444210943163
557.6166490901403 776.5977133896553
505.24227760203064 727.6622865090208
228.5628426312951 576.2700135550522
55.97086465539385 467.5212717652923
70.23404887221295 715.7856318310315
145.09038499024712 638.8893637258049
681.3243401158395 621.0825257198229
741.2459443528701 690.1486470859547
677.8116900644337 331.72450361388644
207.78703191150663 743.3884361260675
736.306981315321 651.2621515211054
944.6908362202524 193.27901564086523
239.73003440232037 395.8521485496428
908.4930877728859 508.86351285589257
159.05102004730736 43.63820666740054
216.36557398460536 291.2660349402753
940.2755059201324 716.7131389746273
904.6603360296759 833.1994138195819
69.00295366403174 19.679412872817714
979.8308285727467 961.0862987060416
348.8894803251637 793.1583037409248
348.5946776005922 617.3282016017127
865.9295030720053 234.77708482441386
637.3557532834978 892.1321112646322
596.9150089479131 329.1577638285482
466.65351327575337 61.20201503754757
794.761927962424 491.85187922584356
112.9154844981176 30.616362541603074
128.3580251634978 798.3934291000501
262.0388418884633 786.7705177974806
684.8341202857295 263.54056835389065
546.8161288433632 969.4929623055837
263.8110129676015 254.93428314093666
66.5311375444605 548.856595076432
295.2790788554882 551.0993817374231
209.9862541725911 51.285961157728345
931.8871027005657 965.7300924657349
944.573154473176 632.1838521923594
65.65039530407397 894.8068249953985
758.0019612720582 47.09488986888504
438.7301780797867 403.94198429704505
979.6055932863195 621.955232518106
357.9702490978707 344.7253138485408
612.5731197314581 25.248666180253018
399.18733964286093 138.98006556514525
351.3294107611199 846.1060732262083
563.6859675684453 695.0359690978311
807.7127984906392 752.549677943977
536.6277045365634 369.27225063690946
788.1618208201028 926.643651859609
808.4399443962305 320.7889674428894
469.8263712223426 533.3967988737961
64.14824524660828 325.26954012358004
352.9633669637106 478.0191907979295
34.851727455497816 420.3564175450933
457.0028113903791 186.7903666807813
980.5183013083071 872.4003450850915
436.44464991533147 841.8622248012657
428.3199490653372 599.3644302561484
786.4711967929231 628.7134173608387
776.9458764890459 148.70376099896043
62.41345935187447 846.0928573924149
953.0387231579937 784.2353688219425
531.2664638770401 915.277004803278
118.87487198539577 107.80319415730085
584.0017949757447 864.9376192304345
848.6189034580718 138.56809420079287
782.0607238080703 238.35462504672063
880.0969498015621 30.61870133230527
216.61769971954516 785.2584731230686
257.8035203514502 718.8113845672398
747.9624261054804 115.38149664520813
478.0322797630192 886.6480852367033
825.0429853560969 818.2784819768291
343.4965024500274 887.4116559236376
499.26619932619445 466.57670525439386
71.01855944443277 138.20531652109443
526.7388347697536 20.86391825883166
494.15483877477425 196.21953697150786
379.969460373887 948.5585370341421
412.1168065910429 978.8190350767153
624.2201175177199 524.6693119330953
274.80294979067554 891.9518777328894
384.8818149888453 895.9414954289955
861.1877208680369 736.5570535298375
423.1918149764625 911.7530655203276
616.2870393678885 63.75158784395804
582.4199475420006 481.4331579573733
509.041673420163 151.71779727527945
235.4654341979416 647.4330885939079
807.3028650354771 544.4823357136488
486.4085915120584 96.22588811523553
712.7556693781936 404.02006906805696
475.4709119040621 778.0042075933579
618.0812653442033 943.2490942766682
652.3830505732349 361.9330491938955
534.2165760404271 437.16314074885383
373.27054801418336 212.29219730940167
532.2574950012967 598.3787180524314
237.62669951983588 967.9423228795877
131.11821650896076 358.0186723922475
649.0054431713687 725.672066322841
525.5156513249809 235.62813907541567
52.70972707519217 275.8782319529641
935.4491996820711 244.50081196556596
938.8576686137155 81.2471512316549
573.4309857400686 154.86329945459863
703.4466370478767 229.8673879225786
148.18094745278427 929.119702577689
525.4844603056702 85.96967915603324
153.1559319634507 513.220069900472
341.9848367997567 744.4108471942957
645.8461043089823 775.7253715503196
706.7905563576621 115.24896749038273
857.3699384641436 179.6413338817033
577.7255222220335 192.4584469205941
294.61232087098074 160.390196841347
839.5605751810895 73.64061029275513
963.8160143837654 826.4355476563339
82.39632584088984 428.8961583382102
935.2289192264806 447.3125752187634
342.5770385596461 113.9689243014597
678.136858343684 391.97857724114084
297.374057858068 710.7803923989791
284.33340903876666 338.3259941934401
700.025106702302 515.23770216345
658.817928124133 124.55041820796137
905.8975920089639 368.9334514803932
185.3319525488675 939.0104658691523
444.3142231909213 449.4363278237872
609.6435695745279 810.3874376759276
181.02088263672408 333.6785993998955
922.0740673273494 553.3946079780856
283.24704767955984 199.4118718147152
951.3462985830786 287.66407351528346
629.4377224276243 643.3479673633346
355.00965245816997 399.4143033199694
778.752659163438 425.71374868261
426.2596984351286 324.20626829284873
30.381519427949613 880.6031613178686
173.9188595783176 714.9418478243505
476.5070231157327 425.5067545976372
773.8746526544694 878.9548125007763
392.4123348404035 834.832849327678
253.4239825741471 46.51455194617388
99.39898935318725 878.4741387915914
191.3067203554316 585.0074107185219
273.62355893846023 638.2751866317823
810.2438195837681 34.030900877252876
697.9977410687378 899.2866519556842
292.8174690004349 394.9907788505904
36.910112112824734 736.3121477265714
853.2132947971359 532.8555444253356
858.632006230718 640.9724317687641
946.4699093706389 674.115714549667
394.139908221383 621.7575623035395
81.32304788095003 225.25940640290975
726.1843398084139 592.1752814581026
190.88308429989655 646.4189805594546
828.5761716950283 462.9657900975336
215.30981062880187 910.0675711598315
455.60773022938326 286.28158700669616
556.3232890031134 47.21766490934245
190.5768818114679 846.1815854568327
