objects
743.1037264219843 322.37346520731666
695.2547345990175 686.9834073336726
493.40581151906514 300.7382033019128
385.92795717421194 559.0769273932692
667.9646061766481 122.49003370809339
839.8958557696959 700.2955824392722
233.57305958724316 528.101163306013
954.4544883790124 939.5297268061222
414.7877744331334 857.1278207038596
585.613251651492 721.5841047883106
507.0621699093258 695.4858461830443
332.2371709410702 200.75158949136528
571.6913805712915 576.314483663002
897.1099974901621 93.5969837729204
821.7839185023349 244.9301476871384
29.110539365389677 780.9544936772497
930.0931438918783 260.6761281188168
245.25399407334163 608.1532987247876
281.6984070135835 653.9161027855695
395.4418300803294 603.7009613145915
590.8946425466402 929.1900888631012
344.9184855921823 344.36566875057133
354.4163188731115 921.2579421259891
523.2965454011455 489.3781140981371
484.15227055720925 263.2874732628757
453.5717574019536 124.35118643147065
90.41685332598192 265.9315450827565
849.3316578253591 978.2906884878229
620.7575830693306 831.8137609453
278.09885314979454 270.1817543404188
623.6258831794834 166.77736244436835
896.2705335480392 151.51839512488294
880.2029341106311 351.83278683070597
112.69953298067006 330.5637818402281
82.68173785326165 776.8271633774965
221.43479470930333 444.07112320219613
168.35182864537632 829.8079688026058
219.24905986275354 829.6412254631808
865.6517724551979 504.4883934842649
230.4691457058019 209.33854135388157
354.34974160321934 448.89849933036925
789.2564593735027 559.4987403791964
695.3073051181985 401.2060185835633
315.6479958983249 403.01366245092476
103.50649308164066 189.49603564416395
515.2143147684569 206.39279367189903
797.8562831999949 640.84835290008
301.2774802004393 503.6873289517366
52.78313063056305 118.08799162224167
811.2375539179833 920.1877449453855
972.5076026758205 431.23598114154623
188.3440708985732 56.93480371792783
39.527596121918734 942.9846426137192
742.1249242413876 499.9670540333134
355.83887635194753 62.89255820999822
512.7614822155459 778.0287804286554
662.8696496125066 164.84657252197422
70.17225363452584 429.07799786770056
96.10187207555585 660.4405699199647
41.10362848087326 613.9437269048294
273.43779673735924 71.87462234377931
973.0150799217394 692.6830179945007
553.9946955989985 767.302405749191
167.4926434807844 747.560266196563
967.395881592941 41.75362871482891
198.72171186313437 321.2877832760175
978.7730015897456 540.5432648974896
232.5185016640125 364.59331632728464
482.09592997872255 55.15266200805633
381.7727386742315 127.65572966881147
248.90295266072485 151.44712845315246
224.42609693582364 971.2904712894654
461.06161376316425 768.3680450764751
638.1657458709453 787.2737475115662
428.3756198070723 576.1749826952671
728.285857598642 577.3096785768495
110.2548695483273 927.4157674314356
795.6332261285322 287.7098472921816
829.1533206591654 120.74983397671257
594.5177361653944 885.672723097486
401.70949080113064 21.085508023530707
686.0265104080736 631.829449894277
841.9251061995001 469.5836044003353
413.2807181831759 157.17242102701942
487.3113805428925 821.4568621227252
192.74747492100715 227.38494702047763
97.37836007938024 724.7366055508966
127.17975429432796 285.273971164326
810.7238923553299 163.8137190035684
424.40100789995637 919.7750740480911
420.7320466770414 307.32464714901204
339.44728804506565 797.9803285899582
793.2675054443934 772.8014749610797
897.3724212883758 623.2332898055716
253.78900091121432 746.6327357761272
703.0070527408682 242.54160816918744
76.07586510427328 978.1214957972504
284.9814141306773 585.8203097370666
971.6572745594897 889.6179747160556
647.4198164087218 339.4151868498934
704.515217836313 328.05117419479336
887.1831729001782 537.0586705315109
471.186427259489 224.80268504340432
644.5732264822406 438.7389752013334
924.9104259619598 350.2069895485358
219.85121785407165 81.15760129676295
286.57154677799485 850.6333927796499
858.7467318647097 419.09449509849827
618.2694282100483 563.1001466577421
330.32418570773376 135.79991320997237
569.8864512761448 238.87391477867953
551.2226230365054 875.5313172339755
882.4893423494489 286.31820119936594
823.2946470760173 349.54131272200993
63.459923021963604 156.09227583803096
570.7556236350836 143.62833177492453
492.64442456461626 891.9158009504454
963.0764758016581 172.61803258320936
308.7692694564457 319.96259225321194
353.61593201932396 237.87814942595935
90.94376275243499 494.1710807544534
19.319399606271936 338.91568029107003
639.3022465092147 697.8564934251536
373.0619197994874 639.9663921441037
973.935527734759 743.8980133192135
610.7375122109528 651.7843838327113
615.9860106156345 63.14718018124542
722.7602556904911 158.74670911858266
381.55361512801323 412.65902025532114
492.16311381230923 533.5893014454483
239.78188221115994 937.5721614904771
186.79029563828902 539.2880336542995
972.0282438946629 216.2098716985064
840.5270921109469 207.16779592703472
922.7725996588362 576.5920537921779
477.76386793907346 486.71262221205075
908.5014667246302 36.826499343560506
151.26031912412924 561.3375597240679
301.78499187179557 736.8809644224189
574.4447293661356 378.67349685759257
630.9223025516055 871.4834486490811
780.5298171109805 956.7959428915102
414.2190292045653 767.2367965183685
828.2809206076396 858.1193211040331
806.6120663396998 389.2035372749952
576.3672389014965 193.55365924065597
46.391806002754315 688.173011113519
185.32757112508324 639.2939291141819
887.7283656862934 668.2207098835152
753.7466582669672 646.3052929649484
963.6075329668549 88.78011481525022
52.93496148151679 314.5575787775421
886.703614369352 763.972181426073
130.52335019759906 39.514247835936246
689.0156718671773 547.6749715402957
127.46521109223967 516.0912295576504
839.2343914276473 79.56366650710996
858.6735196423077 814.7834970378259
96.64786808153382 399.20795870583356
818.0676466991466 527.654602990845
332.9522178230878 656.2211945729282
140.07545230936927 902.0233006451106
470.75764645106705 961.8472011151134
266.678567341255 479.82859020073244
592.7157790209238 472.4370310962099
696.2292516712685 57.35303651449919
256.3512422254983 427.4443741982749
61.68945715291212 567.7936162188663
209.9056563578609 727.6700760048194
547.6860768388152 708.205005402066
516.3830300182016 345.4394155393032
121.3181944195485 79.78561790681582
531.3685349003412 432.27892929532305
675.4749563632432 847.1308210961345
60.19048819913713 851.8673350730867
447.8016564925425 383.27048010626834
405.6215082362529 469.4421413957035
126.40043421311051 132.91378102579156
267.6982117689509 389.0884325643409
643.0600260020732 510.92258500734727
