objects
489.42467940120287 40.69733705450156
192.70310429735588 31.960699343907706
577.6245897979641 512.9105428307914
896.7777721892928 55.71117098203273
82.85997591356383 379.0737375974389
179.97069014017285 896.9273367799804
721.4085309813712 814.9835244097275
341.97499475853925 151.36116923748517
250.7154729473521 630.8640575434424
663.4272394875679 457.36302457802515
153.9768435099009 74.1966469797865
676.7170558633431 606.6867898181436
119.97159395679354 200.72339686717248
477.37043021109895 580.3059473101749
611.9387393273234 497.93435530187537
619.9481496953726 743.7196514219639
162.80452231242617 239.23969743960362
337.2548439450298 601.7660037967329
305.7351502974271 47.88664213990114
673.6237375644591 155.74552710771957
260.55724588270454 41.9838945778293
839.4147427248828 571.9522352287728
600.6000205468222 75.46943526765511
488.6628047257335 681.0092505422338
942.5098217741067 533.8383955379406
691.9644024127917 47.36132826757655
195.45354985365805 541.6233573160364
351.61522674368825 765.1197539953465
113.49777049489785 605.6866632895213
73.90491852626718 420.7926126217836
403.535826248281 966.3119888394774
65.22444486144305 931.7446073137866
764.2282738042693 92.51774232055257
683.3538499686374 411.9521590540432
485.552451547577 821.2278606990784
267.3739725188423 162.60882318505327
272.1891077705174 944.6812357156789
520.1018998538627 216.55350530301342
737.4846901898893 139.95354373469942
72.47822968642615 852.9916501781066
869.8012054921195 110.17639047137152
641.2530868162897 937.8842617966392
175.50380999534724 689.397971542884
752.9328215372008 515.2453383857542
319.7534269719155 230.98636151660526
682.6093297537393 332.975176103612
288.97904553377805 882.1001878818105
466.20273004563825 402.0161237455436
87.74972399804044 47.28985803605943
581.9915583183441 877.4445823966474
615.7331902952532 273.61072394526667
355.95386076802504 727.9607990491552
382.9301081442408 656.9296376102991
897.274601764895 273.66346764545915
945.0567301189991 79.99707010132045
281.77476579992447 728.6365080589745
887.0659234274262 655.7765744293303
962.385772898193 35.670246780978644
975.0526663514215 575.6996495861149
733.702973847388 432.22737324112205
498.8555139439608 135.04649251667905
583.0239771037561 962.4638066498491
756.0420472200174 213.89760377611026
462.41261446518035 70.94762460848793
911.4328238140931 922.4583341512575
931.7435881444482 206.73922496255375
398.8878356429057 128.67707352943245
540.4784118384528 67.21003645823444
944.1991373182384 702.400344498871
824.8251009998024 259.08398728709494
793.4802020574102 615.6427315521128
807.4996732992671 954.674589231601
415.2090139180425 459.1400719443362
416.07943754026473 216.6815271808838
215.51063629922436 222.67926505868826
867.7985619032888 936.8726177918402
21.627643919561407 912.1985457652532
455.55585883104595 633.6555472009043
979.0624991824438 394.7657009226712
852.016651434277 488.6594713502912
171.4999031577812 283.68840735226416
344.7064267282169 861.5196943899102
244.3649957039646 499.5302205081099
653.5316108885008 531.6851734274442
854.4665231392644 537.4620454083406
272.22740208764515 103.20559777906507
214.84701882733088 784.7187713238966
893.6651222434494 202.5313705018561
567.5193119201263 609.5422034708768
344.9159978116969 336.3085607420308
565.50764092427 809.5572997675819
699.66675928963 198.54362439778788
79.3586738421387 253.02684035454263
176.73273999843803 193.87305727354084
777.893027029897 30.04633440593563
209.12482663859464 120.23778651576852
567.5113212725175 397.07698081338526
777.3648196242583 784.1695923724358
489.8658555128951 455.20914324268824
231.42315791005035 679.0007694704678
561.5671873212734 564.4947436079364
332.75430262373845 84.24452536550787
327.3737243470706 542.0961476646461
839.1741969717766 730.6458254636631
530.7009270689796 160.25544533547537
877.9922834025272 371.54934108068363
45.82103473695095 539.6050630756118
862.9753315445919 422.5081751258584
165.9270056721162 472.58428765107806
967.4159843706807 335.1516526458638
238.1031657980073 298.61546857922275
544.6322080544021 308.58609114406414
38.021663670112055 341.565333438264
171.10525531631237 736.3544664544148
141.14547958772067 408.978509279503
176.45929329392487 424.7821108108476
634.0549597641932 366.9566832049637
295.2504453321712 624.771278456985
21.162041044437732 186.42006329205094
816.4303193351479 431.4055999735906
730.7704263532343 299.41280286776686
946.711151025642 792.8811850924467
434.1153193221631 673.1514317743039
562.7058176465035 927.2130948254367
848.0287226289461 851.4376647954687
200.2733733813875 498.5961526873819
552.9477710615668 259.00402007833105
172.00758480939749 963.9298704286331
28.60871196561316 867.7678047066075
60.0128328658691 632.0380511420994
304.5991625100907 660.7766258471964
45.755499911776354 583.685582155139
746.9970838208844 908.5705392430206
303.098294696374 352.3157328743238
854.1063083342664 220.97469717212005
366.4622928148126 470.6600504203277
766.4882516167158 728.8868876541912
800.7715051025775 336.46568620576744
238.0280410980061 553.8578515963828
310.4994849555361 402.1519526363311
138.38690460938835 321.4078465330593
768.4538202381283 357.6515769273966
361.23920576834814 113.96403547431791
455.68495907962716 321.8461943084733
973.7349237069753 826.671451501915
600.8177275842967 444.626511208529
84.67600603273299 108.49190182785085
822.5431893593537 51.7670867835368
394.2319646377842 850.6192005253627
126.45835358382958 863.5781603063801
437.6090893094656 784.7531246844906
928.3933032151815 299.35410936582576
368.26634909607435 692.4778532740845
846.0678619298649 636.8423807689882
732.6922773298378 779.3971092464811
932.6407365049544 456.44968791635836
821.5900829191229 157.33286926028205
909.2595873741208 557.7116359020586
74.19185084302592 305.72166951828365
416.75903881717153 926.815617124889
977.1974059264074 637.0677918506392
639.6153955609047 587.3373057124035
464.52398072816777 497.2080583567921
978.2168562518742 223.45506396285066
710.2885153436498 727.206990615473
480.77878188488216 935.2459375983559
237.88303428521937 957.7385754940757
888.7366704585755 892.6715612077297
519.0344158674243 576.3501045301183
672.6688132245628 757.6687150676281
145.87505977189844 925.9612221256237
372.7839281999507 213.53854098328816
954.4073577258474 917.4127030408387
736.3728256831216 549.5915945736675
120.53074332882596 820.7600443802218
118.79449649785863 662.3020102415393
291.47053262111393 771.4293340965656
484.85397768508255 194.0568636079093
722.6386245370409 853.9244930718085
922.6588434284955 758.572954856964
