objects
908.8883806402928 30.260629566546065
171.93736475303717 79.45594415639835
561.6826727967414 955.2882985032143
356.7596167822066 308.0852263244948
656.8633265627702 343.9149607172356
406.40899089043063 774.3783919868488
270.7751792350673 264.21432365677225
742.4055978892029 578.7316575692413
662.5318568784008 682.6588553991716
458.62116763855954 836.1612593399882
244.0347791984164 644.6215344194403
796.2664744566029 254.44907211641402
463.18318302088744 599.8329014155617
96.50480353880646 947.6732345345137
303.9653516132207 220.9717367685709
579.7498752033956 638.2158561183289
94.42300643275907 328.21665452223607
771.2710276448801 97.0437753878805
204.94402585817568 309.13116877422163
680.9778466187088 485.40798126572236
729.9536417958315 155.68919403400224
213.68545842189297 674.9114563030145
698.8875148972073 431.7034127323318
379.97664377931676 200.07220596111193
942.3052145230354 902.3707471857746
175.1496937015819 928.163884750693
843.0877915888184 804.7426385566357
978.6387757603859 570.3142136123532
609.5797033927327 207.17978764954478
48.48214322541898 706.0573291358252
893.5909382945532 243.86164901448063
365.4208628684556 920.5247464355039
940.9022468726239 779.8335189711971
491.63952388178996 712.109231698821
937.1506373362414 141.7125413678179
665.9327524308242 785.312185066613
931.1396070805322 629.1345848084762
434.575154842775 469.1567858136251
642.3861493674403 179.51925552043724
936.3379912447409 443.7388723268256
541.4178818246501 393.9022381132285
978.8658597831009 155.67680076627823
609.9171276324439 566.7078943349253
895.1601647953582 841.3875698878923
138.2982066884755 966.7459738455308
372.83631765620396 793.9774008981714
916.9839649187498 728.7670225359618
942.1064615152278 565.5166280773072
58.33680929041645 868.5392562725359
37.07986531373887 46.82235968600821
173.65402418346616 376.048821428844
477.86518218931946 929.2716757508108
652.0659224980882 525.48677088996
925.8099697803915 68.15836176069277
194.3594546400027 31.655551993985426
719.6931395375497 211.1584343173734
542.9907851688537 200.5588499914959
153.89369862006356 495.82742361444076
44.053888289978005 774.6689839230235
403.7874074177151 120.92115877364107
286.44857418466034 913.9168862814234
254.55648206260162 575.2186785781325
30.022108584219446 827.8152827447494
691.2259344914961 177.3696312939818
323.86310838581437 754.7381341915202
151.84002578831468 597.3694596801466
160.42554388844155 777.6158546443497
736.2710538412929 972.8119965222477
409.29111757150605 912.8833903225734
564.9454194538748 705.1687194637088
537.13549727514 76.39152572232278
109.83042759467347 375.63440334588154
849.8133510346818 905.5784702937881
140.51931322221847 24.38679662449225
511.0883529980827 117.48139557073993
178.00737561771837 699.6296269645051
893.9109884731903 760.8393906066746
507.4435368748772 554.9865604177855
769.8464000225761 40.78577338365571
438.52424424245214 541.8637431210132
207.56808653680372 257.8857420026186
762.7821754191838 444.1806043830589
19.484630644051997 683.163421132277
120.85557406513949 897.2338373928958
203.12912775994693 885.6560168238796
240.82816836749163 387.8406968584225
303.5175257371532 420.89707114335937
674.9174471186443 46.526661362046966
819.8354195248888 284.66813287307224
340.24882374301455 456.7615174917703
285.7712753172221 870.6214489793259
53.24802300597471 119.40552061598804
416.69321983299557 181.98647207493815
555.0204441952926 845.1498068701616
65.93650805481698 449.17997870273
686.4246139102981 281.1543990648609
369.9636368919447 103.78751895484534
823.1692878908408 522.9279722652541
416.1891051950658 311.4533670868387
114.66799418046539 212.4303066049605
453.5411119265503 88.4333763833431
65.94159802377962 534.6293059367189
857.6298346347658 437.9501874530625
116.84230086013633 165.17159776610993
759.6214298739729 938.4293428779845
575.3518154563552 457.65115290021646
321.4767839650147 369.9738341910699
838.2760857597646 856.4382613798642
212.58242491616778 760.9263576338088
693.2700334103386 594.2577928477181
26.339029134184592 289.39851514053686
78.0421303636719 730.5224164144595
679.491304754496 386.503302256197
308.77978467501805 77.15545545021271
576.5438507644616 129.8399384541961
850.4149415362529 315.15731875149555
550.8038344521445 612.104898190973
674.1740022608875 844.4992526537501
27.195212047601654 948.2667914644659
750.292107339067 767.3652209680153
944.711451291806 836.3820612109254
885.7612579380891 78.9313245246031
272.6418498843209 455.234861952865
522.5546284578554 881.7576317263516
452.7602907316347 215.3746104958206
902.3325835163287 796.3019689462071
487.4718295720353 760.3743348765067
786.3064730733743 397.89873618761254
930.4002361120656 331.21004221681267
90.75696829444558 670.5552910624492
751.0218599306571 189.59300215620345
124.78412257103004 422.0493565977992
370.38127218553285 867.1587718492008
338.0312686178114 980.3017228382774
625.538854983912 302.989507402602
921.7775763260389 207.6738668098705
139.44562685998068 843.5650754695322
581.2210448969369 902.5474948233639
967.5880317366773 40.36586339466673
390.53980736103523 473.24208970416845
648.5994128285158 251.43666902799492
86.08854593568134 242.6379224793244
493.3974502284524 293.733219214964
746.474914809605 515.3802382386967
266.7803832533914 107.4612216033734
611.1222421903536 932.8045325222737
453.70031234910545 376.9148526110031
687.2075581677628 545.3733451133461
977.9913049238711 238.5646474126479
714.6139410065299 703.346910819537
685.5652033763137 889.5191386545138
514.1697019545303 425.96005578101057
317.14649759658676 140.37485090476105
633.1458093045576 41.08646778095823
945.4261027022942 297.0565743527303
742.2748977123787 345.763301696817
976.0998218413323 799.0225038572395
603.3023454600061 684.852213261561
408.06905803569725 56.84059642300317
756.8604079696618 306.7766881859771
507.8052294574992 956.563758327558
44.17492269537225 168.0047138194085
163.6280405745552 279.9282911079812
458.0719846260036 157.864609660481
195.71831799746792 588.9473393479344
259.02940739689626 700.9589666024544
710.4280586434021 95.79270200142726
807.667164804096 958.0163074760826
601.5131647153763 367.8972952639076
530.4911485813582 925.7576919053554
236.22868826826414 39.44706339572741
538.474146681646 255.9256062041522
241.04083713086976 532.7610803334329
771.6484240813692 700.847059107919
609.4370893560363 750.3114589616629
241.86175199561518 225.4503680475534
941.0252468922146 946.7793566842921
464.7149653001774 440.06791893053617
795.7295559300655 326.6983089157954
893.9486880252887 631.7856548313233
