objects
480.19064579542874 112.3000666745735
269.01097349501276 827.6865552816837
708.565196793131 611.7689885649288
492.9557725917751 660.7259651321666
401.57206236610165 315.70297778275096
882.3732696282411 210.01115956835622
495.18780631889183 893.0896194428794
694.1302654911908 828.5010165017612
164.68200921109826 185.31995388264903
568.6591127765221 459.7081506100027
320.0556599399278 535.6460164910808
665.8615189273204 216.6044667154
894.6582081011692 746.7112743567698
106.5666741535086 558.5374003743049
864.1758171353197 478.3412527694225
