objects
895.5427374864707 623.3175758240488
319.9954073501027 182.46215870457803
681.9788095432749 805.109901707853
220.66345441253821 606.131694675297
781.1305572257112 173.68006213299242
167.02314341111972 409.84982206967123
454.08346773675345 363.27196913269756
848.1020863569116 382.74435686054284
489.9068555720207 870.972472075291
166.48999140420875 811.6063606426062
563.0300736508635 110.71930515121937
422.44441281001167 565.128312291475
611.3811289907209 497.14975093254407
889.5136391776148 833.132300365562
119.45155583371947 204.16778496995258
