objects
630.563109323792 287.4055940830076
877.2480568204188 577.8091537671983
133.65840814667072 350.9235866300313
445.36692312938504 657.697313676499
570.1472068705534 860.5874016864392
869.297326280724 124.96261974533165
353.8447895236702 847.9772520448519
782.0385239977242 877.0698863374836
370.7598601537326 385.61291397854706
861.5596870388339 372.5471207278576
376.6243131294107 120.32538274144324
122.36181169901357 677.2599525687251
151.5459411003476 886.7091623559687
159.36809955510003 146.65996440970477
685.6181645384589 645.7885244852249
