objects
863.2273058512438 421.33559846549196
203.54513529890812 663.915927112442
596.6211390160203 557.7750318047687
824.7092764010434 363.74946497585154
790.4543984668672 523.1946025496811
449.7874619472758 32.789909957050384
181.1353029043392 831.9927087098413
279.0761239243924 716.0419644375592
584.8400512114196 401.4721032706285
693.0780311649785 410.3286232951587
918.2516360793271 164.56641733547934
469.5117391121968 589.696328842095
245.18595680698303 897.3887199235925
911.2876515209135 79.96038813503193
680.4612141164314 214.7510927255929
250.44633740261173 151.2277979678853
50.426129623995635 475.9429362106372
43.28850029016412 106.41013181152577
285.1949296642764 625.6580921051411
361.63673360603894 749.941417004075
292.95554000319714 250.28445528447742
665.6490019663755 44.172204017703294
752.2451625825815 911.3743320576483
668.9188840213561 506.54577180316915
72.18776027639632 873.5702428276904
956.0608422892996 710.3554936472418
733.4338354644378 750.3791123774332
353.43844247148587 595.4675487573307
126.86964431530768 636.0914982927828
793.0759592837168 963.1354393900862
