objects
947.5914837148085 752.5459634942388
371.46517901561367 417.82629892587704
529.3617162433449 804.4529998734447
872.7420668061536 906.3029425240085
186.96804951412946 135.91463490012995
816.2254859827577 857.4305264296424
791.9091268435782 262.9867964361771
225.337723183327 698.366212530583
811.6512376190834 657.978628353541
556.7546445780566 229.96724771957798
376.0712555835032 722.2951915985768
230.5616528912375 847.7513265137684
490.0653483390427 645.4681309655416
296.678584751096 629.3618455126021
335.0841342939939 876.8263846433374
631.9326955590918 62.319432063436174
140.35831581063127 312.66101033072425
385.09976030442033 343.4361327577172
592.0429672239796 553.1006705406292
490.2705108669049 575.2080280496733
531.6794118849234 358.04631228218494
421.4490460948973 529.1537619822899
219.48132901143617 926.0250885306305
894.1475139978014 93.62524966679642
764.8754546888649 794.2083295075307
855.0376603857113 560.2364883191597
668.6864651494732 633.8313204449078
67.05053068180416 888.1465558537083
912.9846663094185 517.2647072631684
353.0709853092104 103.45300994648129
