objects
773.1614021145303 519.9010641092119
266.5962360891536 305.2719049306288
701.7605206512704 912.8024663426517
498.97872525500196 707.5482402086473
810.765748349773 101.6020019600345
62.292755654315954 787.0419081986871
902.8204611247121 659.7534914479257
57.602422978663355 939.4338680993988
888.7198474137736 40.58163390998672
129.76313122625714 206.38165618659684
646.0947950661096 421.13351786067847
461.7908400218401 782.6865252509716
880.6258370861214 871.7023772280115
577.4219058444007 278.2166488448559
925.7433566746967 426.4063915878714
833.5168910824599 666.171755856131
702.1730580801533 169.27739075149634
402.7161190440124 159.01949024552158
32.983062970537915 600.9075740598553
35.725372389580315 442.70677396474184
360.20554691304505 658.6444341916322
218.25036258490707 653.8027380187494
210.95791729734503 417.1620442164628
105.44139897660452 356.40453626546235
704.7522507036801 789.278302470086
161.07095298130884 693.5556202746001
708.0064583148603 610.2929683850376
75.62728465476496 532.0778765400066
636.2661034516157 181.08984696091244
253.5472382261455 102.86488427890735
