objects
856.6497369703252 386.9359905533359
444.20593832290945 166.5160389441836
109.04732124237027 416.41585661468025
707.719123403526 223.0948546742934
375.2957866996381 704.3220813779599
592.3617107351301 880.3366029532575
566.1874627058031 299.41032190325336
423.67850361678495 894.2618104039761
796.9561131299412 799.5980379049269
204.6205572136069 713.7628558666281
252.71201861932008 865.3030587487613
585.3034988747778 706.7747837237637
861.2971020523787 107.53475213996755
414.6014716276488 549.1488844471554
290.90507088502284 137.57139176978936
