objects
453.51915949049504 869.2359441230001
632.2950286043798 645.8742346402488
138.10906965267645 450.8132537970725
311.6027546559645 796.3430048895729
787.3930495972977 267.9182834150811
450.4922826218228 317.63115298208635
300.11052275958514 511.46868912571296
655.4453605813735 169.82324183150064
916.1798107771783 624.1486910633203
620.6514951679877 374.68315961576764
81.53162440300318 746.9515197732478
868.3824570260565 807.9941142372861
905.679329534644 397.03504286262677
346.5115078003012 135.1598594785047
739.11282078542 901.8661291357153
