objects
865.9216466066647 629.5852589162242
751.1948206411926 768.4572891027528
684.5326731558224 562.9121394066754
112.51358683910334 307.36505091942075
395.6143017789149 774.2967487134017
435.8199730591138 619.0492552870523
323.1195909989417 473.02497820079475
551.9966735817959 357.5369254007658
786.1680506574104 85.60082201473773
234.3025313148181 699.1256462227867
875.1537222068071 375.1993391121149
370.9815886888887 287.98926572402564
250.79045281709256 85.6660526316641
553.801324327232 889.7186481985414
417.1269819825118 135.46792776784645
