objects
661.6635698669909 949.9657202864353
683.9884789801432 771.8639757315298
548.307335306119 759.296757848692
356.1945804774026 930.00770105555
259.334925457651 223.26555528353475
200.98634470406444 566.4417941895006
128.55832126781218 144.89709743136464
112.21256776037455 566.2263118543783
38.13450798261218 680.7525421894181
461.926871829175 72.36571259924732
646.0907130118146 857.8061505539184
141.5597030762795 916.3294301479818
330.59773744739596 164.63296545437754
351.9597965817257 630.7770161815882
665.5821655903866 469.8133652317659
760.9268959613046 471.8746066876906
61.98579207367478 488.7047931154761
459.2303100236728 306.04189308978727
213.45751470065545 762.1772937131103
454.58207393110007 798.3573222679312
764.4190509354157 156.71898160304198
956.9264912523739 344.59049136644654
172.74809710555667 474.75480936577134
366.2012549919149 785.0907589331722
531.474931242336 148.29522699762438
