objects
430.5574253021551 955.9073796793473
180.81442118913952 309.3987377709914
710.2548066720987 221.22045152435794
700.3657674199882 646.4759944024923
855.6018928157139 523.467372512337
955.394891866318 316.7085369957366
935.2581955088729 148.41161768821974
283.53780727597524 869.8696531180633
107.43703552571304 327.32314294713524
798.7960892422388 717.7956312456403
345.0695989551659 128.09478405704047
534.5111839764571 468.1149002986634
934.5871287006703 580.049051266013
274.17895239545675 139.68818188873394
663.2399790319338 448.4623516829368
496.0928768130319 603.81491233786
811.6784271858976 365.95429708956465
638.3903831259629 546.0140007539579
396.90567027813694 829.3429231766972
622.4914851351228 262.85376836381437
47.74959868651774 377.23128566502686
68.8907844515936 134.5039425774512
954.7270679217532 949.8146238043483
386.7391617126182 195.89576000005712
814.3514005818998 81.40539536676279
