objects
126.9010328583832 254.16401308861384
941.3012474002054 254.3735673520045
565.4015402963978 910.7805924774931
398.8466801413361 175.8352801221617
491.05541183376243 897.7613216314714
187.52682461238692 799.9464334453011
179.56917633122316 424.0528435075794
350.3940796848011 855.6778438090814
289.8818871040567 792.4714058595383
458.5526384904201 682.4682457126311
890.2562464770164 444.7754788657439
821.8477078826285 929.9575274584325
305.01863135675 701.0623512061967
570.6671833949703 736.5936385466384
246.9141506968594 127.69871806015934
273.6659875155278 313.46512833036974
652.8923387557015 745.8760383374034
606.0880273400412 547.0120036045638
416.3487166064611 52.16382463929243
550.2007101309931 96.0546331399413
730.984642588077 408.14968403828914
745.736394492104 258.5106201128044
444.4959056001455 303.24478827752097
631.7636350991143 354.6688422973913
845.7554679370127 357.0858830323784
