objects
127.3759928748276 609.3768347632817
161.4764379125461 449.61804420968804
457.92296542908815 698.6259283220448
917.0986724414535 122.40026014901277
494.06489471614947 225.82895739141327
710.22447059453 682.565258598603
721.7456049244086 248.17770086782696
202.25124419785197 742.140433697715
325.20427850383413 825.1495304783199
909.4683988946342 753.4857875949596
876.4455918938881 199.7951484536141
746.4371801130238 509.28415225743606
413.3432637823315 429.31933455922757
912.9747899389338 860.0526161972791
653.2679179635988 496.12343065818084
364.02749215426843 103.76443824150698
916.0269606769904 617.6810934569821
640.4367618764533 630.8154352485909
820.3419670727988 476.5870642690962
910.5623013359052 439.59516110488704
121.51639006128131 147.29586828634615
676.9612503067121 99.80317952195125
334.6852553523233 657.3382728602791
114.82800348786687 67.86792685880025
47.66810210564926 887.530021885516
