objects
366.27961225830416 262.65580543179345
692.1169065138374 521.5280362042929
382.77992311261784 819.870937225925
200.16834983180928 759.1770606384025
851.7541911316778 904.0550621727806
516.9931537418948 728.8876413311621
389.02429680079325 480.5787988054578
197.90092776813643 560.2843889085442
460.0255310217452 448.47447020852377
102.2867612811549 247.26045067271474
621.5452051242396 493.7439085604993
88.52797227447913 691.0926026848839
944.9751774279954 745.1641729667717
608.6899850561 874.2289236962587
760.9854356110784 793.4225696155327
256.8037879674622 676.1345931362816
78.50320632865409 72.55000798971466
857.7108468850936 634.1794978872167
275.38245471203055 29.563627263903133
950.0575076644708 492.5066009066359
338.4554692168431 612.7380479020204
658.5495428288211 870.8059246647134
26.499745541353704 291.1676154107745
260.53466558303245 120.00626427056602
225.59848153181971 153.18777853475532
813.598592837876 741.2708390215807
604.4863686260516 292.64967735004603
229.93504248359986 477.13370147837674
452.43865038990896 779.2160065460818
107.18178127613592 339.5909938339616
384.0402538586629 348.8909569050391
381.6901341453407 728.9269108192915
778.4215468246736 290.5055061488717
701.7216057387358 796.5367443591796
382.0898319523446 954.507735556775
369.0015275370042 417.1090900849651
594.2002758752036 953.2724267370118
669.3699588844056 105.31585405217939
515.4134372614585 964.2984897212544
746.227820281296 109.8910318256742
505.68414003031324 837.9210759419655
641.0955341309601 642.3048403991723
703.050135519219 570.1217915960806
902.8745557205096 134.80916255419035
120.20969359670151 805.6123864484068
478.9994367435382 902.0144970840948
138.51047094188743 576.5489792883034
714.8164472174232 845.2014731836748
503.37833434003755 594.8331239707769
184.905298696327 948.0261027446448
618.9580308001051 564.61020721492
143.67672484698994 217.93357923968833
596.3230795716668 136.61712916666923
233.60652765573317 206.1097424948246
322.03233882277965 931.4972086552389
711.3639406145214 626.9940769526972
665.7095788179959 304.3415094678233
971.7836770588435 232.59885884163793
750.8384438101762 470.08174188643164
153.6882770087781 309.78703039123917
868.3193696095638 277.6958507439861
412.62825859628737 544.2987958794921
457.94746012280245 44.25193534676329
231.0802850960765 803.7316108371652
77.01966757247716 848.6857720827636
556.62720907116 390.7806302069702
84.57382503097094 553.2665564059305
33.29508647951686 43.02055746131275
439.5528210969866 630.1745188642038
602.6807610833309 828.491681497501
436.64356170739984 235.03064577903754
327.71335935173926 847.999356521584
570.0561335822209 557.5391153546292
260.8906235323256 759.1136601450818
515.6210585824555 421.30332055720015
204.772974166842 92.85210204153147
631.6302359523069 183.99517950228665
26.51440153810894 888.8730249201318
893.4773574785621 948.4800792093475
460.0996563770693 731.9074898806502
339.1372061360022 323.13190433849564
155.0781443979751 64.47044545670303
877.0058274763728 89.35145064766276
948.8020814944401 551.7973071675342
972.9917333175529 683.0407685637633
450.05520787748316 151.10415949670434
26.383687953906975 394.16628896478807
382.2708802223651 595.3119582924419
783.6086539285399 952.6794369937151
399.352713836943 115.66712528916823
577.3059673290238 728.3037665918828
601.5103533324548 608.3094955535438
288.49344038889257 486.146257142799
580.1985660971031 660.7635455976936
854.4483174955906 462.4389736424176
223.5972102705821 400.0551091943444
550.128408251967 322.68226802671717
70.41767693371432 196.08869611219768
114.45743675460328 955.5181792059824
362.84073326548037 209.7563138343844
468.9620355079795 523.8051053239712
174.51858054056018 445.42600534439697
573.6233048098348 230.534935963983
830.7365657534216 397.1050942567723
803.1376549666944 336.8762532718582
726.4620539144447 967.9705795929202
258.1715946928374 431.6338594241714
396.8492590694003 297.87343204117224
956.5450763487629 109.82360734320864
846.8008870033567 836.9435047359901
675.7492322365999 380.83122516963147
233.28330108528493 280.77021675344145
306.54874985294185 711.9558947767583
826.6953419380204 173.74138523946186
763.846342354404 201.7358371544329
154.6993514497032 520.4601434116323
37.01377063706962 696.3929357462906
713.8127037739913 713.2947737556461
561.6503104179393 509.4882172556052
321.3944961119595 775.826482557599
139.4472183868301 166.96368407806446
520.5529243050868 781.5169879594706
302.6186509796311 196.81813294567098
795.6856495348313 487.1593169477277
53.73884260697622 432.25491121193187
963.5493204005701 620.7010913110507
768.6507815470796 54.79284540728918
174.18635019843643 803.9379465489918
624.1027548861623 765.9921167518779
365.6671106911954 667.8120098262509
77.50349683039025 387.54135911884265
773.943227450369 406.01694223351643
815.2348323237446 692.4424691189862
679.724366353624 258.75866245882975
115.5321103435276 431.6573541189336
471.4300236906473 323.2463744464407
505.0175845823446 467.06102547841135
333.0864117532961 463.1810419076357
593.1141192003493 69.17461342858573
128.4464522662334 653.3219882942011
174.01744475964645 868.6111032674463
644.9281303342639 442.7861417803639
410.6168376151565 68.38507099540146
723.2575269027769 45.82675449346925
617.1010361230475 345.1336401281916
551.4566120676919 613.8659834046367
907.7010082250857 436.4771411113482
519.1739477074798 166.70134876055175
927.9289487788085 35.73737625573733
45.10415041779797 603.9720619072093
809.3933920513645 607.1663281439838
78.49637873445938 127.56951244426773
453.2954697504858 582.4965422051979
324.1883857349648 71.57170870756303
534.6837914999178 679.7711699199414
646.5959898865912 33.551797003854524
431.9861216938424 963.6932044525136
289.4972249077076 359.5674659307745
265.24097275003754 879.6282983184341
971.7679733254072 802.4734450112478
828.2054335541959 545.0434522418942
945.0835324021263 844.5472531655114
172.92829348461154 630.8992011313933
890.4111808557426 782.8306160536022
176.20200053905623 683.9383172653462
937.8556133395164 291.4703591803802
911.1631208054379 592.5881225012619
56.39559652427505 501.3773095095876
775.2189015607998 853.499084097348
406.15095118515836 190.1269612118277
651.466051667539 947.0531212164096
579.3227193319788 182.44617935
928.4358510224044 336.72071984734805
114.37455226534156 37.0863877838202
819.5186723640018 112.25291259484194
