objects
165.74231830121312 966.0959279019253
431.72162342745077 808.7840488080726
159.24358631061585 145.9423850354182
797.5917605250058 197.17541806491522
836.0415658542054 916.4203533929929
344.61662668660057 927.5634842792156
701.9142700542384 260.20092811515707
711.0213373615044 481.2176294440539
605.3539948489739 678.1011707871096
597.2390959137432 142.48594501421692
862.0826905416801 39.32829326067254
397.97920677579265 965.6919645234616
592.7063573038782 502.0068475715173
475.7850933563268 856.1859264170566
402.58340916248414 158.7542336680803
310.3520382863724 197.63297132100723
162.3458965968049 199.27641782459347
89.99922420306451 779.1234174494383
571.7670392130324 422.53316817126995
902.6924622888082 642.5765592046114
547.4813156170705 647.2221492096076
312.12619151623187 866.2939725343376
965.8612223495542 119.16740829725863
645.3640366824623 496.4827754377387
192.29906319309106 856.5793892341236
699.5545097457667 676.2623024525655
901.7704557029201 336.1567609684024
320.0181086892689 547.8212926566712
506.6911339847314 343.26775795432263
627.4323357512603 385.84916995976334
690.8468450500217 327.5869693639017
536.7038914528405 886.7868981427425
430.02758770552924 82.29969567839944
903.0983993347596 798.0023903744527
482.78963973327586 656.7721290403159
846.8135924318866 751.5276718585824
244.7387955870943 451.877366777708
812.4405141768644 385.25666409051775
80.63579152226515 594.688225711217
836.2641904706089 688.5736193423813
833.7837719858 812.4871985546504
555.2349233195331 549.3039409607268
394.9093399608613 891.606101748937
500.6417177411582 161.3565944300068
178.08858166752776 426.449572367742
46.9730004082898 376.3844633961682
349.95851373494435 397.35707049542367
921.8366700969793 926.4801857331892
366.7713157632212 207.25475548582156
923.6843435081441 244.04814707113903
292.20932928336254 36.00287203430796
668.8574807916318 788.9737752598488
41.212502183710015 133.84912638505673
273.05655193152677 924.9288514289955
767.8303967238019 64.34915904939454
118.82746625587366 938.0364107160324
31.249485503682045 946.6397927277334
843.913948047507 169.9234200644765
306.43735726035777 495.9806302319926
34.86595256657026 590.2100628712243
350.76201469010107 445.3643481633746
541.0010081939485 471.8128994298009
835.4014241033179 303.31195851986223
886.2440538771922 590.0063440056297
48.73156467696439 733.4019661310824
334.5250716047067 740.0861472687001
80.50418895157154 324.729091729776
873.6090550735387 411.40480507870444
63.628485063418836 473.84294257162867
583.2183999505012 776.1358537792324
274.9467408485697 401.5853267039208
245.8346418442488 533.8312130211311
678.1907249632715 946.5676497952549
174.390288916847 373.9021002063789
599.4331873587776 209.5439427878778
212.55459930275302 685.7742605142497
766.6295681543703 332.345496910779
756.7836220248549 274.42345719930495
895.8601397667087 740.4691494985312
101.85664537357633 545.7941249982235
507.3145339992946 578.447607307595
53.216136192507804 529.0220197881464
691.3544330161108 606.1992892250943
755.9158803232722 614.3595967730853
137.65024785224617 471.2371707830174
373.32182220511004 793.2519965020597
464.7453713880027 901.7208922115468
280.4251856625519 675.8448980252509
91.86742592376751 397.96767278821085
198.31955331744803 637.8483114317504
584.7542781001757 41.912065790362455
495.3633180748509 56.83041693968033
442.76233750485596 255.97808971466065
618.3504192129162 886.056718631468
78.64072153870964 104.78972917709146
701.5298115867523 126.81682325546404
934.5199928591376 430.8021969014874
441.9874571545173 509.269411986086
324.1684965510107 646.9171565667796
582.2650416827032 951.4393880831028
512.9085530793393 237.19123927335892
622.3207574133664 560.9163268654722
187.33732716277564 783.1944887755602
409.08494237760357 633.0828774227791
624.4070527348102 285.36293312685956
441.61061398080557 344.1839693899544
246.7137752788781 583.8068004998536
650.5613044242493 669.8070404466843
824.0522144361879 585.5684877247733
811.8088310821887 435.70263033339006
444.5674168548075 566.7592842990247
219.96850499839783 930.0675075315231
826.3879368447197 107.95615655769363
466.56001851621653 413.8224906633103
664.3100550054883 870.8913270111452
223.94725258413854 102.44121676532274
947.4135364214113 298.9096912472181
57.42922396406833 42.096371039293714
225.35130964889802 159.95484488595216
934.249232917168 599.0758810023018
252.0790061333506 828.4027406149827
557.8617695262722 836.9634040087255
59.35956483553514 215.384218143585
400.8706370111966 735.4111910006018
414.81834389071486 445.99710483097505
947.8118080209808 527.744467205185
639.6099046536798 87.57673908719661
789.9555149438203 548.061647431958
963.2626619333039 803.7722495645128
684.5330819759146 437.445538900586
134.75268932974626 244.2363560939323
335.2467776058488 147.00700649792591
25.43119992676929 776.3941309831425
174.0096089703727 313.91919854752814
792.1060922380693 952.7856647837788
114.46417585645096 157.1591447839047
27.241016167537293 330.3213491345236
398.8093994969692 398.9550691550156
413.200255934109 300.249821834708
513.9714671264991 818.5534568786708
564.4800239456622 300.3073471667998
161.67029563454582 36.83874026651377
305.4637846511357 965.8556504619116
172.44594171379129 509.585763465746
971.1436089161575 703.0223770327641
610.7420368698181 333.2750123683838
291.6062908474707 768.9709518054536
146.19944501457485 561.6278595362885
98.6302083484029 664.1617040657261
898.500783085303 203.48857069981796
373.58583864473036 671.057762233187
701.8120699853547 174.48846833524104
879.7669189506315 873.3948240953318
896.9910056288668 508.3658185023004
209.40864618048707 212.39519390405218
863.4590614172944 236.88593401709664
119.59111014210181 834.2604561891008
191.4534242560584 575.7454796245934
670.606072552306 731.2347656714725
758.3897942548615 759.5272205067091
297.80121073574907 106.02018431995508
592.4178589840542 620.5290874408643
209.96021026206446 28.085198050479043
715.2849560461312 853.4340220317381
448.4916703652615 745.7402920251826
380.68650221229177 106.60339904941519
756.0587433841155 430.3804245414751
231.31756500529244 750.6690230707798
784.0206478858211 806.2155807875812
110.86135184113078 62.98670898057401
438.8632458486776 205.97419510258715
306.17588202626206 603.289533923013
790.838748368372 881.1262743173078
702.4430206573617 387.59814626089843
42.07967233042995 263.9675818797692
