objects
41.29960501222452 873.6180523378488
35.94075899825332 622.897932774867
322.23999509076873 753.502787617482
432.92978560241266 291.7867042497412
292.1882718975754 462.89816939898145
408.43845639660464 38.993425561945344
862.8676917333454 716.9773093683407
218.96427237953927 849.0636031620884
250.98823030626593 488.3825573070732
636.805698930901 431.1520975748753
689.5686174509063 678.4652334827966
649.9336842617024 649.7495069577903
605.067684021117 881.8862246973047
641.9633378782087 809.9004552043064
602.8983621746686 275.28468155559324
625.7768010854421 142.31275120718155
772.4355580012028 136.52314433627856
933.1889671346012 465.9602309178265
718.8398292250396 738.9811990426541
215.11553850395595 609.8440490079026
253.76804358173658 146.3238678110849
882.4977198956558 174.65454838173085
508.5609932359747 324.81293643556324
551.4499093536269 789.7459122106171
365.0969997164067 647.2006661247113
731.0196669314597 226.89853374260633
846.1086773552948 777.472251829275
648.0817813604402 301.75715259965847
948.8937377859143 756.868826931519
90.22087404536552 74.63366972248154
585.3126442754957 718.8345270397115
356.6330312185538 969.4588198439423
411.73450004316965 242.33443303201796
621.2023716952343 949.5176809640914
488.94619762618794 925.5826991223796
67.6912116649158 959.1126152549815
950.5125190044411 624.3857302132188
128.31233803118343 237.44353292833696
482.7602300544481 91.64793450941308
669.4380414751245 252.2614230768016
822.6823223454326 246.89052521188793
362.0236874314796 405.5650533445291
909.1143257003383 700.6040477257039
594.1983165134434 57.79191443719897
211.129400638339 534.9848414421133
52.16684464858617 718.3682520840817
716.7465310260791 477.7253338137706
415.5142675791643 838.7531188311511
303.8163019420601 204.17381422024692
106.71787933729294 810.6382109635995
677.7855170033693 161.73285954540984
164.67228874945368 41.057748255733756
187.4572737214334 293.0018253215225
92.65462540588649 764.2605697213168
469.60717978942796 837.9643649699033
552.1272345932014 887.0341372562333
917.910711114015 942.4811557930216
796.0079673673853 354.3878919429714
872.582314998359 820.6590821211033
455.01195907333306 468.18861934603973
348.28007370708866 523.0040679036621
576.91863156021 461.5443986099638
732.6185015055028 597.4135762392568
148.41557006455994 632.513266936108
73.35719120252499 269.1892810961477
738.1555074399037 367.78744249335375
713.5815897846252 58.85109209439413
407.32336117491394 156.12798857960922
306.7735597871971 123.26800019891648
27.823815539442112 469.7377121190753
142.58335057636322 976.4136502601161
807.8186209317806 853.7327753128353
803.0988183027122 23.85639468841899
196.38899761747777 964.0448429099033
481.3017477632654 718.9241288085404
766.3740464599865 317.21383759912794
123.04319103052893 919.3796340444773
94.64285063920674 547.4026151958102
157.8133199054834 580.867291267323
437.131947245459 416.53408105680074
218.5397448134198 456.2290911685442
100.78753753961881 667.0972148087158
330.47936424620104 297.82506056589295
674.3927338964559 583.6448592104967
108.75106876172019 315.21527292965465
919.5259975202463 333.9902905093173
899.9108222566289 89.10871671194776
567.5121707818848 193.5521487363304
235.87381072585774 717.0364011254237
292.2310880640731 36.09853563393657
656.8386809351861 349.91537793375926
228.7305295489117 363.4959631822421
472.2170810944742 598.5892748502404
869.3046342948164 537.3290908253672
730.2333965634558 275.6138754255759
161.05031176443802 855.1235669476365
506.6500708537601 148.74477905232823
936.4061910822217 542.865547172378
973.2493487200896 155.23286918810948
680.6998761290052 875.3136917151279
150.48623592449349 508.2466943855431
196.96032267698553 906.5102583822348
406.4808241678085 536.573460528432
591.4332698743318 663.6919989698521
917.4752678229962 386.17743302142026
795.0002414921381 68.45135285453719
270.10427612509704 765.6261010911837
563.3354630202067 587.5366437090994
236.13358429260066 293.1006489766745
713.9357465361654 963.5250095347438
29.586335249168428 128.90378391513838
199.01955158266085 155.6000149136083
275.413717281289 886.7784735288736
219.32348027524668 225.49900077381608
688.4013897948549 406.8435228719585
664.7176041940126 95.72184840527302
840.1975700445718 496.18474590401064
858.4733728253566 663.5211963311472
722.964746396665 149.08925433577372
560.744589587587 533.2518663204867
531.3381797193541 265.71234968862467
892.9316765299449 493.08932483830716
875.4630583509278 926.0539511773203
362.5200913830289 471.6022748032888
527.9140472285576 631.407407905082
182.6232772510528 779.0779662242252
952.5947742122149 867.9293493224476
311.8207729214392 371.15229062041254
589.5299316762979 818.1589322509998
103.36644420910494 871.979990003716
474.2093927475931 220.5766574582842
649.6440603137878 721.4931925723504
286.0399940023566 281.74358743483396
354.5364276665316 916.2816170470877
802.305104288688 429.6842228831809
814.8614955991296 586.532351076648
295.118675740692 654.1649966254981
854.5855211252068 333.64080878267004
837.9485895582914 121.8247982813864
772.513512748825 742.0123643376855
838.2328814548048 387.27570163997405
342.0813837979885 699.1297100686199
880.6623932099048 603.4785813447062
345.4262774098216 57.35490542737389
29.069563477287435 47.0803648647058
333.80051743786663 243.01967911688723
964.6973323078137 931.0321633497168
381.41172854322537 94.84459202776681
929.6739952722528 227.70875167793304
616.7261351019323 510.15985668129724
756.6103497953061 943.4965777231325
794.6655059413755 684.2160247215179
112.81844515687672 431.7254202935697
569.5132784905365 128.21775758940635
802.1166812118878 202.7716440246085
416.9756105923315 342.73299422904995
373.0722706665141 275.54162637113427
66.52316126611261 214.50486862612067
76.5329802311112 913.8146370821951
53.63246661112223 803.5139674612841
975.7186812396966 95.09183062210126
889.6510202120483 865.778342257762
266.7686087734089 93.43642060666808
601.5779718875351 401.46475172930843
754.04545683036 883.004015107778
968.3547617479466 27.77227951875006
309.872687906335 838.6444585449508
734.7504697618351 655.1467628586128
34.37956957426667 563.5923259767732
141.55225162555584 690.1427827992055
874.1788202335081 26.042630490924267
63.45122821250759 343.7335664251886
255.369733013348 964.5626584598482
969.7844892768229 308.8097891113686
152.91151718995062 361.02136356508294
