objects
306.9360832690809 351.61289351504547
369.2219951465672 775.1976596696041
289.0157699422016 869.5422583543085
892.8670417246834 47.9182445027467
753.5783460827918 215.39597986602195
878.5057022607405 159.42341811639608
299.7988732167153 681.0787419854818
798.9094833513943 364.3368294416032
445.9646172344804 356.270593515441
378.8652834737659 279.2554204713276
232.052351286954 648.2705667702585
541.9286026617302 46.071389152310466
48.62489001702959 900.5010992488035
572.4212462171046 586.3770122841737
295.8269784120812 49.89513334266192
587.7560617983316 905.6962149613668
903.6579320112114 656.5737734655143
657.724997637398 967.3889216095538
319.6258927132716 223.95935303157387
667.227124359644 275.97374215080134
881.3098430007049 925.1003628235025
716.210925626615 356.2485070520601
718.0757203351869 868.5071029924617
105.46434117861521 311.936033371295
511.27733469282566 880.9783538646046
258.59323488494397 143.89256159492126
117.76917491901371 368.99223549623923
436.02989625053846 156.3804839816718
147.71197858271657 963.0402212953867
885.7072309706585 857.6452317458507
888.2742001016488 780.8848696460465
760.6900636333477 311.20376498228757
917.1732336792738 820.7238753998931
823.4129417223335 295.36449717202873
548.5127725294535 734.4406220759398
208.25994488449234 78.04553209524776
189.12640473056118 894.8805778272036
390.4148045682914 513.5156317771232
145.4108169879143 464.7366824479653
646.9972439991338 700.8385310652935
510.9240057627819 385.9876540351022
491.2290175564517 764.3947000339014
542.1988523475416 321.3583904660731
215.21515097663092 442.04105863361843
555.3201079781514 409.0675277629853
759.330440328534 920.9792096196429
450.7984453298232 575.6337911899236
276.5369909597165 550.5133646471418
100.19162645780207 421.36666607024176
377.0414214566863 412.31878055859005
512.1552264372451 929.7040620660008
948.8896461439787 424.5806110112374
497.64273692668877 74.3037483270305
854.00588393293 663.2299370784484
158.17759415136706 397.751970364416
973.2585986157194 125.07384038158388
168.26873570352785 169.8788451383227
74.86194838058604 180.9493580534549
692.9429002286929 95.47653622959672
727.0574752185912 784.6428710811497
604.5970246167109 211.27467582143976
839.1082154949361 876.8131586029
881.5799862166689 725.6811448265474
900.3216731534999 459.7690973313185
252.34880774855648 717.2399093609268
792.3699974168512 729.4644864047432
360.10451028640773 954.9849150806692
172.01097243454717 804.7266231116472
486.8638556601599 296.948822702653
739.0257147612504 643.3710861509123
784.4472032392201 962.0352715133469
622.2757139726551 628.6414625036836
200.2859534900286 768.8270901587014
462.026686510194 816.4125892403916
621.383297840838 74.03847144735937
639.3367104977433 522.0086554271968
155.2678203611175 739.3935591725573
96.30072512477798 37.09358223530333
243.59147673634774 217.1426399449061
230.87109353655143 387.1140262001968
637.0991018179221 748.7114089672327
743.1477167951919 739.85828581097
343.173703523607 470.671010223523
479.6661432527192 622.8088583026052
563.192017935313 800.5285585048424
147.52115393381135 233.47625949269425
38.4016848749763 710.0403550719767
971.9874378655339 290.9213447089893
325.06490091145344 612.1703582039116
714.1109014951523 148.7850022682618
40.94353130809582 382.1078730674575
282.9027533794123 493.68857509843946
48.34697682767931 252.3641861879226
535.4346761793037 486.97594474005575
767.2015217747559 459.60764403339783
468.6000031885319 25.93342299203839
383.26305540436095 647.0207081299934
94.02947265157457 585.2593016639314
165.5541476631714 561.5395059161798
973.0029442988538 937.3041197520971
467.687706462475 693.0608028664005
780.7171161439412 529.639878547938
961.2909632816607 474.94077836187296
862.630927943515 532.0528476255399
862.0678417700809 359.39397460284886
449.7253316764234 88.6947860855184
956.9790311614647 521.7371888930646
729.1523405838907 410.2068393214293
278.28456509489223 944.4252655251047
152.09142397832707 325.07629873255945
830.1376586973334 945.2203535061329
522.4238560490111 654.0205022113154
912.9853171194997 92.3542763448099
880.7917667080078 273.9134116716475
971.9433774672614 240.43389274637056
110.85422979557572 652.6242477183649
935.9829532184704 179.60437177503198
322.19271947681324 779.8366796745927
591.1105132279827 274.0467930244466
238.8676850712705 870.7710887998663
774.3810604068079 168.6797464036792
942.4911829309949 740.1286818783248
227.19308372279397 589.9664573796201
448.26750793460684 457.1565080024636
600.4868036997292 161.4976193839475
301.4499426861479 281.82596453140735
116.74407199750392 898.19596884522
810.1967070221443 70.2515525293329
305.90042419343337 98.62309378269535
356.83253914351917 37.85011778876252
445.3091296786557 747.9754624709437
846.7208950223816 589.0792668067558
111.22190898481915 531.9949721616314
54.37577882365649 948.2261793708759
376.93182200062347 871.9768690223453
966.3238177599796 65.7082511190682
227.80330498579048 921.1120111516351
658.8721253170271 434.67267034994353
48.19933447721034 797.800294508026
836.8085367504931 467.25827367066864
130.1813410961753 786.3600946165685
705.7260316397641 585.7673507318149
636.6299177530491 321.3358359588107
560.1552724392076 861.06078467151
367.20403583893966 212.43619492201213
421.5007585151359 924.2594522922549
585.3272462186728 478.8416444447392
130.1294735717162 73.89298398928801
47.844169812092275 613.1900056249272
762.2374670821927 111.87791186107286
686.3796007576494 196.9803289402908
879.6336563331317 224.6368062498246
95.3642441298273 721.5312617859754
659.7594382499291 825.6182077487828
143.70652773108338 843.2614091656012
343.65122933725263 160.63281304713203
943.598003837584 355.5802942434205
300.68750151311673 449.2207846605771
500.30383754714313 211.00304049480033
713.9825939998233 702.5333992118078
369.92119272673864 108.24930647457182
495.1825100503566 148.62418193893882
910.6881405580637 555.5269529130221
463.80752455300956 247.47748177106212
149.30907469095305 29.64324018857412
197.16981595395274 499.7012368725168
791.4882424664785 654.3792014755583
150.78465627807157 683.89969088182
667.5028371902201 135.3393203885712
912.6519264864247 607.3716223898963
692.430045243272 494.82647381941416
415.871449212059 233.61487622898497
636.8320946661462 873.3141750560715
48.39628889821232 438.12308199437206
25.48943826085089 40.39109934491228
