objects
605.7305288080564 304.93575780176025
917.3498053629976 136.86817673218832
862.0189479479315 835.099816192929
527.0257699071382 454.69516671099416
679.8866814146893 451.2969546386495
408.6368327166159 596.7070551513175
106.96378526225602 83.48580556476134
767.4469189143776 78.0851967516427
73.40962326250019 242.6945129634373
535.3673005907207 612.1645884005915
427.4954192890101 78.25362099168453
839.6846068227079 505.44875884854287
345.70592522848517 292.67862635496465
705.0327484514531 644.376284142514
743.6954525080012 785.5286388253082
