objects
706.9827466370579 694.540920178444
384.92690460643087 383.76482460491025
105.59218945474565 734.3698448499293
849.7510514743792 380.1780945830842
840.9724031201113 861.5723166045861
703.4633040506521 858.0288764885875
189.21011486112877 901.3210800299295
367.89646280938246 731.6014975944619
637.8580290969114 345.9583361378267
368.83366395704525 202.69983814281827
772.7687433467252 213.27289250081438
680.0153948602564 563.4493316366195
69.39467610581438 463.75851291498816
113.50022548146305 181.5097677158369
913.9245468064576 181.40000306399557
