objects
534.7423336280309 244.84551061267962
556.8778077734801 780.6763241072738
349.34326674475153 346.2891640561604
152.60812300055227 398.03979074851895
705.9863602961912 705.0256240534161
673.8351261610848 336.6653331196501
120.5057525853943 69.15569926652913
95.6916311388632 755.310619714172
514.1056435154543 527.8524490651872
666.6653547866334 205.88314495759525
345.9386338542316 887.5872762644582
687.1280415288192 837.6546989503706
835.4141945913816 157.78691601758914
295.6647902492514 551.6417031290761
821.6497869195975 488.4065052315109
