objects
577.1502590020925 405.10168060983267
798.5937710247639 786.6569616656185
648.4406289135882 683.4090507930375
654.5127313576761 923.6345343564207
73.99721891822979 204.61397046326735
930.2667755870115 511.7549221140222
685.6963513712932 208.76272786220508
468.13471741152546 924.7220030781
214.5487043471993 361.8962216044255
630.9331358139125 80.60296836748614
747.3505001365767 415.9349590853468
347.4776259837454 145.26468759285152
280.74621014776443 702.4843966631877
296.31117308430225 573.8054549091446
490.4053473868338 607.9337858183661
