objects
86.80631023104206 406.19697948504995
803.6646520751589 782.550868188024
690.1880304863336 622.9338264141842
89.4349499463072 275.9115720995428
192.12843098444642 843.5900255616647
92.6618196564911 924.2999503016831
338.41790916156333 444.47827114505833
160.7472692575719 633.5769052356802
867.7996431077307 334.9392102324264
623.4169939220784 861.2291947000057
651.279372213448 264.5834627555168
506.49794186851364 526.5766587194119
502.40110136454894 708.7071258094999
307.14888136937645 317.30460936546353
518.2361071298786 208.30480265126477
