objects
879.0241458507738 221.39550617842986
662.4435853318035 742.1467094338865
189.35529026672418 894.6487594799404
790.5362748324492 257.00560135513865
625.4964062370824 958.2134943856646
151.05719610728136 162.68881523549882
560.2038034390852 932.3320836887465
447.51630804390044 134.690986678513
333.8473273105622 163.89559708064465
901.1412613415959 690.6618769988621
43.060044507380894 471.3060136908195
28.193828320583524 360.2902896783716
695.4025030224493 101.11289119300169
200.0577242706764 687.1439930700571
893.453140697616 544.8814057860151
948.9522934177045 673.0210960638013
807.64973889395 718.0859407618793
935.4151789138191 293.7401441163611
63.21522504558288 128.61933000811158
185.4852572925219 212.1610909386144
575.8203874319349 391.9068518636209
944.4856168489295 725.499411807775
846.83171603545 939.2437374237755
430.13877125835353 398.1297574768997
789.6808180990653 483.6021002907152
147.18900486612569 265.14317565512795
837.6009047884991 282.9394585959201
115.23896288120825 404.52258755580596
158.55495100837766 765.9560817713461
331.4815349811101 304.164773412427
515.7698260126318 146.12695540429078
649.5839521977665 312.857551955091
657.6370997810699 207.47208544684116
710.463501324165 174.37734235221652
400.9576239473707 637.4157445807883
804.4218004714276 846.6591591294367
620.7124506796608 81.83900676861225
266.4007932519924 125.42241301235755
627.3168637040918 859.2549033061038
109.6194372518318 634.3885984489563
555.4196040688863 718.6187423598591
63.01326525037685 859.2560006364081
767.7150089347758 310.0801656708606
369.5702880083556 915.1182079442145
223.24848367097192 97.2586469789179
681.7042650146752 909.8086147414482
478.974935865455 372.64953628486165
734.5213335952633 916.2996060594744
738.6469023387158 352.0026339926865
112.80037720845729 353.3887551762109
855.5158801500005 637.167624812285
271.63778387539946 830.751153152182
475.27390379075666 472.58678551761636
814.9195013399898 369.45294357726897
681.6114462170952 546.787917060398
151.95827165820089 590.2235456276715
733.8692041271477 560.4391408084147
354.1063222628316 838.1069287732834
955.3943222702181 428.9984485906521
303.1717370482725 417.8965482691102
76.57443801268501 907.2988502738995
281.0522596596847 728.3816533185657
441.7581754621209 747.1791171289412
349.3620345884282 494.7414029498993
585.8560076718545 602.9701701758679
120.37191591443553 116.64165269351938
388.6673585790907 179.54969741414234
267.3323514160496 50.33131648958057
951.686219103012 242.53698172360765
942.4866914450394 863.2525681272205
395.79809050969794 277.30076949895096
221.6250453376101 838.2858680963836
728.890897910794 453.8749285046031
527.6526723308924 79.91646262296906
484.2309915534445 201.75255146719812
788.3738405907686 129.83241624610326
174.59475886405434 374.3013677755108
853.9797929716424 82.4624881028514
417.222878670797 963.7918955839181
255.02559936130635 343.8233702448386
305.8314558372555 972.971256419779
496.6311995302877 317.44173249746893
145.5116649792958 34.27832434001128
385.90617380403717 686.4849737420285
792.9197957496796 970.9028121463905
152.12531571014787 948.4224951492655
279.2375545447331 488.90831597550005
644.6254884928193 440.31627742589114
504.83827660134386 526.3854623046965
950.6847722881502 82.55529293425018
464.08111623591446 619.990521486712
961.6056237948635 798.8043187682548
230.04059118736964 618.735221956026
749.5912864114067 35.848411984935325
399.3779198338638 101.03267960850577
406.1648053933789 334.72276982255875
51.20527379983477 603.9157703898369
49.528246889180295 972.4983109635901
861.4148109749341 844.4044052278304
625.7502587113432 513.2769265860135
646.8736557191882 671.5028825467152
819.9957854965677 429.8020665162533
563.372396724287 866.1548122138416
218.90886608117614 490.70913642919623
542.3423644888458 348.6672459920888
687.385268009951 963.9469417054929
119.98327823168933 693.499747716361
834.8627765157025 568.3274477111839
468.33046190738486 87.86290334751865
591.053268282573 459.80651023481784
654.1279313841102 600.7808258090982
182.4549582988091 301.73641917166856
712.5537715625145 237.55742245193875
731.3771552234838 799.7948634709913
964.5574207965947 945.1228154665863
956.4311257011846 584.9551452579379
734.7200293517418 618.2175386585712
872.0305740266692 325.8623543248796
565.9077109255909 115.70992673737489
252.6554292265621 434.55919439316654
820.5622751122709 185.5510193917626
441.738429033104 231.64110730790875
402.3161533437824 823.4790247526012
84.86125341525593 561.1804443656185
544.249316660829 570.4522343866872
212.53204417952662 25.934448267510497
755.4564595576566 92.21232151370347
274.96748928282267 190.28558780631934
806.3113205908543 783.0720716101289
405.39331823436976 561.2265708883873
573.6537995258252 306.72172028008436
89.86449228707968 736.3895549750971
820.8435279908399 41.36459045129502
342.87241265952775 243.36658616999551
716.6073208227342 295.7783479893679
61.24056594672278 689.3843452379672
911.4938220042062 917.267551182304
646.6235963640476 260.05679157195107
947.1299919087289 346.34395449018933
859.7553945030928 487.66307298857197
763.1067615552796 683.9447869879837
447.9244931312121 532.3024252700706
611.3991467238567 27.068514089907957
544.2220546884847 817.118249121112
505.7416267701621 858.8306666507351
