objects
352.16304092148596 774.9527723245321
264.69989047644026 487.1993965609449
188.4043974464607 117.32297699755203
73.38392499097918 229.4721071808387
446.97469888706576 825.9962772139374
676.6368843454468 922.9000025343751
960.3571097326165 644.0976048215015
457.9525140695271 240.04502712683436
323.63931873146197 435.15504940551233
854.3837983682407 582.882409296124
838.1058448182195 193.84577580179018
261.04934715349543 153.18447773906735
526.3737989601391 244.17540775068704
770.2282427876178 554.5594622660368
823.1614959046336 387.9406305948194
827.1830854745127 834.8897595852673
596.0299326591336 91.87971741378512
549.2006977559528 336.15382225662665
856.3201232551961 347.7160689334509
429.29358637041275 327.1472931170135
723.4341206122621 294.96993535760953
182.8430388656511 873.1436217708183
769.5320994880985 120.57534651961915
125.1991788908707 119.8745804499355
242.42288951133756 943.7876911195798
39.38236178440407 353.3187874557049
682.766794448629 359.00245311934066
729.986118107078 853.2832966087453
31.70691741062258 764.2064865430389
814.0719265421286 40.417828346453
909.36000664041 899.7914403726575
377.22736830058096 835.0961467159517
665.8038563806642 44.13059719837532
792.7990229527361 688.7026621681104
717.4180440187251 754.0472329827428
502.8713858545536 941.2483820160796
89.43159398139032 509.63327209042546
893.8050487521954 462.76141435265515
686.7578852445531 163.24284987623872
134.92226220996383 295.8231971244243
153.684918746496 207.2178165933732
226.37494211885092 765.160848475809
43.248659250859866 433.7298465670698
535.5020325680161 480.7514273887914
581.6123573257337 805.6293753912862
111.18072603883773 448.44860310766546
296.2639806290635 103.21623674731343
68.7062160968767 45.31766773812049
455.00836687602447 725.5643776675437
467.5025780987703 586.131857553825
459.19169797002473 648.1453546285435
157.01885757853364 354.4285154989846
882.2401669631254 722.8949167956534
883.1345789052086 244.19842870497484
627.7704599347777 740.5630546998963
543.9922805671051 671.4303877376537
68.6506752381066 178.20699804601549
934.9748239736167 53.345341153038724
245.86039995286077 432.3947043298876
540.8415477588759 102.80988524328222
273.64533006998926 207.2077748304296
887.8330001566721 173.25807181128718
141.24736136225667 673.5629951921196
323.5856140672932 911.1125154120301
48.02304281743352 845.527848852582
837.9350386668086 764.7641356800775
697.1628375916035 539.813421408593
335.7456655453358 704.6023906787595
226.91393038388557 360.6395960023963
211.10148378131407 555.9585988290268
868.2708957739455 37.94207616417185
776.5855261631398 822.1158790219356
624.4497807508922 263.12222524205913
843.0004809866567 532.3220592630952
270.694725870534 579.7231351968497
660.89041288602 582.4531975528773
704.7539325045755 642.2867004351856
193.60354234004362 254.69197905601095
925.7289753915841 207.06496226608883
489.4754974926595 869.2556946808778
647.3376705969931 965.541462264736
772.0112008292446 886.5685586285313
526.4620680981745 764.145392982187
558.5958674663707 193.39041597852435
426.88380973766743 481.2771576562294
132.71799119772498 39.876974730326616
481.80659963733893 291.1839174505452
961.9304789843666 172.3448165258686
959.1367323309222 942.2413855019768
146.94466111260766 785.5128487126796
935.9128324569143 517.0563561244144
347.17031292812527 655.5898364219032
230.647023131397 617.8189318059398
374.69998741140523 74.49825793192606
406.1316097300031 425.52821282743
477.19095124211725 392.9832500711558
402.1491970075859 135.48838411961322
498.8152194384233 175.4707344755148
260.737353303962 709.8108284615097
337.9072487505417 376.17306832344514
208.63644042141692 696.184290042338
327.11947863523636 579.5783796899216
514.4683235022851 713.7399072907895
225.37735267448883 49.94646709446111
119.3049737658755 944.7154084768837
557.2666982331391 425.2273957378753
829.2818611776729 927.3611379346213
701.3421725799068 442.6620666700722
908.4649323212781 785.0025295618133
294.0149575970436 35.44378450286893
568.7495912312522 280.7300837435574
619.414241502737 155.0437195123169
71.35338577536857 127.13160927933205
410.149361854617 951.0658792482003
954.8509812886081 381.0597685517785
618.4507199166211 379.1384917350313
140.7130788183778 558.2597837061471
611.9118411420503 544.7427308154915
210.75913804122925 173.24059806007725
582.4658781881138 592.8773171864663
344.8749049093313 266.8041658131932
723.0115926343212 35.34732439536309
731.3959453624547 383.9920304317094
447.7858526785463 187.02833149085956
717.0357956553519 967.0103575839086
659.3738297134261 827.3242350119058
76.34450911047698 648.9115076344578
884.1710451794401 90.7713939847629
560.4243856682954 533.757811121639
607.1765165872373 878.2093785552914
91.56842809908021 343.0617451174736
471.63907112968724 131.01097383690126
556.3951904110146 896.0597493363209
175.103114105495 446.2386192464211
944.6633870349035 294.91575167588996
545.3599986534873 38.05394576838719
193.72734215970613 973.1691215287888
92.34385264043169 746.2032289676417
824.5365722375399 138.72273834978583
879.2015023374812 666.500930898243
242.65698488544788 267.5615107740739
293.2765846317667 323.2173755892827
32.30766780234617 684.1880919460472
399.27660675922795 696.9118927011382
637.1431981079053 497.60207541154546
