objects
35.31410236104769 955.7328943153683
598.4385599454685 639.8151913035508
303.5991313000981 337.4615487532235
676.5388932697017 192.35729000374158
88.55349268326066 63.389712499559565
698.6121898850388 963.8918211976188
108.7061154340335 310.1588649495207
780.4718712388664 589.6034637511991
281.78031432729927 879.5476978139664
849.0480340867496 334.2840498553532
446.55226965141685 247.80251656432117
448.2771434135648 693.6270124653602
171.44778648857968 887.7869030409753
837.6724222787615 525.0582340593743
669.0437377196811 73.78355757131587
135.46550709013744 162.23715921750292
965.7965351019063 589.4070112885412
636.8720631879683 860.6379794933976
499.4202926534273 188.7745939935597
277.49943425842906 515.4882673560182
434.1219317976356 785.5092885851661
171.6687844254343 593.4714420757956
31.356457325070274 776.4876816569558
645.3243234674395 507.7852721981329
493.4037509138693 471.3342192202592
726.5601704051794 386.83306441168384
848.9210377683855 439.80261916032975
569.7996492690745 936.1977380362297
378.5899383721779 529.0519117869015
381.3422776082639 178.24984096019648
294.07693728811057 78.13404450180553
795.567421351003 342.14938545713517
768.98819165816 219.6901196327261
572.5643829085177 556.9091596182213
758.8390815574513 904.7922767483559
188.6533405562679 307.7672241787363
207.7707759886865 57.32403403810048
668.6321124712238 743.5227266255735
575.3719709272284 150.26227021211434
446.07548228845803 839.8057855627865
808.7030765203061 785.8203794058949
382.83034370519994 862.9615434687067
373.8902820642472 591.8231300791423
688.0759998390463 882.7399739438247
149.99438072734804 824.632121056718
305.0002530656718 140.02457241274183
309.96960488296105 703.782354774791
603.3131073245376 718.200394514998
53.02688148855536 307.586214760487
495.38176206466903 710.9349118566988
429.52112640370075 134.2149458078738
259.75106032291467 366.0723798139028
919.1228923484292 409.7205209648036
848.9688341888335 108.7876221356896
908.381463357768 68.98829254499293
48.730629205952624 581.7714612963571
406.3064685898869 320.0230608832053
743.4267504531962 668.3014253487628
868.9967193660092 158.53332757297
857.0717719211759 827.7125903971572
923.9805148174183 136.19091168606548
390.03824751612615 414.4120058012264
932.5225656923672 668.666621723122
240.21437794930975 249.46131349849304
695.9044131215443 481.34850075159363
377.63242717511184 643.5211267190068
612.2626721313293 776.6219895450237
210.39636257315254 431.6115601991263
31.071714425117626 637.8322550642656
372.37976149079 754.9456080457397
803.6422272903682 35.06075331588751
233.364308388078 931.334681403987
43.09478066706724 205.53654942956754
395.69250015072254 266.147759050884
678.6005987143495 297.38921000359755
854.2324957933611 209.32300404840564
791.973823258217 107.44070390116046
485.7093778881947 941.3962985932234
968.959788073281 193.50001008736015
197.84015488695206 503.55207926645403
713.3246624833897 134.05952193855384
770.5248153449907 284.63883635722516
543.3375231917174 787.6826808493266
143.72690045429167 477.46340514008136
57.4257299626841 683.017714329257
920.4177345377194 849.412141794917
609.952240260718 34.34311853798841
314.10755058860786 937.0297859555463
350.82430622888336 312.8547173515073
549.4782487322428 219.425210822074
427.79844090335246 931.1907222521834
728.7112345641839 562.8581768816886
574.8859383607859 78.24191492564131
835.0233391112434 667.8854864005814
176.13789638803195 973.6840858392484
139.6702726659376 365.8075340554513
888.9967930216948 519.7051086027718
479.41273029061756 574.010269191472
479.68352360729455 880.663167530952
677.5400034116194 243.96094579525393
970.3201414932956 814.0655373151856
158.90065326254506 413.9354669508899
958.4270774702292 490.84678801025524
72.8588733488728 140.41905310675625
484.9430481291371 421.9553989822438
497.9793685481815 64.33917465599538
446.5182345329249 31.018075509342967
393.11684907819284 50.01879490047596
60.378955394141755 876.5597932940527
768.370024456218 415.75852876694
101.10520345433487 776.5616172969086
280.6809659315334 634.3054454918512
616.0563035348404 966.112341180746
173.38099503089185 673.3851187296087
150.7395489755821 104.26561711607525
31.593879712996504 504.70754716860426
686.4537288223672 641.4957092641264
119.43568892742218 591.6772685250099
225.3228321886786 666.1188480053072
186.62018610346223 151.9846369174756
856.3229372872283 905.0160776711584
606.5596188685861 191.21067471978455
574.1182849256479 485.8312504113105
817.2596622690678 247.66227771949437
392.1096904489298 479.366854064326
175.1779077010164 233.99229033786318
98.6796530872724 545.4449934722376
354.7971950024042 802.4980534828481
765.9379244268473 522.1442855076903
883.2180684572553 374.6275375528017
475.13999616671856 346.9652147186951
561.0357874273033 856.348963192521
117.51654912760232 246.6486921925322
344.11940283097823 392.73562441704337
588.7443420401509 291.8069528690401
914.4033801478154 290.2979237435675
471.0826882496942 296.3627214392766
899.4647916968353 793.7014153525461
249.76186727963358 196.11036040801696
637.2278470589971 410.5473335435254
216.7755135791771 781.4780510259061
628.8309253862991 348.6086664925635
893.0430700198289 627.3475921574767
309.53440228968464 229.05288492735357
100.67118605105848 945.9247260141171
