objects
384.5603373335745 789.4449234568095
201.49797480706118 876.6274804912495
947.4575424426076 244.5790301058394
249.05256431040996 400.9818948104265
322.44727054323977 279.77275134403106
528.0995364084747 408.58646639733115
601.6206830262414 246.84370442832147
680.7486183549986 306.7976296286653
502.8348559156322 810.2460459015794
921.5592143041943 122.53208730868539
373.8307322169823 139.06252119408157
587.1438623828267 106.47665565414589
972.880967512353 633.6924593079615
182.96150442102558 704.0658719442326
857.5753302796271 316.36981872379175
864.6407776378128 919.8715297803112
428.5030633365781 625.0583934885753
688.9530894222089 790.2978635376054
908.8613236491233 652.7856298569096
567.4456095123357 706.382118057485
46.92601626718172 185.9759270369849
48.12500826870031 915.1505683223626
329.7754478383734 338.3918309612941
796.0286635512499 599.2422270439348
456.0819588799089 862.0046271056026
86.22462420118723 666.2121530462452
523.6194534026299 145.7159027218079
238.22287954478375 468.8646374258755
670.9914779759813 968.420712222272
298.3290092388969 490.60607720702745
291.37373498018667 836.7914793808305
549.2627637372655 973.3048668330676
798.7511624323151 545.4920633736747
779.9168200412797 700.0654095429046
257.0051482893096 289.6533982980003
640.2886926566503 662.4646067016827
286.7329180115834 158.91413252949147
502.95007106353995 691.1751575931728
150.14641798916077 973.8380123228359
103.46648008239174 787.4855136656366
705.2229914958782 435.5251733624602
569.1187507405382 770.1192376969627
92.23893051210335 836.3051159628653
231.0141748897065 689.061178625546
65.26158841296937 547.905039272326
436.0878190342135 40.78553656930572
261.4709365949956 81.17115288678569
513.9288146855861 883.2413473697555
508.6671556377195 201.39617154130727
191.6507429619291 287.293414806601
922.030482767586 920.5927625113897
448.20367650938516 785.267766083422
410.89754984687676 559.206308460366
665.2753217599142 49.804310176504295
560.4635823783761 562.4211854031108
578.1411942971941 502.14153347531345
774.7445693129919 452.3041801306108
87.84583210168428 237.52472653244544
258.78924125661166 585.7102673676821
636.1717835278371 402.2314214876226
831.9240554963093 56.78961105089486
824.9752362288888 367.25034856050877
695.2339622486484 367.91089848733765
360.1946304653921 85.97392129591888
628.0798753179027 312.1072113915733
720.9466970985239 852.5138596914082
969.3332877732147 692.0732470318197
269.9812777204588 222.2334655727363
852.7996776444782 668.134638131541
518.2462033146483 478.3317619670552
382.4516916246033 672.5542637325483
646.3609144869669 221.464414297232
781.2695546117404 804.8845456653952
961.743385322949 400.9918837768524
428.8096575136091 328.1515412428837
726.3528786722189 183.72988294512518
843.7775230782499 198.93498999458268
263.90291651784156 341.7774718257277
153.65262045726544 228.9567934215778
31.025767589472693 721.6693083036658
901.1866852327444 546.2935497711901
48.07570773521868 400.72101733705495
145.03862847788122 458.29589095776424
964.7502993573353 818.1771906880648
777.3818790457768 927.8780015735986
800.1517819790919 860.9025726532137
467.53007850371745 149.82285247821952
498.7932326746529 308.4639697676404
557.5855035564184 633.5310222221697
217.3295373744095 529.9357543340868
652.3719627863562 596.3945862544913
317.84036947050333 617.0385442101249
357.0838317507368 186.07821680132975
561.3004076914709 187.48527273145422
853.889493054873 441.7047288237167
954.277973191792 752.8895030690745
278.58832936971623 770.060733739714
959.7839907970032 454.8841947668854
463.6021099123354 400.0237410485551
480.46112509092455 530.446367716083
580.4168201435596 377.81163210686543
191.83199734146675 779.9772725940744
728.4138207811754 517.72588016994
811.4463610763697 264.96157824703994
344.7468930210887 743.3010589755239
818.3946349347007 113.18097600320004
42.09906314694923 105.3147009396289
420.15235728974375 932.6442425366424
28.50014433738037 799.5518222033252
182.1718881163329 348.68380736823644
105.66866815479521 90.459356502057
732.5580302010743 269.3905384330958
86.92065569320357 497.4185247493385
102.40187463837954 307.114514233258
930.3415354896232 503.31226563870007
593.2324701100075 853.3203760186383
376.2863473325131 423.97033376583704
646.0487018310362 745.7270241018543
206.43878597406552 935.7287581553843
117.72108288410982 910.1506279794513
164.07661533076947 533.7506798222462
965.3708163313037 35.20598977260677
612.6710077795484 805.669302874398
697.6645830780215 639.459375148024
133.12436602550562 608.8722643180811
421.79782325875595 446.02547517432595
940.6543960106401 182.93367916458018
640.7250333362183 122.07874797029326
969.9838644969012 582.2105026152557
340.6514989086459 877.008824233743
81.44397236231671 362.5913840931463
137.77316256441617 386.0898962056283
747.9185314330233 317.1858847504056
619.7069210996827 951.8097373488274
605.7421240345415 616.3930126804229
270.08012961231236 971.443879952338
847.2667712266547 532.6154483102807
719.4474341917936 943.4111388597319
610.9903782234514 543.946395888792
476.9340183097645 641.6170673247371
899.7387851992968 848.1478461985762
157.82368922073573 161.7828925246942
662.9046906997829 476.54309480949445
527.2975126289252 59.98890297279847
769.6237780361548 41.98373312544538
