objects
209.48934176336164 29.244178085503883
454.37770968488695 619.3895124516541
228.41060277315754 286.9014716033986
179.1159564804738 360.08143037941653
88.77216502107406 955.4381755518395
342.47109002264096 841.0518327328941
487.1154651428786 73.81475768716713
561.7344392634849 518.2115561968103
174.5123077448383 506.2277029165097
336.40953098690954 608.838612392227
761.906592957292 763.6328558911907
607.1675897095255 63.12940393041883
617.7952895120039 892.1474069814802
100.6669420522917 639.5049997661969
519.1703946962488 645.7402811359619
309.1203269062511 452.75724515727853
786.6117600555485 579.531812026821
188.33849016743847 821.244335351761
851.3041660803066 54.158051577468854
312.36183928517676 776.7711818389351
471.37839297849683 709.3268258106092
460.16620660381193 265.42411918812616
276.5968758451494 347.98389097970164
546.795991105968 289.0714982389786
49.526621471461624 586.5688008303473
439.7403944497568 967.3041883673819
503.95915435739465 871.3979942105545
717.8253539734684 266.88795404608175
229.9680154517601 162.49944720991817
651.0409519725486 757.7435345866951
75.69135955752986 509.53154149776987
176.84351107556265 922.6996956747099
545.2852984797128 117.28592558568864
693.2607239093347 135.9571506918965
515.9070757880727 927.2386462975296
889.2913783460081 511.7830497811384
874.9452252538352 414.8934398172518
410.9989075824059 750.9623518004474
152.81141935049214 223.02043465479366
420.8200449485226 395.7725445137453
842.2382265483493 601.4941687207007
706.0064111960658 327.0690898905732
655.4233743632362 235.99553532681009
724.376511820892 88.0994794701923
318.8957175102878 706.7784956409685
243.1433766630636 529.1338648815587
93.56430919519754 101.5543381407909
841.2982521572075 197.73926963203596
380.2256001285163 688.6987172919996
755.1142248854158 41.12382348377663
362.2198039929556 260.53543823675835
115.45692481081406 464.2821283929115
580.4619421024046 728.2566557931698
52.284302446459265 738.5062359722273
83.9032193118932 788.489748612856
69.10245397187938 224.59420943618727
844.4657875076039 829.0063943430771
692.5785929089756 831.5110662557967
712.7740245795329 504.6863226765336
820.9425277457643 772.0733298309647
824.5563361786245 144.91515337001317
475.1055384152144 322.6518804858095
215.6304531383385 588.2911908106433
437.8657497089909 148.44072597094936
110.91794123094712 874.6310022237706
542.3336563140128 31.14645039564476
229.8371278457246 899.0565079292361
652.2238656083317 654.5097475834027
384.6251592154596 950.8845569335588
49.914629624359634 336.90810695244926
921.0900477027726 156.19110224687466
450.25691613795635 909.1932944728862
289.86885173468767 119.26572272654278
581.7822387540647 439.66805465774263
114.31474421000307 579.803587277617
488.5211415336342 404.3978920430611
531.6091229352189 175.84533557934066
213.33595732732056 665.0998095415141
374.4157775469594 126.98323110195075
760.7480179841259 867.5923394020504
