objects
238.0269430709722 631.9298872298726
818.4984962212619 320.46504264620114
853.5968959583271 390.3437718754067
237.93714219376915 753.6214104879973
339.3186422640025 656.2511512578855
137.691579289839 97.80670358889469
109.66151618831908 36.25399438994228
956.2418714256563 511.4435361925381
669.1429644110349 624.0725975799713
444.8733174084805 737.9026129983598
744.3140417141389 58.80763457420274
549.3788953204431 549.8341179179431
204.07205369428337 265.6199501033333
612.7520500506547 807.4355339268847
173.04405025245478 332.618703754527
647.5245091119494 130.35826475939774
530.2099529102702 615.0319374357576
241.4761739074017 856.2476462744044
325.20987984305054 469.4603219321755
838.5937997826738 498.88771856211895
166.57567213551235 708.1875535958866
442.55447250680317 439.3070502425364
507.06179712417673 747.4217697874521
817.6466701890158 716.7731837427025
714.3676233663933 136.59571320436194
949.2120004609226 54.45701362208975
866.33911121865 937.8198710509807
238.48713157644914 690.6261699171433
825.4119123306652 897.7802976982614
634.536046739885 217.132833946252
763.0677846030057 920.0228343075131
153.61559607364774 444.0826939758734
900.3068410370395 439.1456867915629
805.9208643140646 116.25726137623384
189.8970306424399 39.041593993664435
883.5631073927588 322.7664719107402
316.1299833758491 80.2244390485687
655.1590311860941 763.5296011123428
968.121064671648 303.3953675130057
441.25569724816944 294.108376070308
149.69520434584578 527.7474356251158
715.1571072351943 741.4339438611461
581.1060518750355 154.3488916245063
40.9210432040423 431.6501013697697
691.7185796928022 491.18405790972366
617.2524997877731 869.4066941810798
68.04012296944467 749.5887350395302
193.67878950170976 188.2256555426529
943.8287796110442 864.5947986146774
319.9233092056937 763.2720045999075
281.04160289406167 182.90104065652676
959.497157565773 732.0595238860831
691.6121398061935 383.88974075119734
932.088294885893 211.7919954580722
512.3577725822829 355.03953067224444
29.088617785098005 504.2188341129221
681.768489203908 549.7276255748556
230.181816145127 419.7165790463197
761.9569017104164 542.5138095732674
31.254722002638587 681.4594475927897
582.3088342237211 321.5029232644984
502.56603521886205 687.486311939359
61.48740119437696 273.9230210676119
378.45304110607884 928.7353654514922
582.5552923759507 691.453291049635
58.962719533891516 805.8091722313103
69.6893034641606 349.7458395044976
763.8695146656904 172.55104347267255
315.7884961707964 309.3125247195196
313.35696123692514 405.1504371448149
770.3551860243393 275.87139936449785
596.3390043063724 93.31591642638371
355.3958366823368 154.2328495492066
371.11138473671593 350.01236757091544
132.53073676053614 901.164219639374
700.8776360556932 863.0380473360347
350.4057789342841 568.082396296421
58.495106681617 617.8696208228316
45.85351646700894 73.5881946214176
294.97808143720914 581.9676172755001
