objects
899.9137438081351 54.48832567733372
687.3050172095789 578.2257479183105
377.5566585860577 843.3862738476943
450.57138557081987 572.387864544564
486.5897528033855 632.8833367704474
297.36450150121874 594.2368640272812
835.8763826331175 725.3140394883823
825.4711039163786 639.7871243821955
617.2148982085779 313.4917133329449
886.6511877756458 121.79291344397915
884.1068052672042 193.56337160221716
209.6471093744081 561.3553583582043
874.295549585685 524.2937072579911
634.0724283443528 475.92325728978545
318.20180400338194 787.1327102119711
568.5555941115113 518.8419792369957
953.1697787420103 42.488533515484114
259.4575420089089 195.8651943247499
804.7959412466445 195.46340789992965
555.457567415696 895.4631892326105
244.33645217380422 616.7290332459374
191.88088778569355 939.093778070668
132.1691290024022 967.4968276732856
819.811152492732 388.8823728827884
319.57529171103835 103.59680084629619
562.7566439321934 450.37540574741877
850.603240839911 293.67706605815033
384.4882619632573 732.3025995026279
325.2159610823956 700.66730388732
159.60814443220173 381.08173871003095
651.6748244176599 386.7671024460217
764.2301724094299 366.3546620839465
165.23062989264784 153.98430738182878
328.54136805666565 332.06309846443787
248.88011639391675 264.22740919224566
469.3337948874537 185.62075574813053
440.0595411516037 963.7036567471208
588.2315665947928 946.4041396250667
621.5275758349595 81.24040906564717
600.1332272010816 840.9470287005134
912.92313070966 454.085279340179
259.4429690420281 807.9738621218077
777.406491372539 486.30369726390427
183.8079529013492 456.19003643351715
384.3526835187315 393.60342190985284
430.09982221288584 314.0539825835549
64.51229969081275 842.5868595018076
921.6803905137151 585.9747726510695
753.5948094443435 170.96920235572688
728.4274613401022 929.0085920904392
718.8240269593945 417.6825185919563
97.84294865334937 606.5411037672767
186.1854706309475 230.37917038492375
679.5373990826287 245.8377378864274
504.9558379162272 362.95583468264965
101.82261026213781 263.66228467198175
550.671823140433 257.87752237241693
759.0416681918584 284.26568194321237
635.9080793161862 666.6174041066587
779.4069441197536 87.22160363775798
545.4044143658608 625.3353042568001
550.8975649378768 762.4396856411518
190.94413562735207 777.8117492272895
867.949802297567 778.3845891349201
760.861814868134 561.889700220661
437.48171483565693 415.94796353259613
717.5881480248006 733.7858555002518
60.95106472908628 538.3336932474256
339.52500157946986 518.2088862641182
759.0023703601004 647.1642483273647
961.2011396633418 951.126093311654
485.9938380109874 744.7060040986494
916.6730561504121 722.1906584689343
554.8401963437359 159.55490697302267
877.1704551727728 665.4468890349714
814.5460227660632 799.9735493434788
812.0383186853539 898.8318122817412
34.63632799234069 389.3090575021787
57.15867200489443 929.898186649239
384.89709833936024 940.0719665144819
