objects
347.7765456575764 398.44830766868694
809.5514489341441 128.8120352664556
942.0832676542319 933.5222553933629
450.1147592960011 967.4427687394397
450.55596032122793 621.5382302255255
550.2313404090391 206.72598971952652
107.23623531842084 888.2310588673791
162.26997711905926 187.3528790252073
188.14553422320424 429.7069585426428
371.4015594977868 518.658304008755
767.5177895868914 298.15906048952127
856.2769267904671 794.0391940111705
77.00773620840046 956.4428342053347
360.4575797094544 592.5594122126289
221.37546910041704 659.9615372551903
295.8904042945518 835.9384729916244
904.9381501000247 132.0091022768937
42.31882423513733 587.9235123196511
502.8399622516945 716.8012483660982
939.4869989783747 674.2587958081873
574.3010859136883 507.50043921823453
237.881388812159 555.0565184891823
910.6854386181623 211.12095350000058
74.51183895375974 378.8205544929998
964.6760726631178 350.5849798028084
886.6557039754421 891.6200216959547
288.59494894142614 415.09443612780746
109.53853246997342 124.30777095750639
266.3655148368167 715.0510601455492
373.01519440337455 794.3812069846434
188.08826732360237 733.2270987323717
142.82547325255362 356.71977120134954
721.2199499256564 376.91201415480856
160.43015792329254 846.3997998844338
766.3815518069554 623.7314741818338
272.90384120887313 102.86474670591005
168.90788957351455 100.28386001903237
425.4503980454269 469.52696093251257
119.37838198789984 722.2863023117917
667.0168126737988 263.4119852195304
496.3550399653401 805.39728874084
680.3691773389637 96.05245829634286
232.39090828989893 967.1640854410359
344.47967631453366 195.5276410453194
673.3261736062411 526.8970478591808
613.2060394736789 137.19971699913685
971.0392395884608 278.01557963952007
140.32456485635038 790.3552251579675
308.0807130967021 917.9495548196845
692.0518163008107 166.48392451375864
787.1939858911692 957.8774644592619
662.0058280262633 718.8023940790752
928.8157505349657 767.0136303452693
509.7003082475617 345.5429455201774
390.19919106139855 56.49067579011056
469.4157017678178 107.48575568287018
597.8918171919781 69.39628378771829
215.58263078794167 369.76155692231475
463.9150461020036 222.00181328816666
402.89890955960834 148.06447439296178
45.88296534341462 842.1965966315423
643.26691810607 839.9643632749741
157.8926782197359 586.7538677584198
687.4128676904093 442.6894076012124
860.1828240282554 426.2055583431485
676.5627436018399 597.0029709192836
341.3759869046733 667.349893328674
416.17429310832233 257.5277250600505
792.2387611032184 482.14848139408224
611.5806535387607 406.7095415480392
767.412933626166 852.5763155515272
101.405254142715 465.66453540862193
90.74188080162953 71.7184299391099
852.6697242843753 205.27404109754076
612.9502711739698 658.4725955340277
270.7588172362023 178.69239781955793
135.19017117943696 250.7186833161296
788.5465888608744 235.55521087321765
889.68670327021 344.78102505652913
339.87876899560564 264.3467757927022
