objects
346.258000081805 109.04229033285687
467.76889002117014 151.9569207330225
881.9640982903627 304.7241156552168
252.03927044487105 528.8446627922133
482.37967696866974 705.6292729786884
391.88518428369844 462.6771251686821
843.2606664308183 411.410002078778
732.528628160863 169.50952847820858
24.670806888392057 119.41254391611301
624.6268310907733 58.52109412735784
828.0092621968737 918.2118801991774
168.26704446193878 598.034556980907
56.73488801951749 546.755380723648
454.6217884562799 958.3602271552738
766.5207282053328 236.366158360133
538.4619395575155 836.6495995836865
773.4003048712251 543.0980710204402
534.3287880069241 584.2582190537815
867.5057611378878 175.76981656301157
355.88577873694203 714.9741239483149
593.2387592242405 785.5274323010344
880.7403873571981 784.5506032684922
72.85569533938354 489.1788964910976
887.6305997679349 652.195719585894
636.1154935471073 323.97084467959144
316.0130614371358 663.270096694936
819.8668046833964 107.77328682437985
852.567265065824 468.4428164834594
966.2105097446733 777.8408117294667
791.6862248103508 805.872523777997
723.0518219859323 565.9480134855443
442.1841224871263 797.9667914585959
958.8757687055704 901.930395028679
96.06825086839461 972.8658232899207
639.0913376445043 238.7777450812299
142.58395427447033 511.79411093196086
279.3840130006987 692.5851721932036
182.9280646619559 433.3244928546553
37.93016792968022 688.1970080392433
78.55356960990787 816.1377339290981
937.4939726546165 680.8257709488257
651.7216763361265 801.2195839450512
352.1105185175975 573.038487633559
638.851118182063 546.176508684864
206.52868121909066 366.67976983569406
169.84573559992498 330.20168599895874
783.5097431856311 413.2294093976234
39.21346089534674 873.2953837960767
206.11903749332643 225.7982637407584
412.55062567077334 639.5342618736346
300.19261370349625 959.8844239943512
299.15532891029227 402.56891732419297
619.5643127965368 187.44008477948
708.2056305967376 106.37055345341341
432.83537040254157 267.3490447945232
