objects
913.5718440072772 933.794961536293
636.7526736530943 62.795868737260356
966.9964853889296 555.5758504154384
91.3359265406462 855.1073550057756
498.88748347742717 254.2279445049315
409.4047103920152 131.4187157530616
840.2121596896453 151.2924017663617
350.74048538367606 599.5611203845533
385.1316001301035 638.1225821121271
297.6827004801804 543.077656747742
52.77614178037786 728.9913747228026
818.2447194279356 297.07194681825956
35.31393093088113 122.28772870066098
281.10500990801575 174.0516452584027
951.4404681726609 799.3881941796251
310.7758588986085 677.3822063463791
583.4190945682294 86.56043073194651
441.2028119378065 668.2821990936488
721.326386064217 60.178713380173356
410.3880390429049 488.46457661783666
442.6364783337334 373.23679309245586
575.0034906079314 158.9254635349985
440.78130319442084 737.6649029447336
594.1470314708591 333.0315005540067
860.5073072284404 587.9396557004984
425.33250756599546 963.0938312297839
964.8048712351072 356.47960401044145
564.0215238654226 864.0761477688784
222.90129765724382 848.0886004621019
920.1662399358139 531.446017266666
316.1191557581062 734.3727707652045
100.04055326302787 582.1897294187494
863.5919391858278 458.7263133188193
513.8270006376227 472.60178510805645
761.3079952341925 541.4333294786259
721.8715306233612 214.29599137941497
747.8667367299789 909.593902820169
462.36519292856826 452.48433844691306
388.92877294697416 686.5872625717196
453.49755040268565 296.3344682872332
358.9327008068541 757.7936961480326
676.7274654711078 106.6994288039607
223.83746954699916 963.4511120210923
539.7232481387249 397.64618365574756
944.8515762247381 469.0391170545922
439.609786246604 91.87444965475247
793.5084085679546 610.5606220482184
876.2547649070506 631.8354383563338
609.0939939058525 930.5953619704042
231.20329003647322 673.9160080380358
289.3147237562266 428.1120103386926
165.27308363102352 713.8536800184341
234.63316466422043 375.6197847976305
102.3578659195884 147.1497355632808
498.557417826494 34.27979340821373
