objects
245.89700830822704 288.4534619264531
400.22454494552005 233.13434240357537
225.9636458191956 97.8405128504793
676.1596880490266 67.68824821442865
366.9566645165961 513.943282440367
456.7305552013163 487.0284149328212
615.0678884455594 476.48341546899803
247.71925655113793 866.7226737494198
961.2507347172677 720.9551690992365
816.0250650375835 281.9734574004624
251.74778579872313 420.62591185302597
928.7003798512085 770.2554932709435
775.1618004397211 568.8502349437427
947.070031510903 871.2383233681161
898.2635686666774 602.4809030632857
894.376814703156 187.66202464498573
179.30624092401428 262.69735083293887
732.3029985326172 944.4471788413765
744.7708217392258 497.0625154001152
775.4124073390026 40.40645117140096
728.9949946666147 437.856187709247
353.04138640594965 428.44388137284614
739.616663737705 643.4256054141413
515.9711752803747 495.8455849816253
670.6923769432465 853.8702890704286
578.0339669587576 528.8371898921737
319.64076016236334 958.6690490734791
382.2972606577804 623.5080806113932
883.3999573599383 443.46680787049195
546.118241855479 797.2527499593398
311.4272483877785 60.44707011625089
854.0200001781503 898.6496975351874
848.9795838871788 767.2269581411053
772.9133642885638 787.9396501258469
300.6430392917039 836.373983070614
595.2280736207971 782.5098230759525
112.81632945639781 237.1560485643724
190.65238898606364 975.0641888760068
970.0788463711425 51.73798607936132
296.6805345084008 712.0702450105133
437.06185447632504 399.43810076059776
795.685011903355 331.53382553277584
535.6282680088639 425.14341511493103
319.2043316462167 307.8035887622183
327.3080224515411 175.63975882656476
446.74497931244434 972.9226015575846
439.75180895261917 910.2756855918218
49.01998366338968 599.7892468362321
34.5683979847228 100.48790643987232
113.27486920584558 428.14352324591437
861.1321487192209 259.0763893131101
480.49242869228397 843.4150422954608
192.85019668014874 368.2839361015036
124.80455626256999 819.4917420765918
176.5915450320926 153.90773158519204
