objects
236.13867845964802 901.6382800571321
118.73419705057044 437.2549363690898
831.227530057943 973.2838693726054
796.5095291653075 408.3493597817512
528.8083628989932 911.2130332194323
196.0802660626322 464.2961224092354
322.03020822708675 905.5592745914611
288.39884796550075 93.59681700594022
415.2107138200447 567.6680837696633
707.5973267801553 330.7412502805895
385.27496011013534 817.7162986486765
463.3201083804287 801.9544735462648
541.253165609841 659.966764195211
811.995300844747 654.6664870148766
752.3119069134509 188.04119417042926
641.6653556139244 578.7785658708597
124.30446227904277 301.9120749570394
814.2338211670157 357.9741380192173
299.93966597142764 470.92057098892406
603.6670193837746 878.1270252144207
356.7834007134413 707.2444718097014
301.2539425550882 801.5338863829767
855.9569107931432 416.17577328045445
706.0925142755813 68.05847603177673
166.4053935696753 84.61839860780003
108.1884929407738 631.3082088400652
690.4586156440677 123.45484197756652
510.48283317597406 326.3923767037645
842.687235215142 587.6455576455302
736.864228804995 650.6168747687784
645.1230671757875 271.32359755334824
258.3376341596186 654.5122852083638
115.50405031105578 768.3347269904925
343.97171401541084 752.75767774217
450.1328288073904 877.9947742692295
561.9627646307333 734.278684952751
294.0249719641381 164.7391356262469
886.1945989906962 861.4740690816288
149.95964644864904 396.61380622433285
585.8228009710563 274.0311840080169
517.5310460037367 126.41441106217057
940.3020890099612 365.7941121307107
862.766976512632 725.956413569755
837.6188640777054 474.43623740778924
266.7913498826011 736.4732708299397
57.058945877403616 582.8511467632574
758.2472255485695 773.4362639712126
947.9398349878855 879.4719075591264
788.0594492492936 35.19429877528229
924.807228805561 758.421418660318
794.3302131803536 144.03645505960014
455.78186308912154 525.7758381036818
157.04462721942875 231.71795843476815
634.2685787923391 186.41548065267133
71.25577800933922 329.31082954282624
