objects
795.7250325735291 943.2122033890679
200.72824060905796 272.0169503375969
501.6896869489384 935.6684456226621
516.0275288781413 804.4640086684607
319.70001808636016 364.4928151668088
540.9645036872082 539.1196666134839
479.58135138965883 127.89064320174695
897.1940616936055 788.5233272974016
275.8862155851258 913.4020552931629
734.1430211564775 516.6600507760119
593.7349424263826 448.49103767670533
331.4276832766004 442.7787249361703
277.3469071700138 265.71588928558185
469.90368071953765 221.74043426253056
232.5460618092675 576.4426805655941
133.22671321913649 743.5885005598842
795.2773668697658 665.9991009022864
488.1021454487385 569.7886963033637
281.54627224418516 818.7270662927227
643.7448921767887 809.9041290407928
409.5278674294659 295.9120310800539
604.0822703210655 214.96799139993578
311.207417962258 56.482313434215186
578.3132914054709 964.629502043508
122.54806210786967 644.6525746729487
627.4094147725227 881.5442541457877
179.16694315639472 213.00235841590631
592.0468350768789 599.9396960076544
146.5396948002964 531.7086696923925
322.85076014356355 729.8101351867704
415.25435592515794 803.6466196615639
49.743151757752244 889.6709744049756
841.2946324486461 585.9609280516229
142.58882596096004 833.4865801842526
849.0509208978114 693.4756491190091
684.6968638002911 284.1788643371066
142.27133360583105 345.0201475818494
402.55646199628006 460.762032987897
887.2313096509263 141.57894515186229
975.5207070108304 591.6852708980465
168.88168513497553 479.1155076049555
880.8435729261814 924.2427864561637
642.8031403541451 388.41441293623507
943.5847707193061 898.79050951952
792.6933414288321 341.5204198202538
86.32761087611121 793.2654273094762
894.427364115549 474.5993604088849
449.18759604078775 644.5974659506645
75.90662191305285 944.8049975834163
206.76089379822244 442.7365945352486
369.74116603461334 118.08168653280414
731.2694901371862 944.5678683029372
285.52205704337814 117.87607137040348
329.34438632953197 947.1835735615452
901.5681498586929 334.3942367856439
