objects
239.9573808481053 485.15661377895935
709.4513813713584 752.8705280617957
763.3695754709403 909.5210718204983
752.6383974246157 322.29575079731455
78.04031685991717 569.4221324758142
451.1205645961967 162.14727168984825
404.9164080534565 873.275903869038
388.16820306251 811.4023609988069
305.23900391064126 500.9215899584532
827.2414272673427 882.7948445808134
434.96407044342084 923.99708506722
531.3182683991982 428.93157011421795
168.7427162659841 616.7290624736486
520.5526277061093 876.4388451619739
160.09358528553264 720.5866627120487
782.5944561360383 197.33641514872576
841.8471026164211 32.61502593235816
674.5205573527588 410.91984682142856
39.83820711691853 25.191442781886668
625.5055872750552 613.8816094785587
511.76527815013094 203.09145554299252
870.1156857784598 480.59461249343894
970.1446354782288 476.5830397418881
786.7404211413474 262.9310746450625
632.7621741287712 853.4572774755071
29.595807584691276 635.2930089911692
163.2316720707714 440.70679793798377
113.82390453815353 791.3686903630144
423.45126532823406 446.59490938267766
916.981716927932 877.2994919477245
271.8303538121352 28.494819807281843
150.52055879825355 547.3678336647687
353.2607358230746 736.1361587451382
163.26629967144206 831.4844339114065
300.6613048093053 897.7933610812187
492.1668402524226 673.4360774317261
925.3026897598384 251.48943682311122
195.04181825597917 51.56007502792124
564.6653894608992 200.22855172381534
536.2821616454296 724.9100571728183
279.6871750931697 670.1677890893858
46.452332830528704 164.37682356965038
888.0897751492042 760.4919491769867
587.222818655315 511.24565802934956
379.6079475264537 691.1621846797268
653.6790195453332 171.7742686486875
282.1170979595122 957.7067242711487
818.5817471203981 417.88613736488855
644.9940860808673 452.217921305931
640.0507376906594 351.0718792951744
704.35459739733 625.7390106208708
446.7093452593498 37.97820604682176
85.1189152764847 516.6828353814401
970.2158245597259 721.8911352463325
859.4507514809961 153.88042813897073
