objects
780.1121035230834 475.03553769491566
362.86659795238177 249.70296946908957
786.6383500272417 682.3382466384849
240.91026982433087 651.013015602811
496.7169572881932 688.8544203915662
454.4989343476687 541.2353106787604
832.6781410557072 944.0025074886968
309.0628091887338 174.75013412442175
564.6478600680849 131.21061575878107
967.2773932993604 98.48285281414334
408.2971086998424 747.9447592756428
406.35559056604785 835.176639170977
177.45759711529837 899.9873977279117
510.58237011585857 950.8141539147914
50.00144231660434 274.60364683433187
807.4314259880432 396.91157162367097
146.32013766584657 848.2096996506598
291.28148981880094 678.5519517596285
244.54823531005704 882.0336902239414
734.1194260398163 139.8286050692381
370.7167389479286 656.8375609278229
159.64163919786247 348.1468564143302
630.6980872544839 502.3140665948164
687.6584296303873 377.8847673571095
971.7001747005845 563.6237650980077
767.9620736696199 218.89667955084116
967.0916152582372 499.0468391926442
931.6816500348581 641.8436848467517
349.7455790219146 831.5371805850547
803.4008322076536 756.449336825332
549.5579158832261 603.4840746926103
459.24092219249115 326.3262886772138
590.0928602562614 954.3852252971919
121.10868379716814 741.4890571886629
842.8402359851193 815.2275104498437
305.3811010669601 870.4466973008067
112.17743385276775 212.73569289062036
868.9861301641267 492.023231068841
262.6292201829858 66.67305978386352
299.55970539880593 954.1553765530315
361.37753491056094 918.9399185933165
491.01621606269345 407.5424811433559
910.3466678144131 205.3384766807739
618.1267231109431 274.89406866201034
664.7964673247232 622.5827123669171
880.3670948703594 608.7822877123997
970.1208428059487 354.7009580862053
332.8913287762506 570.5744154585946
392.30224179472026 126.7964627185607
788.003471611275 571.3108297193788
901.640713402299 149.03186055607756
248.04664545801526 271.75361743506596
248.39207194217997 142.7781778850405
60.38888461519606 600.2692703139647
193.5588000827895 212.76905291070827
713.2380168134413 808.6213096830812
619.1283521100399 154.12794324023915
30.390142261356843 446.210400366689
491.2925343494171 201.4672717752276
575.0983180807813 61.117133430518024
184.39834606485428 693.50088936478
925.4302370892934 810.8424733329398
707.441209642438 298.3874005708751
891.5696536768579 343.6132635528614
438.5416707672359 257.733768424195
514.7201640187131 530.7877555788906
401.3379385645566 507.2579522749576
823.4166027166791 259.4533076967099
516.7468698000644 77.11260319265313
815.5193385691749 889.546577089039
734.6984886560501 929.3467589101211
899.5489711916614 408.8542951835259
321.7457639046204 404.24884936721656
576.2634266181165 779.8925314621282
384.29385541211434 380.31408852295255
662.0284020096717 221.30175948472353
32.99193876397442 723.2624386486632
292.5315793692289 315.49130539067534
60.546186661371664 869.399242698937
743.8250643807587 67.52684979979719
