objects
697.989021787195 497.12431473589436
546.8717043131475 329.0473669881811
732.7133615410739 175.26191434797659
71.68886363946066 531.0312515284314
169.57097031988914 687.0074546866549
427.1292212605014 572.9074436253534
695.8519303606831 844.8087109474974
414.6380122553332 58.21360497867151
680.4292812848613 928.2105260938058
210.89949591566872 133.875948093723
613.043066925431 858.1338038199392
199.59544552258143 866.3922971886768
920.9344419591864 238.38730723093667
793.7508126594404 633.4398216200723
415.4188087075094 148.18965148634788
617.2220245920848 348.78697826933967
132.41830872110438 965.7263265491553
451.43508331570683 303.12569179101064
450.32493789668115 898.858979009804
122.63538368185178 900.6048125444324
174.78455890514837 56.70340763967457
275.9927922117765 706.6225143978253
627.9412505335969 534.0539863554312
688.5386141180065 782.8252056294076
212.37101228541187 413.5203628453871
959.0856235628495 943.1492241770547
786.1760550031714 910.474636684179
93.86888052612612 779.4176288142554
714.2890203100916 581.3787968181516
199.93361451575552 193.94143649242034
174.0150376992048 458.62632568635433
485.22537711861713 559.2996903152725
921.4615087672345 382.7825187521995
511.4736111428564 60.22661881334291
453.1789595506114 211.1184820559787
116.14692389808998 117.48166122777859
218.41993733425204 338.73532866382385
437.9920244611186 761.9083614584089
337.63600262045463 680.0160817381761
478.63160406774966 970.6181301422251
285.99216536398086 602.4271162039743
146.83128437705375 254.78581005463144
572.8124346521614 772.5531780202223
863.1621043942932 925.7852881775821
218.12759050962103 783.6958272494448
280.2792955452489 452.06837575052464
51.111752453103286 656.7937182486096
495.03970072085656 472.03536718347505
317.72654990153103 379.46753777666066
373.5671335255181 342.1058215002623
504.9476699073457 731.4950931582454
662.1677574935445 449.4287671673192
851.5176960551785 475.6626889757129
108.95401477686468 471.5333128123031
114.06088285292702 30.624852545287535
358.7975009244333 148.11855035807562
49.93308775003669 93.00251511014503
657.9818506006004 196.31766315755033
138.31992806260902 366.77247975866294
329.39001294473724 65.9130871872724
796.9844259999135 108.31597079325607
36.96278325238118 406.5417359698043
291.94267458188006 909.9839216617603
970.0947195919541 96.01616015956061
736.336546605136 392.03590210948926
965.7437870530732 609.4724173658153
585.7460944883519 648.9162751796017
750.2968763564548 311.4218082784955
356.77442212379697 854.5368177588095
708.861423326096 244.24768809818727
881.807882936823 644.5932035379514
372.96555586696576 788.5176997300239
704.8112171317998 107.12209529875972
969.4727036183671 503.8697794088115
143.3485437929899 183.76870078401708
553.9702127395625 421.96010181894934
734.9013833878241 948.9236086154298
642.0130839049696 283.3046583868345
64.75201152516142 849.0499411237113
537.5548871553585 212.23125244219608
