objects
664.2292033956634 759.9110380498887
438.4671552251124 678.657107079077
396.37926623392866 496.41565564454237
262.9970031381655 929.6991226351591
931.7853990822224 893.3072642638245
256.9990566034833 87.37872725621376
562.8621571428467 625.6009575611052
283.56690613279585 827.1946116263805
420.15609742898386 417.9496793569112
722.5907473040221 625.6301850434672
770.6114164411173 414.89276003661945
933.4147551717741 357.0010005590144
68.20129975344307 531.1711498444354
874.8567669809437 93.431695839019
625.4591349706749 666.5432711805362
423.59180184489327 344.35433047956536
644.9362691450347 429.3243479737555
551.5471785408764 959.4782974460727
75.6872502256495 640.7407425542098
532.8227971358925 190.87477588695478
666.6379447689867 52.45309276742442
188.21701452022742 200.34930666386305
570.1592742564475 494.69217082185605
895.3747183685807 686.262595037236
778.6263880492152 913.2111205641274
325.64672000670816 734.7762141281532
724.925019760956 870.45606211341
406.66640519867934 751.2200159814995
654.022565291086 168.05624316768078
34.20908795054117 147.74890105240286
838.2069663900229 696.9998551327728
325.997624369952 84.94204669194613
611.6666954166246 841.7107708001129
915.7946987786192 172.52767050497704
792.2101300939414 598.6913739641731
237.73861334454867 314.01772799591294
604.6600187256041 311.9464204708977
520.0916971988925 102.49490097839512
409.3800398207009 51.16464791302438
854.4020634664245 426.61222147270007
147.73040639965933 961.6452706396378
180.27274098794544 442.565821550533
833.3642536673036 149.259915475857
688.8490231868195 959.0564579241287
438.95656193843394 873.2593410386157
932.713996043581 834.9034853156451
910.5407524428085 602.5107644635306
714.90576137427 561.8009053882253
847.7943319582184 832.7356824922911
557.3115369963679 889.1887581913812
806.4193896897675 365.4988016849785
928.1205099086753 753.9213097873833
966.8967557352014 644.3611149561108
122.27287690117788 675.2506357055203
243.9763030166245 425.281890969716
855.0121519502491 529.9966337720534
900.2451844620651 465.2434266135998
547.2046340631175 800.6364820138122
552.1524068173477 430.0063247300097
751.5062314476936 817.2315325196327
350.3951776298302 910.6378630174659
931.0451133482944 964.8764027667282
462.1508181320388 267.8965941291599
786.6484121868128 100.12121367787148
530.9868990014435 295.39589407404367
289.40138014474616 506.21707923423617
392.515172017428 153.59255297711783
208.0498326903134 264.9053586166938
266.60205264704626 713.2714575841127
47.69066202017156 823.4964346623761
58.634588529625105 343.76572671227154
597.9889619756781 208.32541386551614
189.26628146644882 719.0979446988958
110.56142869347465 300.8391992492956
448.3778957771206 541.3440478812698
139.23705666993 148.29624384523447
572.1723057502832 145.44491439909083
831.7685223620313 272.61192885988515
473.10035522398385 399.40599807250317
749.6721526972344 286.96840143673114
