objects
817.3633424240819 755.5791484385926
42.615485277524414 332.51102028432314
708.8905748709949 805.2711936833462
252.66298831862974 592.8407121657272
865.573381302991 850.0016434110929
693.9239715969582 382.6284792691623
662.6915805622624 619.0694268839513
819.383836826831 536.314858387014
402.1490915472653 431.57141786161475
679.1334083142342 86.88372487372378
135.82536732786363 168.45040527470888
96.46205216777464 927.3283319343111
104.26107627228353 860.2273982183748
702.2421261163499 568.7889146883555
147.33751947337035 394.8576184727706
934.0702808138952 135.583089522254
427.45798730447143 679.0927635236342
666.1399403677899 467.751526867456
790.3860823061964 476.2371715367759
887.9788617608749 921.6208432520916
707.0085717896337 153.55959351681037
517.267541224886 890.3213419807826
233.4153656932848 514.1664931787703
253.55152511558583 119.65903875163596
351.0783996248277 347.17988438216514
410.32878039648625 554.717710700761
528.0787482343333 31.13805150810002
472.8158019204582 422.3742458581992
621.2464916868522 384.6274325375781
305.671967537245 657.8337063142939
153.54156030675804 42.68115697825561
403.67943345753196 178.68889165536154
914.7557177434765 487.39248623943894
487.6679102610533 735.8729853684486
765.3157226136733 401.66596245512363
296.0888310190595 537.8123953678534
572.9915152417012 326.8396498097499
452.30428752549403 903.2998338971867
366.30292429745066 28.750311780814712
433.50872367557366 606.7546527482745
236.592610690742 412.0366387920659
174.67871836025918 251.5378267961347
752.0288215776823 266.27958442548334
273.71123565103653 725.7655615728509
196.30139812947957 352.70327745145386
332.1903041238889 881.1679107907136
878.8855938056228 73.91186217297319
239.34467542166524 827.7646406804413
804.8643578139296 657.4442399719482
959.5945152818608 530.9301781075199
730.8783379050725 946.7749542616677
547.4784507968278 713.4765629517735
618.1181042286457 199.464527909601
467.22528179629535 274.02250401633046
200.77986289501197 767.5107434758584
923.02752330155 664.4653108836764
819.1307692488837 109.06164565223962
150.05302345981292 724.1805493705692
509.33041047796036 958.543164454347
702.8787134082687 743.5783164196307
768.8116904938792 868.0510914929704
743.142372256262 519.4075476703072
436.8738200615714 850.2047826876454
945.8676615283528 262.2242708200366
617.5663597349786 769.3776613692584
133.0887564227105 513.0943298660858
911.1309403971277 738.1827135583698
346.57230470321815 244.71790262116153
48.53366527988027 183.88801966328091
446.9724231710899 511.40455992081735
881.5199243123802 298.73571113799665
271.9241276884609 186.42883998833534
882.2878703945358 174.81741774827557
754.463248472304 35.04093648565385
879.0121388469099 629.2532926975554
414.5694617939344 770.6341705383213
780.9666520095453 157.72488699871639
600.9070284334151 540.5761054842384
301.1005136543324 819.5942531527645
96.44345568359255 61.17219999961593
