objects
590.1727606415675 146.64472038918265
365.50558436654404 681.3839744359253
93.14539081902737 66.11031731913477
429.15165613673986 939.4270838037634
142.22046517807865 930.9194972199755
906.0299886997934 183.2620598553565
603.3929775249185 534.0874161243685
590.3350948178027 347.6446819553239
498.853648510313 225.2824583842403
378.17236281485447 832.9599373468034
782.6299273913078 893.2811747675021
773.4412360314797 400.80471656529943
697.214650750333 274.2808765595766
686.5286634507731 838.3150780364474
845.2907991070236 514.1740426137906
931.1613090100166 791.8397630155233
76.80990713493199 543.0202337944639
306.99737495408533 444.133456118193
396.70994693514393 377.4896152233539
243.61605031752484 751.4826895579247
466.00086190209083 581.5373673954683
575.1570766847992 687.9975421046313
567.7705151077333 914.2531032698313
825.5263880635613 784.5787046462838
75.34554894575628 229.91123854885146
