objects
578.6032810916234 772.1298599070863
167.39650335789145 138.90280816127648
439.2356551489339 616.9073585878325
539.6213563057191 571.3685884724936
875.8121235842407 450.1635372528578
299.98447189312617 200.32456680156616
345.161693005144 868.0491389004205
442.0428784695879 368.9995207857176
132.610093393252 815.87706597084
149.24896005683078 708.8748354254296
639.474291117936 681.1078765786864
837.5431930235618 290.4096491737869
182.23615629045034 939.8418033738894
820.3601981214501 783.3965583127995
643.9722610846387 213.2061570037829
558.9512207398672 469.6162303980965
51.17891445230899 414.84574389083264
524.4846389740735 306.3128167058726
772.1882275342256 82.44385900821229
788.1629960187155 924.2291060127964
307.8576229911407 307.24574418545564
894.3251278007484 702.2173296156009
325.8514479060524 752.39456970191
711.9892737226523 338.0356908988146
267.185484599688 427.3675378652511
