objects
524.7665519672149 805.5829409111665
68.6334943825485 427.1488490628005
92.86671812648565 267.08143717964924
564.7317802329005 182.4267473689832
681.1317961608656 650.3418979125122
620.3292633630189 531.5097414410776
858.553698526168 629.5823324664982
116.32109017254018 651.1089155681965
304.8651087569863 410.33781673299944
920.5563422774328 220.1806779434351
584.6410458147973 367.70050974502186
795.336059417983 439.410102571814
319.40297265074634 710.0726420089853
145.72361833262812 526.734201678018
526.9822956159493 921.2974107098498
586.9855069730377 729.2780097113947
424.870136245392 442.73554491770085
303.9518386080549 150.89764715814147
132.54005206604074 930.9529611369693
750.4251555806543 348.9759457974284
699.4189607855108 825.8972719247521
132.7344000323606 816.0433599774001
942.1875091371588 503.9552914250847
165.0757363949558 362.19426823865786
821.6893817429095 897.026910844228
