objects
305.64211888363013 227.9499216347138
762.5205483000026 424.7507287732982
355.2229378435032 389.4420389552258
223.23026231927471 572.513423673905
676.9604037062874 812.1658769355524
410.2193274315286 780.9045318326281
942.8626514393549 784.209482006275
744.9013700363487 147.8929237491155
183.99012819409657 205.51597143395756
176.45235166128302 355.1739144141554
432.400015977337 848.9412713666412
460.0284526514818 352.1127828321208
892.9181206259224 640.8646827533264
293.17596966188086 57.46370126293156
257.75201436210693 873.980062869476
228.24079765948295 147.56192517511226
578.6666650994414 587.7637310103988
633.5686634384579 453.64954829538283
779.4604936784868 772.1537734095447
405.2972673725408 500.44588810954275
378.94346761912504 218.6576041922283
827.6020702192895 395.7100088405732
535.3333228619184 96.37448572024527
817.6899081440558 713.8043109514147
301.39718633818967 480.6031810378001
510.21154581168565 438.56004587993203
89.20233573166708 144.57252756806852
222.89977401706335 677.9213426390619
541.6868988738032 795.6738591129898
685.5783340435062 143.0690758411429
118.85671868364528 875.281989679557
30.668251060833953 250.75064472227197
116.51513517219112 69.46219099468705
229.2768343365267 411.54968317689503
217.2881752331943 747.6289180196193
211.4712738009808 506.17450386742513
966.5785248750674 461.5733051946486
638.5664460697024 902.0419947010399
36.67895641447627 645.4461904680924
211.473921125909 964.1458845766463
335.9479875429624 113.50016824426831
489.72283063201445 184.8884824787045
301.7870295489438 746.5312303350108
351.8521726620391 706.9381423642706
558.4426269494165 365.85704775157006
572.5732516972769 522.2174072153294
782.5299163687165 929.5669570612658
756.2863531799213 508.77094330385313
478.77840128711034 769.7809951737289
547.8142820698043 720.8655670028351
947.4801047000693 153.11345084434598
709.9168716984377 909.4121264856913
840.1341708274438 852.2638134646337
240.6054595085864 337.5613801948425
345.0053394194792 812.4045755860762
151.90740073142746 967.1466060636687
107.42234566453635 572.6736561750705
282.2259436249548 611.06409778458
823.6860857525606 112.89606200611385
950.3804766758243 872.3008197284048
535.8628554918499 908.8107794898758
738.8201791808242 849.3730180096085
464.950053480764 577.1006710436424
436.2170370179387 923.9694198364905
340.76037865105815 917.0226586298609
692.1429115235867 967.350583350625
292.36062004957404 302.26206056873025
707.935235536702 258.62679471531465
377.5126578875356 622.7244551711307
655.3117145892979 46.0030628298199
