objects
947.0264460356676 949.4590847402661
418.14687452533633 466.557226867713
472.4499929494247 533.1227961250669
431.14593925170425 131.11400931393734
933.6701352551953 131.7750432874224
384.57743920996904 836.5529203398042
545.978089320419 789.5930667101254
81.11534891896048 377.23567118440747
535.8400839979564 718.048466962807
690.5452413847802 908.435961743786
470.9151592157231 741.9876470199016
37.12423130649905 468.9497448529294
242.04978372595343 319.7327732451312
700.9158287449487 345.4819861985451
744.9678236978332 727.8816457297775
267.55146190773667 520.0880615763656
74.33659663815824 940.9186141269024
785.147963772842 220.31026630552142
48.719272165460126 170.94370066026733
37.48779514286993 280.4676650988267
640.3090835781521 384.2414310973895
861.3635157856996 42.458556741209165
84.01597685228731 791.9206249030275
584.1361591664761 505.2283365656856
940.1536108175432 841.0696023145493
664.0957375318897 277.9640979020828
492.19844625812374 47.57687183063641
474.54203420434493 952.2549739560811
577.4335611315356 405.1892099903534
214.03978388327562 716.0483866928018
99.77159915687685 562.5244505082776
147.31249160209438 200.59026813291592
98.09447665897429 285.03009713252396
83.87173066729304 702.9845155492746
151.39981957516974 95.23359338682172
830.0786642415073 106.12318467167984
672.3287960302447 814.2580629427944
147.8750887225454 327.35377545552234
513.6730833377236 129.78404400123412
798.2590512135909 42.32236854667016
358.1250561909329 359.54618602586123
303.7690614519461 605.4067102066019
312.3690309545284 206.3815444302708
439.99682968938515 857.6389307211632
220.7798328839003 569.2868621196529
301.5073857002819 676.6019820483592
404.49518933129707 937.1724979738489
693.6438580628553 205.1124931987771
626.7062741198029 212.6917183227627
349.06663791277185 292.79497920116626
270.8075214677111 383.79797924433126
915.3910096248462 576.0873426494123
840.1434974339692 336.67216655695603
460.08285471116335 324.5057490880555
844.1620143924071 469.4310033429882
368.69536453555503 646.4048141901909
282.3921730660942 455.70529918240186
536.6595054528224 578.4537185891998
387.45001103232465 57.01841167249208
956.3700418210677 777.4349998642233
528.6853578219201 204.5865810511025
199.10975851765068 378.49293008519106
876.0262593034807 734.8902959145989
212.25095100027244 631.8033782981021
967.1296531479786 613.8272763823079
923.6174009150122 433.6513038114827
509.0540338561948 411.890332854927
876.274375821659 846.5278385177543
412.49355737662995 407.258639487911
164.36822961044757 460.62148326794556
