objects
413.19110991738717 193.35946949865092
335.5426563847127 192.33727888350882
178.23062534985317 362.2723236684821
161.595104174312 218.0801033048481
938.3032136713886 523.4683714874875
799.359951662278 698.0343632712816
775.9546463497595 898.1613682719262
277.50735675100634 170.73108642586658
343.88066373541227 370.53487093755695
697.3979225591595 544.5448504674004
531.6551619710029 921.2728563119526
73.6871872353714 804.8348885833421
609.8946101427259 908.2699695425081
577.6954804222197 241.66828705908776
379.31694741949093 923.7941986440144
244.6207192914567 550.1414027502518
732.6380185550254 200.07858760178038
773.0890162602506 353.0456607750375
385.39111217615107 629.7493945853784
870.9642777638069 830.8324547213147
826.8506668753002 527.5361227101156
548.6141568351389 103.21566285151985
298.76577194766753 643.3764648154162
536.4669669057932 688.2850843407222
632.0562612769656 567.4753397011752
232.64235566714146 43.45533806846663
918.9999503240459 394.4994667098392
85.95517006334082 240.94885830545547
610.8481641671077 826.0635610256986
208.5609296606983 272.52868166641434
601.7190715273466 723.8913345334495
732.4560121819894 269.65991429348304
909.8134146845342 714.2699438876718
693.7202898570855 939.9159219146829
865.9802533802845 68.23163598585775
864.6528798227199 664.2814567757398
115.24070271583477 469.56264982622054
769.6634274433675 825.0726710059848
394.75127148871996 766.1743285118404
839.6834354278691 156.11766126817392
396.62510415565987 251.53954435219143
659.7385150946857 184.70436892130525
526.0941245610453 183.68488333147195
459.61324049957744 233.98671099496258
711.9341467509984 99.60082651977439
559.6387652155298 320.72565116681295
682.8568280746506 310.61927894938646
455.3644362492347 298.8833825096234
210.7424766925503 876.1976637565125
57.27710857969758 669.1016941074721
328.54072963405935 876.98166479143
686.6417603532569 823.7721615525869
231.58473364316285 736.8949798774794
520.367437791965 826.7160289166086
409.2366864453191 524.7159274629435
342.9645801467055 433.24526749394056
75.21146129730528 82.57800702009999
434.58941294599794 443.22357356145784
257.684273107015 105.32370074855123
454.77877709309774 618.8883944030584
415.1969557515278 93.55370452220183
451.82903236849813 364.5201461043056
858.513507301931 756.3349906445238
747.1989967061184 762.075862639638
544.2390624809619 407.44629226057225
168.83371845571446 832.7330255871577
605.4492747790483 361.44120965948827
653.8309583319779 77.1893045985388
883.7115583898742 445.3963196155708
604.6368509673038 447.0499505089243
