objects
903.7385471091106 392.605316608514
810.2355676093097 844.007457187902
890.6933878491247 288.32629744123443
181.01579917639162 245.72787716733265
186.50784392369343 466.0280171409286
494.74403984686086 637.6810666326897
334.6905603775498 637.0361512659489
449.810226807387 60.87926675010077
234.56260200914 169.9442383955421
934.4999162999927 631.6099285074138
544.796996309671 40.558147547158
243.9915918957859 395.35834531076375
337.0529712188333 185.90806320156338
542.2661039198337 600.3027614022385
716.9103656689125 757.4758678455573
567.3967364129742 129.5256833860001
576.9541586388377 447.21078237620304
287.9976296125191 267.2354617873105
873.7864268117946 587.748862870721
710.3257338723175 109.99044501151641
944.7113412984577 711.5626571734952
931.0748292121795 899.1612105361788
398.0242108976782 636.2985254869642
674.8146877767674 621.0390112420287
451.56055326022016 291.57209574926566
305.21818782857645 946.8285030195332
856.2597549038895 657.5635730836157
458.88694116259484 722.5069094471046
957.0908710212286 516.1407144662857
272.30674780016074 610.6893681357107
90.43696167226108 407.3680009716677
515.7390325779547 694.909038052735
501.6825524560856 256.1966992008349
101.5636422433779 903.1773949337585
653.7704456723676 964.137114822421
441.4025138917133 587.5074260399944
826.0953873420676 34.27623521579439
624.1685828395046 154.71313296728238
94.06182825923156 802.8729850758724
539.9661580779484 500.5509993202745
307.5066599882499 692.3790576135013
300.98174196604464 880.537369624786
149.65763511549034 636.3414989530323
121.46200339891709 229.89257486890935
386.5857403944979 221.54711560096302
477.5014998954963 897.4731118007667
746.9405106987828 345.9211578021486
119.24495704038438 49.970956489954446
52.022523433568914 940.728040301656
828.8194762236715 538.2831017602205
176.30999433505713 111.54919506755868
101.25669574232353 133.12079707479398
577.2053722219143 682.625398708518
596.3861413748292 331.74036633225575
836.8286762609473 780.4449114441054
743.9750472542473 664.5448463585516
719.7214278046256 504.1224549635887
954.3636116623612 837.0603792729472
684.9757000381804 380.71232823934355
493.50047146524696 538.7774857390443
394.8852111995066 789.9280554889525
763.2600849992505 53.97370045120219
238.5272835584423 855.4426346723455
902.9828301269529 49.314256549851116
666.5345518627239 42.464252888796
814.3137115936348 137.0291664704767
199.19200861614462 925.672597424521
348.0911667870681 450.1222869456439
638.8456778262951 669.0740620757716
937.0738654899676 101.55288313877344
