objects
448.2828809021571 900.2066872684137
912.9623167595414 390.24686925982314
115.23096428207995 682.6122167254183
747.3376545891979 240.70116102671903
860.6583809798042 261.5875039494131
529.6492231906607 640.5735857008207
142.56846065417932 38.158786014554465
698.4575537535654 48.22236581455498
876.5849915884729 443.46637397264544
70.12798205151624 276.70181793077495
768.3311835855769 931.1185806402177
94.38153513802187 789.501513243037
341.8256586739275 405.6830500438269
523.682841176868 51.85871230654155
848.1952219396219 167.97819406228166
877.8558243842956 900.5664758717019
262.8690980208543 636.486929973384
489.8999377325415 330.5368717210772
600.1864936474624 383.03238241994717
441.0239139549426 119.35958006235936
119.43746702700336 374.77191738003114
38.46081805417379 605.7941671588153
866.465500746639 63.924988697813035
436.896863772541 710.3519317598668
649.7541352532365 533.5631213100818
795.5464439988857 670.5669253423707
388.72542975260257 815.349029455738
351.99881053082623 926.5685697548362
620.320118358855 746.5182977884069
136.53539959712404 970.8425995600227
898.5321942830582 556.5884071680596
379.3148531421094 67.56401922604911
964.081695107241 433.3207037706959
291.9260980409814 295.3300925057148
582.3914459155501 863.0852979480701
755.9570040528372 152.83810156691024
37.341116313789115 418.3525692232011
585.665897694963 119.1385387057353
466.4685989432683 624.1479698853688
941.6317539562169 89.0925110644736
546.2285415739585 929.1764672695546
80.07578163824259 855.7101468059009
698.6697348765905 625.0971266855239
90.58747198728334 523.9293690453269
913.8855632740597 762.6151862374986
416.4612361048766 479.20394394564477
451.5718861072581 230.66289818608334
559.7312835423296 470.44456807564916
215.9670704520931 733.5077689406132
39.08877953239044 966.1840200865367
175.241539395173 214.22036259280836
774.0833427174175 473.9691392306455
107.43859338617439 438.57699303787024
665.3038749973089 693.7893326809435
157.8355265507364 808.78546908363
604.1475272079294 314.474014465409
959.3031171930271 254.2359409579539
91.33638336927099 106.74719957101813
862.8523074356029 677.9916950633793
675.5536489975623 396.76984168585676
751.5586041110786 712.2896595495124
603.50785903398 43.56113348614129
722.5634418014511 835.59945403422
461.89378588291135 513.5760698640152
919.1834806476568 176.32797118463776
351.98088333646405 476.3180810063666
288.42445460643796 843.3326214600314
280.89820094905537 566.9579046324508
905.8425078995566 499.2476279106946
331.03609675990396 232.4396672397839
333.6285222996595 604.3250240272625
49.59877648187504 144.34892347243866
954.1230274336154 869.4870154685831
385.379376980848 341.06020099959534
815.3505312272692 595.5487040790109
841.3370643507895 508.53872416569124
196.1444274736151 636.1466152578658
261.34659798377095 35.515039990143876
642.4119343119827 195.16129572577606
743.7950444532504 562.5034177826525
917.2903081967593 301.03885904570694
518.6167595260679 425.8714950801917
641.8698431369342 133.78418348949097
696.5714876276332 895.2618136216876
110.28240805966539 222.33373856507583
391.07721472289205 183.59461554703898
181.76908493209422 391.96888222913645
33.01016126124058 778.0023411506811
738.7213020660593 97.40285817538062
315.17508912322904 58.3549204440057
82.39348286816492 917.4597527310617
196.50236494062642 552.3649197929594
154.115509423126 305.85819084603116
480.1559922302346 828.5235903882505
953.4941847810161 590.0990652893372
867.9845853404252 799.4334134533226
130.19625879878254 626.4132126298385
648.334388357256 453.8017355471527
289.92346750407404 956.6434028168285
533.0821067072155 166.4755212321357
180.08256816601974 932.5054125779812
811.1347595828056 215.04748141951725
582.2328610248945 662.9653328444168
301.72076970099215 701.9896667393547
179.83986100943125 453.1693757085045
385.59559119786576 660.9448828385472
291.4238581185988 453.8181943075498
704.0174901759913 183.6657506744949
728.1350299067369 317.52222947184447
955.1347493904938 345.2972758917404
462.1950101330221 772.0381385807672
805.6377172261546 873.7770239770871
175.79206267264658 111.36977283485672
471.6151628771896 956.6002072498528
547.5650013108263 358.55276680814615
