objects
856.6832510297601 156.67171668466082
676.1456169008894 386.86637422982307
517.7125892184357 309.1793667262154
943.217589441547 32.92497739942842
380.93671216373036 873.8182672720117
131.1924601385962 432.84056890131023
820.828115797988 336.1822365135282
766.4293159085915 291.75085580650585
700.0013391627273 958.628215109262
120.6904695221866 858.1941164499068
964.0940966243356 664.1253813136802
295.33489185893 576.7811945170776
703.4940611083914 763.9367661858594
778.7950051861843 918.9770622820414
260.2322830560232 94.13950424985774
368.61066099143306 786.1607161900362
490.68337708407614 145.1743370086808
422.1020749034783 804.9022871613146
732.4250116422469 46.97601727570388
528.8006206242229 957.1309501880698
643.8031941283749 118.76136120994748
137.44680008160927 136.49134789720722
337.6060255487355 937.4627896867183
46.16361604469511 270.8826417808827
626.9876120140083 554.8795822848668
908.023815218394 226.595113863752
600.3707156882102 813.3603549790325
717.5738286205269 132.83800743945608
864.9265015454736 791.1299465043923
604.5902255086982 915.6498903132976
920.1597368506071 437.5157265012441
873.6776294148619 491.87316385001026
401.10898194997793 959.6381773006407
961.8062019042279 829.1815055081667
242.47472671555818 32.232742781432755
383.8584080534071 525.2832849240488
569.3824829237519 222.37775264194136
389.43099145004237 127.62694633133162
479.0011844620682 706.9719138695234
829.9659509158945 884.7057076335287
605.4266119778606 471.9236950964459
750.4275156388023 604.4119310669794
925.5140957578913 379.58833731836836
316.66229127889915 641.0852636207557
281.94599981998334 209.88241653901792
90.92401705237151 562.847505600389
839.8718130320351 264.8437172635408
396.3928815800949 652.1588555321226
220.25750494694972 355.23260282029054
276.0410685650588 954.4914787457618
808.9071883592966 123.56563395804434
924.4748015909605 588.9607274563001
125.9693963630673 725.4215199052531
554.9178518245485 700.4633556595755
858.3219175169011 582.6433225667845
249.074346709 435.9009359344832
174.3583429810464 636.6898378226654
173.63610064579785 917.3105286072948
67.28725868688048 639.0131369852597
156.783853283486 485.1686439119992
800.9728097965923 210.37771345156042
235.38578448768956 579.9112580498069
512.8360716778886 33.142978097395485
577.6893229462746 336.81851889592156
538.7461226066105 100.57081671584635
157.74472301646833 567.9881275099714
345.6386678864375 255.3421007600638
34.52377372138943 441.62193870526636
923.0460714127997 903.2237729210211
116.54235036716678 219.10483440574473
58.48929063531368 357.2668982488125
698.6008435581073 222.88775445311182
78.11781898314233 67.73035114158428
375.36413590487814 181.8231127134565
360.906218145542 467.61343712763426
649.0328832170013 741.0264070868105
85.58801765440934 952.1474267005897
490.9254338839876 901.994688013473
96.83152226571623 796.1838446674319
818.9734352002945 439.8881146282374
742.0973636452493 422.977290663508
669.1460441682658 62.539572388224215
912.4034050038618 305.9693509031978
122.69188781472552 339.42831887137646
419.91927879438936 572.7625239117306
492.79900396314764 819.0777665792457
239.3857680632543 726.6925773493864
590.5663437441922 635.6233449353886
434.7984948985525 478.9139286669071
241.34055684192924 886.2901592774174
667.7899986556978 451.6939338607307
684.0786685382712 300.06651140598007
661.7273512821814 843.5499948355816
726.0182646055248 891.5214999162231
29.11759176775774 516.8497419404761
497.9743961762927 416.8860713440017
329.9985534769678 701.0813519518368
387.87530108074355 403.0581314540004
592.5811630246567 77.68984316361046
923.5896593601756 711.3951093617484
370.1354863048318 52.58674772979387
218.47174144985402 235.55298296658833
509.7859868186426 203.33927066312077
634.5835708112231 682.2581284200156
197.38340050493093 824.3571939638113
936.0617585055287 501.2362693889328
84.62779231970222 160.48979104180134
857.4777277250615 958.5976940109146
299.7631068414623 466.18679711256334
903.3198396993793 91.02842352179434
778.4551601610987 665.512262556622
212.24091069421664 148.91607088536597
787.8214019716886 62.57874288247635
475.59234560207346 353.93456552509537
536.1954606606487 549.9329020252267
