objects
465.9220447147438 629.1217450580158
485.76690762386994 195.8247303753611
936.0266648461643 650.6492249848778
882.6671376021231 723.4153710188168
761.7310396884528 566.2351482334956
309.0639746562055 664.3060989923384
809.4604167903151 851.4606986082075
479.32138194422174 926.100712059135
417.9892895293956 742.7574726278702
604.6891380794183 734.8147360383414
387.83922711326875 681.4456407473783
121.72050709101443 903.3846313995073
209.52395744759198 477.2760743497327
445.599001203365 91.23666832195497
207.68237004065392 604.6225988254489
632.4663297978883 828.6595627078179
239.2569212745931 159.03886350409365
47.520478121433776 589.9299281927983
724.7802000942243 111.56785601420292
407.1718728952758 413.19816281023725
777.2071848125373 307.68388200198524
824.7212844868081 915.0579941714602
89.41649266345306 845.54250179802
836.5535718776665 516.0681067771925
962.0512943904731 451.74249485390226
878.4477612775602 408.05088005412017
553.0040690738674 919.723298550723
608.1983591149466 94.24055974914202
506.55863564143607 457.5762615553662
109.48089508790278 536.9023551468624
484.61682570231113 315.5970468320848
930.4598787961116 797.059750492776
956.313466091892 350.02412532823615
216.68743013476336 220.39918518381936
173.46330873504562 87.16951986553056
902.6360090769479 306.3800437970596
408.7906351322456 207.6044403962674
826.1925659620109 372.35183536195524
882.3840312207286 610.4120655960238
488.6756167299813 552.5406708941837
484.60935181787283 855.8328215246057
755.5075949378123 921.4869608808388
909.7560546253281 245.26746694125703
57.16954966060328 209.42975700875618
293.2905874057361 963.5698947686203
345.4627032580135 163.83595026760034
679.3809207313021 486.99457304021877
320.67931539745035 783.0340702457338
338.96906607131285 882.7294255848792
801.3863349162107 241.1248751306647
108.31564564236142 360.546484125626
457.8329916733855 692.109961438233
327.2643616779075 34.77152608427491
405.0639062597879 139.94682693357768
227.9621287425946 294.5948273387637
415.5903775978565 843.7095469551697
778.2078902116217 69.7984461721641
540.432415377549 234.1487853698202
834.707745567537 644.5060890694865
79.69926004897447 54.80784425618824
187.27365423457417 393.05787835100443
699.3323464366014 32.470799247892785
384.95825651275425 360.4159175160227
600.0171180750648 295.4382530238695
145.64991584193055 963.6469781427382
526.701652805758 644.8093595397708
140.05276061216153 636.2327117637823
933.5020861703629 580.6553888888658
277.39736365344197 576.6106595729611
49.049685068282365 367.67190083601025
671.120444991005 660.5265136123188
961.776132960991 160.22384986669292
31.210252067495396 526.9934470796574
330.94080479367716 232.76965250432252
717.2290036941962 176.95752513968253
966.6926164114832 703.6515400230003
65.09181401882142 735.794279954365
385.02581963912195 955.4539392908242
371.3215554337287 290.38386076447614
812.1598032345508 462.34814571586975
729.0356999030311 382.88196277709466
266.15165581766075 765.4861357320341
893.9808444932228 477.90942072145225
198.31935436878442 729.6138253343329
696.7376876659844 284.15562030548267
830.770618343681 754.686180484441
657.122647220865 333.599590142623
534.4984678764256 822.228000943842
573.129030439607 477.70512205723514
730.0761996554425 759.1611404294564
821.6504186646425 117.91619707786955
271.2403191513757 896.0775946986578
829.5896546755563 29.158578517709156
960.3358483423108 888.7226050397793
195.92189853795233 32.225812180566585
638.4415602487479 201.78244191525584
319.02070855296745 356.16289895766795
539.5201625196044 344.2094050288606
652.5559846908425 138.36262311059772
118.9706807924984 710.7540720523184
45.302354536503614 663.7708466475038
540.9530771322985 108.72550568059236
154.74016832369838 826.5002640040015
892.6068302956663 142.48252858951975
117.45195363306085 290.722276142614
247.9537949983856 675.2313899124041
271.30238887179047 402.1856387924633
129.69053300047716 451.91229598449644
962.0646384627574 293.6303434459625
121.36566844754174 139.94401007645178
210.11827654398297 918.1588367600349
338.43802078303696 456.93272300730234
389.36177684120656 43.51613481641096
120.24554640264758 781.4038454795419
728.4772229768198 616.885057474462
