objects
105.36439876996141 255.83455918579787
916.8985002312374 502.1174418078226
532.9529864237135 877.788717145853
610.481825472601 625.2046778499797
117.88746916398136 798.6334684884001
733.026942357958 481.93090069524254
940.0488973863276 130.01739135734127
240.92431861839816 396.40328761870353
157.1609414670348 627.9555320809386
494.3035711722797 319.2905498004969
412.97776534853216 745.3554871741936
914.6315922043146 837.2964415382196
811.5641449171485 613.511161599682
226.9400619867445 792.3235611069047
433.48262941839744 207.53423462665543
325.6908109149144 537.7996062340956
457.8597174948374 623.0694294659127
669.3759397396016 871.6081261990746
847.6574749771198 742.856344769889
370.3679685368895 291.7207813656597
805.0504997313377 338.6156109150285
59.55638555809058 475.7464618307511
920.6437804097941 645.4724367581546
545.5122762871143 530.9557537295382
371.07269761994235 48.47701096980833
400.3137684356099 950.9743137964409
690.0738089073225 82.71762615406499
51.746054497639825 602.0195430802365
232.11752286270846 902.1908389274856
216.61867240413386 111.86949836152047
