objects
814.2939554879008 346.02132870385
643.3723619812881 725.4860668044926
127.6602031830744 46.51269372632404
931.8908393347727 543.9403577727727
181.3994581875291 390.545742864967
444.3211746649901 947.1379274666542
50.9059241781925 134.061068006872
246.66453161489497 693.6558197375175
408.89411272690796 336.1331517511673
590.7200851468352 75.50797339788838
154.865337440333 183.66521048735447
98.28660582104904 832.1639100942974
540.1296202868315 469.52425666712645
321.35710110782 211.8649189169368
416.39096885010565 180.85169606391233
132.08561720582819 691.7497007738136
360.26165930531073 782.0834218575292
767.8648664824104 847.3820451534717
759.5331240729544 651.5283507438862
574.0684594544007 323.9268930674023
98.60837887334559 495.5133043500272
451.28598857293093 804.4292059126633
220.7289974206692 952.618036793321
929.8984321677302 811.9476666739048
582.2825500703555 181.70134913515878
348.2315290065093 604.6641676193766
793.4178115248426 102.74823225639682
738.0643410571233 193.94539513041678
890.5930609658978 143.29061762723694
53.48372258750519 399.2169694245265
