objects
635.4230695953045 123.27175517669977
695.4026905057193 862.8812475405773
831.6896275977958 867.3298933916658
115.86247456284894 506.44418423117475
938.7419916091718 603.5340992955095
916.7203399598284 278.7868191250802
462.5696815940779 136.06831182086142
159.07108777864423 759.9420201553982
350.09103286540244 946.6426616668657
913.777931031548 812.1554645097011
293.80221395883007 859.7146735244268
600.861308559726 546.0842214912428
764.723431970515 713.965553248549
63.35166732055566 198.8466411460501
852.1588571421481 560.4047748305675
238.91399040914587 699.1673282275392
168.97546849135347 587.5091775924843
686.8492793621353 580.4428483733925
396.60991923251015 396.5784283157494
172.17455253974902 265.535544105952
462.62097328855344 728.2777166140115
320.37091394548065 48.766405646722866
265.2043596797496 191.6774363391756
777.6632953407095 483.10725093960207
76.10416377634361 651.3461743718248
629.2850561092873 934.7834476463609
511.35250597180834 920.015506635552
796.6731862516494 211.32592355583648
424.9194504672564 280.93858926091735
256.83906614281705 456.2299660758384
