objects
234.52271370528223 544.7165775773092
589.4668127605262 252.14180793575326
759.3801284289752 474.2320692131155
183.81413895101417 917.3680061880262
695.337360027155 976.7068922610287
321.99595152214425 381.3294137688924
21.820532117266236 42.88008092746912
535.3746212457478 531.2341949737506
882.939990284801 374.2444103926524
795.4869286548409 151.02208928800445
950.0175701603557 69.41643918171124
616.7643503373614 330.71040060820843
662.4265846158073 516.1450113964341
770.1619059307945 678.5700180586027
363.28102242947296 429.9798589528509
274.9061265859853 785.4163125277466
753.0497626897567 357.40562510546147
244.4085066761399 483.22680148805995
598.2459264130417 498.20358778700165
620.8195796737208 903.9584583127485
93.13400794452868 117.76243293337288
924.9167004849068 790.8324658324916
387.81925141097867 793.0680941110456
115.46325647724183 654.0548761649521
485.5768242077533 686.1586554972592
849.6139879095015 491.9705159602012
176.5665504698369 977.8480274365137
508.56557075798133 374.875931036005
67.61953053907473 488.12333264605604
862.0660033453679 25.61596930990823
757.553293079438 286.3933362763106
370.6029817562843 564.8338722747737
620.3493250231095 182.9092669530342
791.7907148045648 567.4494591160209
266.12172864369063 177.8604780386741
139.25881528352892 136.79435165227727
364.2120231477115 131.54199875027606
753.9045875336791 196.92668116082467
578.163914383889 794.1894477648772
423.1125776467324 702.8171622393018
946.059772061128 202.08241166896187
147.79416015988363 389.02854164958836
569.2668941412439 163.2202799436896
555.2961114207577 301.3151609978381
643.888262525191 363.0370010061811
550.591125252545 401.6289058209364
343.20849732234683 907.7581140026437
933.8693592954975 614.3777531225317
447.3691536879278 401.4261850687649
615.3468284130491 105.36578763571877
314.97421745162404 817.7513747657872
685.8583122648379 301.19903687691357
895.3694409874863 145.7519129596206
699.6776375737419 607.8079029767465
937.1558141104845 835.3151552137764
759.3111604584448 822.8350531451537
122.9906463149689 200.09032880791665
519.4881934020584 592.1395909906871
848.5432072000654 788.5968792373454
456.01070968159405 232.24847621551584
154.3642362314829 46.60875660370051
526.7104623054076 177.35151175246688
863.5496289575568 852.6582473086804
705.2526132499204 85.70768276482822
512.1535905032732 336.01462369365396
655.9513019471215 957.7112563388828
115.43591480542158 416.0337962154125
418.51599043437255 303.254085001457
576.4999980634967 636.5209595705744
535.0886593174919 234.4494405644686
574.5141059494792 90.49285957739183
874.0108667250505 672.951806101912
73.29064196217045 623.4019334873375
354.5044099838906 691.1543081633208
34.18601631203844 739.167511393317
281.5831168957576 958.5616195822647
186.94686163632446 670.2404016040599
172.75632774583914 588.3165948209747
944.3318980882405 507.29921656412137
136.18480251419845 451.954869056509
123.43856685478205 873.1674057493736
330.46011090596784 79.65549561543796
798.8407617493488 230.4577894447978
75.48545993823137 325.945728005105
496.9245505339427 202.84228527342452
903.7828156374493 42.10159515588583
294.74975353638484 913.3332790676235
235.76150067467353 932.4084120739967
744.347990926588 782.8822638299234
227.78568031820225 582.0439495016504
