objects
319.0520665464401 394.86928363570127
228.74042220686005 773.5371522859646
866.8812249601897 176.63062919406224
790.0896984676651 789.9779690065043
775.4092113989785 972.5203979206193
697.1182472402917 608.4402231201711
893.8731934457714 376.1652949727083
427.27969834086576 129.4894337786267
491.1681561585165 956.2677627853242
232.11349322750203 304.4687337853706
327.45999101045487 743.0401617074771
519.6882087804172 324.9743505963365
138.82959540332894 542.8135226269638
117.56297551729335 808.0704993360848
297.9337814761408 702.260580131308
250.69491634027787 669.1779344322085
814.1101664790847 272.95689086647553
473.9331656559388 306.3565615430143
528.7394810943263 28.095263272109445
21.15207699131971 901.5064960682167
30.58379490708319 756.3047443243161
232.69615611109396 631.4304150016635
445.91584045977595 809.1842220828147
251.89510445239324 417.14008302674483
610.9889915881561 858.2371514205939
611.8340148719451 48.672240166709585
846.4051114725972 775.068573298246
20.751010521146505 972.4851160303216
306.62746812101324 574.5268877225211
111.012433578184 621.7094078875084
96.96278661736159 423.353512168967
819.3714814862817 40.66575652123623
311.7415767429364 68.00106515205442
727.27480986114 924.399307812945
52.90949971823246 921.445895055275
612.2388334402227 550.3063919456127
762.6631955580643 153.13512272091862
22.930223450273132 285.9758843660791
936.414909801499 145.00746423911255
57.05544835772707 463.4832264311424
168.65454833246605 757.0982679769147
733.2060674199067 694.8927491325659
826.7900180272828 716.5462542092596
580.9831987480732 691.7015528815078
649.7113852704498 630.4593303463533
921.8661040715994 233.56247479715472
839.2047443691793 949.5707389830512
370.74068515844544 583.8798108367496
134.91371033291327 322.20089792788104
735.1844206173482 402.27509540083236
820.9636777714866 322.7551927111242
443.323575052742 246.2894864089243
802.3289837969314 440.2804488977826
84.81729680114094 374.2075306678704
466.87343094408993 914.8428756033741
856.4823837510605 831.745796222746
154.57105570890747 432.71016015699405
327.1990015910697 672.1612454375937
519.5101540420291 838.1716125725119
44.8263621771969 841.5649190581662
511.6792676923905 152.92557588737117
828.1530827753967 618.7247204669635
410.14381170177836 958.735668929752
908.5487108962791 909.5580786637498
366.8152147867837 841.6782879917911
353.21784152235995 223.9508871110391
606.656996952918 102.53788016383007
888.9101131142763 653.9324106038085
929.5007276419174 432.35863803798867
147.55557846814054 271.5399765549218
169.51016080416179 803.703649568826
923.7819133242314 567.5399147810484
332.4931157821975 454.4622626629606
275.6937387435019 350.5319431069667
737.3599921877603 189.62913394798716
96.48738396364108 915.0052100422275
242.21763109209166 468.2906296500366
242.86018003031865 959.8581334432187
883.4251185207414 429.3497355100797
886.6883530594497 794.0038837495781
797.0425889789549 97.45316450784435
690.567622763466 499.6146405006163
577.774450687332 426.6073758315394
371.4792104044083 731.0979449637558
597.5954997850887 757.8537773052558
749.4340169032175 349.0790368480446
806.4272558168349 909.0921598654813
317.80215638153396 232.7753275620688
194.76864216457358 137.8547602021391
338.7896194932503 924.0679675516662
