objects
285.8827775043465 931.9614499899731
774.5332276362999 946.4899175139063
151.9234123479875 616.276222421236
152.8321815031914 167.76077874500172
838.815910855903 119.746392383444
425.22322104411455 621.0811786056719
802.0854042277568 33.569689390322495
557.5455602082103 143.3520982773411
551.3007564967894 567.8008448017887
603.6331977094684 356.98457410835397
866.4968077294535 201.14699112731117
804.5851751218609 644.718848410032
813.1961016535564 331.1668343490229
226.34068352879208 789.1922458375577
914.0159610380554 715.9909337771358
402.6162003031616 862.9530974416597
46.148444275109114 358.3058619388604
628.2719822658094 772.8597687235446
275.91843438409796 621.1028593966339
216.75257178120847 241.25682408796106
179.95129150711526 405.9810107626082
915.1378127021596 644.5830068506885
192.19247292677167 51.39161152018391
74.45457654735765 192.3597161763361
673.3814628747513 330.9385163634123
672.2335307167316 824.3629367716904
33.25173105908118 964.4718718128677
370.28676865505236 172.97069052363338
517.9943808342275 857.2708226121089
76.62805913929621 682.2557429945175
360.88975565655517 72.4602661229726
325.42743983574917 816.7253750561734
745.1988874104555 335.7746198898909
558.8929313734685 464.4638573459383
552.1220613132615 774.0115942718104
465.2469386980591 246.42866467910804
372.7381543926043 575.5032310299091
890.7182826978378 294.33699849648394
200.55153962931578 680.7339786310757
460.6288594178767 731.9908311460401
480.89287483781425 422.7664823854917
813.9449892019616 265.0082556105432
938.1701908580949 152.30729045667687
73.39739877599266 507.48862627593826
469.1143928732664 960.9749560287205
709.3278907045197 767.7045392804864
728.5870595748991 677.5377352930811
149.39564428711947 324.4577512497949
632.8440426262104 644.7081778618643
570.7168648217388 916.4296643283268
802.2866672412847 758.9299397461749
914.0557555472899 859.3440333445244
126.23073513854857 44.889065946136114
69.3406086555053 122.10732040404643
323.06290705907804 491.12067875338096
111.95164288423886 413.490132897909
878.8583133388914 548.4068718239733
965.7763003744152 411.6042145038201
315.39920606259057 366.96619104780757
288.6286848874212 757.6253961460123
537.2885175759876 375.6962947427469
466.21363511243567 111.17634250211786
39.709047595891555 63.35275082539301
862.1414906502604 802.9379450153587
481.7025279601603 594.1246387399665
922.3427675322179 72.16743387007966
567.474069675321 76.19836361479686
939.0816921835843 782.0609160508967
290.7008153751981 270.899902070688
884.2058452754197 930.6593771019608
680.961727128474 163.08710135309738
413.8078348226402 482.60830362406443
474.816478652731 45.60066265491534
963.352149637177 595.7560597375249
209.17345030389606 907.4193330143313
584.5338416238874 702.3105617164289
367.4709955440263 672.9418384863369
634.7563488064022 527.5069384410785
769.6625495583096 165.39230151058604
279.56161851173204 60.92677812454991
498.84257517766 506.4008382991768
296.59658155454963 152.3282814961953
254.3812022122304 406.9485474120522
55.393026139171766 293.45929400155785
570.0912844515564 218.1656328110887
186.55412172904047 545.5695620412918
505.3294952933852 661.9767710205249
99.31669395274115 815.9356203455991
787.0872942201441 537.2848607884924
631.1209844663492 78.06998405560164
123.34967137202024 932.5435997525603
249.10548842720692 551.4712446189491
701.2713284457673 921.4962936910497
694.2188537127796 417.491619997929
783.3604142625506 865.3555899330287
