objects
620.9407679748265 683.9846545930556
874.7780975069116 778.5578859267317
501.9616143867876 520.2964172080934
104.07646360499368 405.37602659532797
672.6993156283693 911.8897933606194
635.82583905155 70.99298905289525
407.7892957410752 741.5409212646601
69.76478857969266 86.07304068792655
752.9774630048183 577.913547753968
579.2449201913633 129.2918443016789
683.858900532044 301.9736553734317
413.8254457179206 671.3719881701136
290.4057381348099 563.0349454515315
954.3222492644674 928.3325787269638
687.1909877770269 152.75391119767556
931.2698721696767 38.42398211273309
263.7535657119198 63.99479058307854
136.39218230222093 89.46079065224555
316.18681063510235 299.19420700587716
166.60058100267582 572.642128270512
869.8154550077498 372.23039387602114
804.9709388816709 67.63010064605999
363.2567241977031 244.19566015145494
865.8223369024641 681.3361197141346
584.6199984692544 478.94468956391177
553.8913541777438 827.9833350082693
476.1362850048803 895.5503060830877
586.9786052278097 963.9107386024091
935.164020714006 146.58537587360672
305.69256806227577 440.7284809872642
748.6822320773592 790.6330774145657
494.17213542132856 955.2020451006434
433.9725179984306 55.540262966327205
80.55576460272371 303.2565807220358
817.7446898720888 615.1946827751428
316.3766009461083 188.35131682916003
656.5252062615377 518.3053217767723
80.2126599191192 481.7647944668878
98.84291030434005 956.4685131119422
521.08159754367 251.4517270619354
166.50715911552666 681.8392581060449
235.51691320851856 607.4952279725188
466.04082091048645 621.3386051133069
749.8660277974442 710.2448107787222
122.67312714868434 529.6400996393066
874.4961961632702 961.6021012810796
527.2503595248229 640.1510529761713
192.39309661523063 247.81459654394857
692.4741179476358 851.4836168874414
484.9913984942241 459.5975312144924
70.36932296276015 820.4483659002392
721.0683057861464 508.84890689204644
38.5080104675316 426.6567180822142
843.9964341133549 313.24860836521
170.8739030534115 938.8727513954577
400.90062618628406 955.6841036390957
767.8040613722148 381.2603888671498
960.1714793605446 554.9566682764046
894.0825404950422 226.34879125325608
304.9466112383052 696.9683177136043
963.760358220569 710.007295717263
857.6971812420803 533.6449144548121
943.6241098491955 288.40373194718484
42.01664629333722 211.05210967208245
781.6881927493813 129.92542634963056
470.20068528044305 828.8631486970279
533.6090874507162 180.5828559183963
591.663848156415 360.16992671673097
175.63235271565972 814.3717740208181
375.82604430342883 543.7848670555938
815.5422265781725 846.4416102481331
732.831904262356 62.28662232126852
679.2767341953952 413.21492629892157
932.0447872932742 626.9267027603494
304.4246417658487 932.3789923237365
271.21717343812435 872.3932942482427
815.7380365722167 227.8344970773738
342.8633245185505 53.09187409778397
549.3961309539437 893.3260008929377
502.66341326562986 118.17521515337049
830.7423173285043 421.93329912669367
435.96332051227125 524.6562607039924
151.1836812380211 345.24355341574733
43.96995774966185 358.10841056594586
576.3935500546062 299.44815671356525
619.7083331993633 770.6543748810705
421.67208832400433 183.0950550159792
90.1542329504556 607.7078257617071
408.6323882615943 861.4192159015379
903.4539540695478 489.43413124853066
537.4318745853105 398.86799012853953
812.5167036376981 752.196390330329
414.60516167819833 380.0354483696518
843.6357476041882 171.8812780635141
36.23105981301916 904.719977231506
