objects
591.4205560854303 758.7718926882458
839.5195851537978 207.40372863475923
186.93655518404324 295.16966935461755
607.5004079665975 605.7982433749544
912.443823535198 491.06882358091275
138.34878143566073 912.0447895445585
704.2870765468174 624.299635391075
961.0161596719773 370.70341687345785
59.39438290553586 673.8376204152895
120.42461056121151 605.0657575159116
902.7088827841561 813.4073090750094
788.8653418378373 309.9599172052219
151.50979258517668 732.2351391038
40.896130660686865 547.6661760532943
384.3933387665427 192.78619402988497
732.4299421239195 896.3396444314759
476.55973851649867 104.31868399303143
565.0625273436705 296.5598358891955
130.87491653949985 232.35862427087594
704.9303920432154 743.4208595567791
707.50996435055 539.32942411538
403.1103090785814 126.39125908031365
463.430688573416 397.6184877902226
515.3546893416938 911.2207974038145
751.3101697075227 180.8295337765571
858.1425146934938 301.6720370666493
712.1072631643251 405.8265281157379
337.2714279437764 885.8480752147101
892.8788807401951 921.7599909090637
73.14827161868801 332.1195288941759
202.4261469199172 643.0021941123539
249.43363767894166 857.934717788989
960.9421645016455 531.7161354425147
921.7931820631487 258.7674582196411
313.26482757411236 51.04664936049312
405.5773932610906 545.9995808434313
33.388796509053414 918.206499699614
87.97952726689505 126.13076906113893
338.3053568354792 466.5635279402294
689.5078996073065 207.68858549486788
597.6355262294583 198.75316813762632
307.321034460423 207.6149016939779
310.5185212121984 272.0635065902868
706.4091399383374 343.3548174993888
726.6166075308254 963.5076890598098
513.2865417589173 473.1975120039532
434.17249676559504 909.2130265540933
593.2655846579153 495.1874737043937
244.29750613211976 720.4624651498613
831.1253266983504 882.6076549400547
311.2053323233066 771.5513212115269
534.9590403520614 360.7410809794535
955.9854544982052 191.6809830567465
376.24849618288636 315.60004336705845
916.1070148806998 646.5901609799993
633.1498191468569 52.77686688697817
758.995453828949 796.8467080792727
541.1886421807955 697.651146688586
764.1111970098348 675.21576901467
174.94038694380822 964.3417879358375
476.96951988397586 743.2188165478957
282.0248332597637 414.04742365975767
220.8240155238332 517.7925306066858
535.7572008946574 35.70692131340017
250.03115099737613 45.48961361675889
328.8432356772819 124.5832751155566
835.1278779725433 126.25024051885984
456.77715393982 180.7496095159043
655.5275561876573 957.154947529273
744.284020727094 259.0296788030173
202.22448550871562 579.6369424648225
192.4823731125957 789.2356124201933
864.0431041073854 702.9759144780824
414.8969841733658 753.4828185051438
89.20359911212381 766.784221268142
477.88672937825197 843.3278175698673
493.27166951683364 555.2354021065728
768.6538554021257 583.6329367076382
558.7459778936899 962.670069972393
426.12875783157574 482.4289351210058
863.3081080156514 426.45579864348304
204.58568955325134 219.79479331143781
497.50418108362226 633.8653039969012
241.19880500109662 358.9528990035576
142.10443596130432 359.1710134533224
318.31744278343774 528.8635507206773
468.0940213890759 312.27038454897433
75.689530855993 428.07052419517584
607.3356421539895 845.3767770428577
732.4924368762601 53.67050932860357
533.662936215168 185.21294511539136
935.3737521905887 67.55266017600596
409.0364882116253 684.5689662487933
840.5305329808746 780.2305621091939
613.8961188579129 911.6008275596356
