objects
461.4631407690308 287.39313367991645
627.8330782036054 196.04361336802117
581.3364668920906 836.2695942567509
210.4183925518213 128.61763296261915
530.7188464147554 296.1946755670897
766.1712060060939 944.4114821564046
560.7827506964197 672.9233520496962
907.6697724728422 252.60273718587683
778.6513853544365 756.5132309194111
393.52110014047446 181.09999074247702
896.0080647195424 706.3557061028937
309.72846208806175 851.7797791531151
686.121493650785 632.8399871722794
745.7544403391043 469.8846805373295
946.659516050658 504.48639380612474
329.94481667220236 664.3772509325499
631.5328357570306 91.48877959397853
610.8618134389841 623.147489070816
711.4816827564772 393.9337492747985
565.4240015083706 369.15887103566854
388.0459516210366 66.81975762046375
404.1963905904437 327.93834686234106
769.6458903618427 256.51804762260554
237.12106881995473 469.4695737506256
35.60841577259428 109.82565225632204
923.7117947387899 864.6920664604563
72.70655028072687 524.061067971767
501.0014049184621 514.3389023384933
951.7327420050154 126.40461159724977
847.1050578432214 238.95405362296262
674.9300906715007 524.3717852590654
317.72920908525236 460.0667413430748
876.0720214643852 114.20810306908166
151.12814360831044 210.0682461196438
460.7492221703325 859.2291905893117
123.56597728523015 712.7023230806608
847.6375181388416 951.5905714295264
259.39970675992595 214.67602072393728
677.7258685935983 324.8415722949326
831.4506635977016 713.6538039300414
342.29596853877 120.88554442733671
136.05879882025545 396.6463172889071
826.8658291443595 891.6909669534411
664.6318803715694 770.6441264971105
474.7414613161923 581.5551477592339
329.7798940461929 336.2387348393885
822.3022107026114 817.5136684625178
802.7874517618184 141.3489119673941
397.1768651741057 910.052549149525
129.10956128475857 327.3610552836652
50.23836894062854 439.8055166527271
169.961312118792 754.823418617827
138.15078554529362 859.6700508091711
90.25853968807208 586.9144916595153
499.0042263486148 89.14084335870685
559.7373312564563 108.9707453632325
502.01413712213673 948.0873254186721
564.108206716717 481.6610130084755
543.1359479617096 197.17565299499927
789.8084240533825 325.96802784150873
52.044414844391255 933.7368010111794
376.40242501413354 573.0792023121365
671.2642823261681 243.42142463383118
144.10889778085294 497.4559371154138
260.75817653964305 644.8905294604787
151.45222433800564 933.4807059443228
144.49838634218614 76.69365906681833
860.3339505510835 312.9411846009607
486.6469763294708 439.0139290519737
627.0998149474666 694.0894464574267
929.6542905930012 62.075829321524424
678.6014844332911 852.1147712982324
470.09714179777643 183.078166437195
886.5414456265588 384.303746617025
444.195284394894 712.9383189541194
405.03323380901827 651.4197448820156
237.68637312503083 67.28746986471164
632.8932028699794 387.3824341351584
209.700374455924 329.20972576689326
323.78730981490696 537.7830505371373
71.7750459252843 254.178070433844
200.8958837621752 830.423097932369
227.3340229285454 954.2008093987473
883.4828014993215 559.5895559852535
537.5132501371261 612.0646024426208
775.5135801863771 649.9234564512518
417.3543604645964 471.33590273752895
240.15507771271328 766.0137109597957
800.8442060790512 586.5775221222767
46.62667216774307 809.950792048658
623.644450622121 886.4507409631073
948.6979174684539 402.2956004732947
566.7673683997217 955.7077703149436
152.51239218921552 629.4511265283985
749.3597514802293 181.68612545328733
