objects
617.9168129898133 979.3222545552181
348.82316556875 870.1135272401121
75.55682664635215 304.1698693338764
374.2367390626122 411.4784390307449
756.858356057281 671.9059472436195
186.413356540692 485.324336387685
659.1179369006574 240.1535680157434
732.8681563494752 146.54695760432816
287.6030292007158 336.8863929961566
25.07383400421527 150.63873635989805
828.1876538558613 171.01017259148043
431.35960535479137 714.5179777433614
976.2535006594399 724.3599758942274
261.7017237204544 272.824819064228
389.43874231351396 189.1822491853444
323.72077906379843 534.9061145208535
777.3037190819659 481.67815229260856
132.3166985509354 710.3123312466813
782.5766133611752 645.2909773689092
619.8619892328396 504.0336555215758
650.7437281208419 371.29578289918345
688.6233873368926 294.4135636357994
436.54414092502884 44.59362752390313
753.1176230963086 415.3094817442549
358.57902942424704 194.21022105911018
818.5777486177396 570.7273032520534
809.9573499725661 780.6929634733781
591.1106124873762 768.9159323836542
876.8917979361545 868.6516939579635
558.9658047187949 606.6825262385544
83.33223538215924 371.78962396915114
576.3158654884926 694.6375154017404
864.5128526902255 441.5639720716676
266.96886430006356 528.8456773081199
743.3900667541293 836.6182677429669
549.7852330947705 646.0387532774448
105.18354587174728 266.7445071508516
220.42099272593475 951.1110437197318
225.67639454533563 762.1363015776316
777.9976300620324 909.3639193612896
971.6064371497224 924.2882917141142
82.28189383825023 819.5290079601479
177.47397803193192 270.0113990409782
570.9765493909891 902.1517650684733
376.8380389105632 345.0740225303441
616.2352264051931 947.3367786737647
228.4672796101754 566.6379274656605
487.04363755966824 365.99717940822944
466.27003225510873 166.8113356042896
756.037039735021 377.0506572015866
841.1257887813709 489.74641114329415
804.5051270582038 43.539770022307295
629.4125006643155 455.4008668637076
903.6349955825943 428.15949191632967
175.25955917884374 889.9626579803886
869.8746483889449 710.2622978474827
215.58518038863946 516.1505438353018
792.8473644532911 285.41854639771105
214.9655915073284 891.4240435439642
841.5962903980607 106.30865754154605
502.1684922698473 257.81474321896167
264.3351992003332 148.29198232613408
701.6233519915929 490.01682672295607
447.87089523800586 230.76472472401855
369.56413062614564 771.5903218475046
132.70283378919626 327.2656569240437
462.62051724928335 70.08401283309571
595.6752766971385 596.9570988685167
922.0264818323152 302.20702034905514
927.4645561383251 564.8956134376658
176.95937784043997 954.2550653810467
651.6908411788255 534.8857955249492
485.3641129516105 320.6158585585427
328.71230165047325 318.0327670928663
203.5981957815867 144.02570515783466
372.76655682915094 536.2172687153117
29.50657377933492 262.89272892286357
168.94313051350187 860.6813971176908
302.4822355159041 710.7695784412078
354.7305561799944 263.5326419341564
717.1238567368658 681.2630619621528
540.8631979077977 124.45393868730469
945.6925825211018 65.36227043035048
305.25716566105024 74.26467346685536
536.321957761581 984.6305349107391
961.1409759762886 795.3159852611761
264.1235854242846 593.836363201844
919.0366847512322 220.4402098071118
897.1291306212835 244.50544394940908
35.0782675294095 954.9709649407068
297.5777030687555 866.6929815844035
419.8078263336406 406.96315056107005
72.07160687520975 469.464762014458
724.2228530216278 935.0026104048952
774.1116266523128 34.27701194641155
721.6563318516816 885.5609154178211
65.53883980537215 109.67997662001655
899.963958637029 482.31378177099253
383.98851290107365 960.2115637777392
219.00421509724816 703.5347712607364
19.31075551180426 43.134292817954744
635.8128189018703 335.9436054133561
228.96504746079725 208.76974573730092
741.4683484021361 972.9917885594366
46.726482130311666 863.9406444770708
50.0829508105556 415.90768885553496
162.5524467512101 323.0818775252383
254.5053436368412 388.8902122860801
678.5939279901278 835.7171058403998
703.9935750458945 590.909040268898
442.69669325545385 451.97501712136625
691.0816669713168 548.4885803145386
924.1989211519741 125.84304722766679
573.7541449084391 30.00860231437702
52.30816179963736 502.31147360075823
671.7683103660273 196.53097411260106
906.3583267061026 858.8788349110326
673.7450336658204 58.761708232915126
441.37565126093466 868.9294737962554
857.993962732827 271.374826307088
57.56563332039822 650.6082273890512
291.7755780195833 122.8071376470634
520.5489489617771 700.6739372548277
322.5243325533595 368.0639671692696
861.5172559745711 360.7770754552879
203.7991282424862 741.0212659015243
588.826958357365 251.94080073589183
898.1426041002759 638.9583604748733
33.50075930458411 630.392882495124
56.8007385033016 235.80584754624667
706.1181418067944 355.2548167684829
314.94324305179623 186.44877790751673
981.711578121543 113.90781954547683
65.65216015822904 738.070327930179
540.7577305974266 79.68045168013386
928.2653106751083 658.4459286744076
789.7026133097202 235.7791447359166
336.54757922485896 644.7276331411898
476.47607620298066 764.2300492308333
553.6151895460376 471.7688281890223
