objects
728.470932737083 147.19378060583844
845.6944497515393 310.2757269125242
429.29367596446434 103.74535563807926
614.9845224076773 325.55866566029334
106.33041513236999 192.280539442945
280.62986629129614 745.8576326935842
697.4711081205662 293.4240800906573
224.49557837874272 628.0646705677347
331.515173391987 372.5806305963549
157.20838547840978 204.8671172419376
428.332086788601 305.15624429025183
761.9563306203769 854.3625427218271
512.2808600370341 120.18228563446858
725.3551693247723 889.7194733946673
791.7897162794344 369.5921649662663
284.45404133004473 61.15993340462387
316.9009112387795 172.9932602944651
698.9978891203201 227.16884145653395
247.86913687496724 197.74979839870673
141.1625465847911 444.7116056825605
475.9032342787418 887.6407384192553
465.6634263961749 123.89288031213701
897.3124808635184 135.6377948710789
653.086933544218 809.8711166511472
756.5196015082523 23.05799581991323
908.0133175284494 852.8516783662611
754.2294895641285 641.2064239084854
388.8460642055029 780.0249362249189
778.1695087478392 739.1157083918278
390.9593515678258 612.4496010511423
250.63855291517456 743.4552895005597
438.72427399120807 536.040297632152
640.4484859293275 750.9597680292125
259.61365356344135 80.06302322037203
738.3460102969023 698.4338444766576
92.55385478186297 441.7172373263148
907.7383452708582 768.3468017058389
709.6622673761592 94.38641648416507
664.0552889887026 247.68181632182697
296.8261535738138 689.2780001761412
867.4632337637262 969.0139666683981
599.2283012207588 842.0658003438101
872.1701939191241 425.89517852200373
207.74388521551145 879.6001538455196
611.5353642323294 147.8713718795572
89.84786735399449 703.2869712780362
358.68153251624693 197.53243146843877
437.7389931650378 788.6268927015136
472.89626360841544 567.4579057158655
480.2005229580026 377.70292875738477
852.6483825317168 777.9484022378189
637.3976265806523 448.4652435588698
472.41278050828686 642.3047204412809
977.6821011673535 905.570927006654
673.7884139989127 320.76525112410303
918.3281793970206 803.3452801110128
324.40111585848126 339.0230468756721
712.1623092566498 497.0041349839871
984.3056288091421 648.8349572240895
221.11543941958283 416.40393164579376
713.6430718609402 832.4604117578551
322.5764015293186 300.3536010990944
905.731045870681 476.52223058240867
372.6555736966029 832.4338971328744
51.97029266960833 705.4041906171326
979.8946223260995 804.6797710588372
16.120889485058612 77.98690623420175
56.91256609502943 80.96568821227288
803.8988201312243 146.35901190989927
946.2661367739622 113.36041423398393
91.37279277396921 580.7180875073867
872.7194841043271 805.8262127018304
574.9886122223315 467.06376543908004
923.6483521050184 710.5025500489064
562.7835306382455 93.62502361854126
273.1348841682827 300.7816100653067
662.0920928534805 360.643247563647
638.1890817855984 174.60303257474249
593.142677938656 380.11278521618453
156.1466387662258 107.81166800724496
62.37132744723982 564.0763064533587
808.695806896883 333.7902708609171
794.4278826990636 302.0244629183664
380.7557656523953 907.8117655311846
256.37853031543347 968.5963627759922
504.45468004981484 849.3990697251177
172.65526136551387 143.99277731031222
794.1029526119974 931.986572495563
401.5632250083116 641.2594981044551
503.3812790573397 964.8151086095437
331.85086578139857 425.49501245978917
203.60248194761536 45.652923871463095
582.6368450360103 532.7029364643771
975.0380859474491 294.6789139327916
194.360212174807 924.6386230177903
874.2950908100294 371.6785669121215
17.943598787559647 398.9419200084947
178.09133986497048 831.0767744619936
312.57365247168195 757.5937158158786
963.3446471431381 453.0932257665973
371.89444353313826 91.686866573834
231.75347607216958 525.6474727390568
525.4649803160714 220.5870566552162
49.9124333059963 362.55304769249966
955.3391302161921 32.5876339560366
589.0607912884797 919.1566442227448
163.879304581831 240.04603327995076
505.7957134458715 907.0194271323485
601.1709204277016 23.190709546377718
339.2274000581582 473.99407463057867
309.222992186572 905.32060254679
630.122384941183 830.8633783786639
423.8365295805112 450.243178080774
199.62409231581117 227.47695920826882
445.39521322631157 824.4157060923827
171.1071864883751 616.8400906186284
29.927206415954032 266.2085748579868
560.3477563764764 500.24374858883795
403.3022353810206 256.8341840215954
517.814437478257 457.4315019166269
473.60377384584734 268.2863190196645
474.9406925024196 831.9199304549583
46.3788981033574 760.9226827331657
377.4068419331436 300.93830903911294
642.3155209785712 654.7142745059583
744.4731690853356 385.7164605345588
584.228483724342 661.5577204763746
846.941584620156 40.4386034998183
397.51526693929696 690.7348730717914
655.8933350684863 527.701638894396
777.5694736845644 477.7729819828536
918.0907632362272 607.7672101364884
449.71982782417825 29.58575575835408
889.2263372032157 933.2845912403205
26.053280617122162 158.0430123253716
949.6017215613429 278.3145420273068
41.2224001645546 510.2872071556675
824.5351057680986 79.37697184021692
61.287538225058384 216.67131456973618
601.4554725614654 760.4691104960328
