objects
469.8903620773022 668.9180946886831
714.4524178590214 791.7482264453309
593.0479714885216 694.2628377210874
119.04724040218933 82.19500194148388
72.43669075763775 161.39282809896463
688.1228751679338 453.5358298940871
557.0490329273238 422.76559513657185
362.1876256540865 643.1400725324654
659.5858523569043 83.44485662715587
240.01393267399314 274.726025421797
344.783115961192 827.7657319503936
517.4027732350354 629.9066272634072
839.2833683951442 681.8489750490597
626.6845379953794 274.39548838603656
593.1597548387055 430.4059420790931
201.2506927792301 532.1557327206864
566.6210485305829 730.8147742729202
770.2247263876238 256.46083154686954
881.194868551729 541.6010239918572
634.6153959780542 550.6220662474133
884.3736246682787 334.467301831623
862.019414841324 916.5109077692108
823.8946365010731 784.9124046090215
119.47932326481742 700.3729000194564
965.4006426795291 147.22183497641316
482.7527864088033 843.3923720619227
249.24295613512896 440.3125537623956
962.3467441115464 352.13600894434535
926.7339271660974 562.4888788594805
767.0759491868612 173.7913887760088
123.67476389197327 497.1009794829522
350.9258890348467 133.58836800392987
790.9433219403338 17.308071384539783
404.6248851513955 709.5736557825539
40.009711906744556 679.5107655129912
430.84218988833715 67.04248273808805
737.9129554957235 202.89658275996322
810.8374551739288 275.07741480913614
836.7841822654968 497.4989249211982
531.6186993777484 556.2766749118855
683.1962221629539 925.4460417921898
839.9277056206697 212.87029305511118
593.1700059270435 506.7993898260788
957.5717183785205 636.2068814156382
748.689562011526 606.8070838516277
890.5919877424183 942.7861042415698
724.1478883475157 761.6528188565293
660.4416349169952 225.79351236320673
322.22491861404177 508.04087198389726
805.8800288047822 722.6004717808535
718.7292826640157 682.5706612498101
112.51260070885742 296.53860748169404
922.6989934766932 892.8767167047522
67.22697639401711 92.32568272751818
274.5336707725324 687.5107642088406
567.0798173731131 625.5691334328907
376.30863293840713 766.4217873402347
81.11872151532992 821.9749142891377
312.7139421540156 56.667041744841015
771.7581070823413 411.5387076282283
249.21953100080216 138.45325252724652
708.7286655409566 208.9021610346094
479.4765243547187 456.20402563844834
81.99750767849301 894.9377434854988
623.4780453625687 133.11140762214583
337.9321429737554 577.0143652577325
333.18563222507606 615.5259512749309
870.0943414378752 274.61569677411364
893.4232390469692 54.400968256258395
409.98858332070637 481.4035049816673
182.475487969907 916.7868934787948
695.3878391638037 305.80731180924835
101.29197388763819 661.1190183447179
25.37795865155641 789.455278400466
209.36369764129927 295.12366290064654
482.1226817391619 222.81978442793456
58.07115328057769 60.33244321132385
375.7318191638082 571.4351037535782
599.4717608372271 252.50692275136876
320.3398178522862 374.4449085863426
597.3261061319356 542.7064870453177
465.70827263590724 800.3342426413474
677.6573573546783 860.4252639597388
878.2252551178517 644.0796506788764
413.52333549553305 626.3702804933582
72.11694382059868 459.9000588264789
432.0412834028789 304.6639427410243
576.7130629432528 147.09307441462505
291.080548453122 765.2051812493046
864.9571935209702 789.6669019058191
885.396523364718 580.9982726548008
240.82341186437526 67.97776401369636
54.53439885036602 351.8905436670889
255.24838158544867 243.2673256232426
571.9655359887073 566.0752641960048
485.2450556641621 636.0859546691212
602.3778432695566 763.8097861405676
524.5192889641997 292.8877281575774
386.2755087839886 535.6360745117524
197.909139468367 812.288577201271
925.517971230209 191.98157463377666
757.8440591463379 780.7410929913096
460.7040685958108 529.7992812476909
401.82450864423384 598.5738396924252
615.3242219501615 879.5024788897375
896.1016001418745 613.11308990622
29.08534251101149 313.82688911952965
382.47151895182964 427.6016384530614
901.2630510623674 143.94359302137104
92.78356865888225 852.5620744260486
577.2917832291857 864.8357644346
649.1925346712541 749.5208531161651
221.61260976429594 834.0047652449686
731.0237774159677 495.22801452452217
346.4043412542707 43.85829601839822
692.7500324616404 55.5696348395586
298.79127176500396 267.3680651035727
970.4403471545005 787.5915364895129
810.1357265615908 56.929513697410485
146.944361575786 450.63183096264675
815.70464822282 229.87760099668083
147.55069677368292 282.9617094474946
124.180436433621 749.2367452082915
831.5308868551689 111.75784567328805
441.08225811971806 894.2379251107084
298.07465964024846 811.5870542232748
243.85700316143044 326.56967531096524
648.0016980489725 578.8900662127238
257.39838553839195 982.4182760756217
937.6046998813767 676.6626173804023
182.77945528276848 717.794523226754
183.00554381986092 311.7976111672669
54.78291775134362 631.1834153945141
68.04551846395894 509.04914200564536
752.589951051442 85.96196090902811
133.9597447325129 134.82836535220702
151.15421673468256 724.7212972858134
134.10211119664856 352.0643424913259
216.2271561797214 904.2818581881917
849.0647478144847 854.2716555071629
