objects
198.17849681402623 342.0345081439318
614.4764432871947 313.5129352863261
739.3369555761935 328.6042054117488
300.0137665218577 415.6209618547074
309.6661794480158 567.6877159367541
283.9503143997644 258.15812148459355
779.8828113519811 837.3722038607384
446.3439196937722 514.8854810720323
341.08331654871415 758.6554061409443
690.856870531719 724.7201170245631
502.8350722950591 286.1151957171618
847.4965481311248 597.2811699671885
922.7183612536119 364.3657585076226
669.5924566283607 591.5153376693306
428.5591996832372 642.0468911013264
258.5546682460585 91.41204987087556
538.6987992833327 94.06170208877666
624.7302003356958 178.72107214436267
551.3306293949053 660.4821443313592
113.23456911773094 919.0474994809073
386.9962576604473 96.11644316858701
450.7090285873933 849.0195600472092
177.8900557198416 230.13576735140035
766.2867741720719 466.9931316088041
418.1876615201395 207.20657507634442
299.1778698181171 899.095890084657
393.38596325182687 346.3983584360489
884.4349214454262 96.23885275997304
223.75458084769343 810.5527540122843
58.160976192030695 269.85661088258234
748.2663409660383 133.14785963255724
90.48165236682628 90.34110201692936
611.0521597749647 484.45760402417466
886.4728954646342 722.6272343401067
919.5373703300166 508.59187099022193
523.4175407518032 930.6908985714134
889.3676887165831 226.43460012906687
674.7416332799808 933.8291365719493
154.25471398028034 703.5882247663639
180.19462884710708 453.0437361586026
