objects
71.97315429161442 544.8077335033896
807.9343734581581 603.9909634584742
254.5737978038959 488.88353712877637
281.92002342632264 270.3435189214132
847.9256041643865 501.29599693201493
606.2509632873442 364.8749276524112
478.74911882770607 298.77837753774
556.127340978354 644.9489904215902
585.6829347054445 767.235245776308
251.35469182147077 764.4842072479878
581.0475002432299 67.66323516353717
517.2980774680207 906.6992819545491
348.65774762977935 550.6996910744231
327.7231398381471 120.01486671089951
144.5660399334932 114.6491775626568
757.829854074421 218.41609050187142
70.46231610032447 888.5667429087853
896.6143469730092 390.44062389716464
130.34599465477376 247.62247403847897
237.39677122326836 882.3845731441436
573.8565158888277 485.79273300099237
935.4732370722959 797.4656873126262
398.4868621853438 402.6360199652948
896.6530198459975 200.8421418591148
463.4677732188037 108.717530550416
939.8583602678615 91.15701121430368
631.158720719421 929.9381978922858
743.8269836438216 383.47732845838283
410.1289861801619 803.9585008548358
699.699602287046 806.5876312138716
771.6340015600956 71.5143221696755
828.7552302669866 864.3504190277441
63.199935262912014 716.3679972598778
202.2013185050306 634.5832891923909
919.5361861924698 677.0093922413774
702.4695657429513 665.3593284706143
692.7883222363782 507.7913015550081
219.20022461825027 370.54513832648377
570.2303794466343 182.98629954815732
379.0469239515862 698.8672735492141
