objects
903.3644260535667 766.3677883169097
616.4192553361819 469.30590881156223
247.68670353415234 498.2601451421476
879.9872237426678 335.97485048811893
157.6289096872706 936.3145254357942
635.786702249907 328.12880568292854
805.2724705793726 485.89188868911197
746.481898603896 581.3588527360846
752.275759202996 251.50147789635548
219.4258040240963 196.9834204920474
758.0178111998007 93.8417392003399
596.3826227147407 126.8165333880059
786.8022902097292 805.2939344514353
394.7846530356906 378.82887800789035
420.9287425790321 749.6974200080434
684.1411155435321 745.3858542249351
425.40706915264377 487.7707021559625
58.985018547497255 145.33758657025115
451.696670009661 102.39109690523546
421.2496461871389 881.2501755256887
108.85730095353782 737.3441783603364
852.1824633705473 634.0394640721038
261.9024833854801 900.9132628996261
93.00264379347017 461.14213213021486
146.11999842595017 289.9402410177893
326.8165624291534 228.89813401571047
562.6945053261467 237.3304272654029
646.8511434111078 901.0123216712261
208.04281518702174 86.22390625067351
499.6548721746842 650.4218693035507
886.4919603835141 879.9575172159048
87.40077579980405 617.92752494032
236.1261026985232 730.0114648764553
306.6750075697431 594.1080394652909
539.9236687916656 829.8235788475221
269.4330171408586 331.57531441593335
883.9723730781957 112.49668537052497
942.6970545435262 467.4024585354875
608.6144824262752 618.8359458730285
71.15910759656484 858.3678906236602
