objects
306.67133940374384 794.1986884814207
921.2363191003818 251.92784684879737
870.582931364849 476.6089672565681
824.6788150495051 809.2433292951808
529.2181039026585 224.9458997806305
497.9373118334607 440.417769846087
183.34226969071347 74.96265736489538
193.46478337212645 638.9228719991142
764.6373701107592 311.14432375387634
61.219113020635824 151.8737156070296
475.04213448370086 580.1500960496736
624.3968621192249 756.6758868059069
353.5307949990393 942.7993419682415
588.1943210241966 907.0892572964294
310.83362213704567 658.4483189298492
362.23937562873937 494.87652002610866
936.8699692558353 566.5934194508517
249.1463092823159 375.1341228957927
760.8949389995599 928.7597941787184
359.4562382787519 276.6767251652242
936.0691538269085 749.2825657739282
647.9194202323725 521.1622377042946
569.6922076804087 72.28697411424125
335.12516381451786 148.87460232903584
814.1883185007803 624.048107740974
119.45543203521589 292.24767291168996
163.68912725559272 483.9646552181898
438.05367767997876 756.0518780073244
926.28473959948 934.1649243734057
715.9158299624521 91.71536515921562
479.2349629780218 864.6875793446977
415.9242184453679 68.84877836877462
673.4507810972787 194.93686884714248
790.767301969454 189.72949626177277
149.319443494964 843.4595215669706
765.6162854192609 433.96885889662497
913.5824013078077 99.39283386710451
59.07662912303611 541.6400393686716
933.218129556589 381.43247299515167
226.01349238212154 226.28988027749358
