objects
218.45987643687124 348.2269817148327
153.54294587204708 736.1496320062789
373.1215506394405 690.7003305262494
444.0156250468823 287.6864284657555
269.4598057125978 744.4217696692414
716.8197972821567 888.8383933846728
571.4231725600605 937.3999798703496
64.70503282574506 819.7941854545325
813.5050042764121 672.615222132659
482.00578842126095 648.772078677102
335.22684887435764 457.45167086723575
449.0023759179868 473.4813301697293
728.4728992587835 234.43084535416892
927.6022528511763 555.0794029644154
717.8783312471157 375.57361709383304
935.1486465769987 398.97109000786304
262.290580493235 543.4085105619421
691.1474934169177 711.481646922638
120.20397464985103 482.6895912688869
352.8846462958107 116.16397012367807
926.0917775033711 285.17126583738894
928.0943373159542 60.17719589068475
236.86705811153965 94.23500690234397
804.0004481190633 472.9688040798034
465.0662769409473 793.7056262067036
69.68026991837273 643.1801517653508
592.4362439914382 336.24188414573956
611.666578915241 217.2109497987679
585.3323715000905 612.6559921864657
894.5232602739388 821.7255452321351
877.3091273288613 185.11617422772395
65.76322169405256 133.07012121591927
192.67759895348183 862.3208795934094
171.52531613171215 206.8416403361816
689.9609941866214 576.1499188957325
546.1375192115396 62.60031849429926
71.80734152088931 308.08497557277593
599.2864085203714 807.042622638362
691.6726331514769 61.76133408923697
324.6206741873532 257.2066993316265
