objects
751.3121396034614 428.0779475392815
360.3262535747861 325.90365758170515
99.58398867671355 567.8116192837483
683.0221797883289 849.3237727724306
243.76253803446764 338.69241888458595
359.7342542430772 462.7212574455375
571.1419453856066 492.555189405112
469.0514637389103 682.0415680541267
108.39190935615278 734.3654150493023
638.6282558019437 158.90952769310783
800.3817762142002 541.8089634805585
678.8185746409015 680.1924981157206
144.50037397409287 151.0877381930378
917.3904597066041 372.1907637516724
252.08491399526906 931.0576387324385
812.1002001954323 102.85404674200149
818.0299442574963 843.6251881986761
230.13918449280862 793.6202148100984
183.1820031877788 455.31031101004385
410.7744475662271 60.55612487928918
65.6304990933922 460.4319584316899
231.8655451209754 83.7556132538931
595.3350146044 925.1676201666612
671.8280197921875 274.4665631924935
486.6038898221509 940.6070128439462
933.2748462570368 647.9548196849759
462.3164011557777 560.3019087674024
353.8774266065149 861.0356739966666
141.6759073889231 912.075433843905
288.2822386436173 662.2895273565034
840.0002905724241 242.90778993996622
298.78384681425143 185.73511863328082
835.1207331046422 710.0267097566891
683.8003208837381 543.2846021688947
56.951157233921876 289.45023902982285
494.6112873497932 413.1848376280718
931.8168892185771 492.7378319658363
458.1963093592506 246.55047842856968
570.7173709428511 618.2052719356217
599.7816974015501 371.9493623683751
