objects
660.2773344293946 730.6918379820955
827.6918523470849 313.91906941888953
541.1307128039238 660.8625280041817
501.455337929105 457.32448625037387
68.02361048751592 54.94996391032549
77.5209020145425 191.10448927305558
377.69955262846236 240.6919733922606
454.8996624175302 752.5638013518092
793.1515700387877 793.480937483416
527.6076804406619 943.3971053968403
669.0429174355226 70.60385334565811
328.1872507843751 480.704901411073
650.8640293696278 158.5695971392797
556.6229986589452 180.32395033884197
800.3761616737283 530.2949960902993
240.370328152129 333.50163070789995
82.82056865983273 410.6546346903689
253.00118986210944 735.1997461955355
695.1855704699336 314.8957129935045
639.6714939295304 603.946149059604
404.5374194742717 637.4905351157242
724.466483628551 957.1173269184661
531.6477650953123 266.6247902720105
944.7877912119831 294.8238126818177
586.928781447053 363.7397035928941
217.58094607330747 213.55270369959422
131.9769781987253 502.7210985101485
776.6212207099218 656.4920049951079
390.1106599169557 328.57811332692233
116.89017684235863 747.4549775897527
256.86424745483964 844.3273160096426
704.5617065122138 877.4791840104995
595.4786526790245 38.124453234587435
241.74843305492269 439.13603508232416
346.4822889078788 947.7693807400044
45.22717234047212 631.0628657536419
132.71435637856524 884.1577639227615
513.9769684921799 560.3869236995525
172.56335713741714 389.3471189688098
893.6944133819544 218.26034692104608
171.43456720496414 273.48634910649776
330.45971592585977 566.681566459407
191.24013792373526 658.2648576609421
877.2676620161651 392.30557847570753
90.5176048068562 960.5997591473922
