objects
337.7009046949215 75.58912024355337
894.8713666990989 757.0903939948212
294.3959614016188 213.37532470986116
151.2246460806845 134.68559943921812
743.775168352551 141.64087799287614
192.11765574815288 468.1601746513371
757.8993359278618 532.6700065290601
363.17814853498453 386.2614034536882
616.2198355328688 742.3010411225805
858.6236505667501 477.99447534976605
300.25116390056655 838.0026851069489
47.45616722872072 283.09455407387054
824.529605466875 656.5410838416092
918.2628969510818 50.77341189468553
319.0948621665817 624.835998131087
378.06919454740364 919.7217463543903
374.7328912955261 471.8330675667014
241.49276988165738 917.5968292618369
821.4758918744918 872.7866167920688
464.14169717787377 652.9168933917658
176.2916078261431 319.68822617526473
85.24689978214647 856.2435038744783
784.2833722973837 228.99867995745547
514.3772763342441 820.2044454117025
510.93495486464474 253.04231243022187
924.628582621305 350.73085831537117
324.4451532778644 281.35774439717557
90.41437370618331 401.5549457105619
656.5034674219987 183.17556148599687
141.0206865380117 647.3049073103575
129.93127736482845 516.3053389258791
467.76940092315397 904.0222406235969
551.5510901551635 676.7310853807847
419.1487984040897 195.84585188692807
751.5363651734089 935.9480918071966
682.3045396910355 440.872623703331
204.79688362164927 64.63559217062812
881.7993083845522 558.362633872238
600.3509388183845 125.33462322178626
813.9792528997925 57.718738541623566
776.0691189764486 319.6833351197989
602.3616930910778 929.235738314355
561.6358722406267 476.1295909316309
852.9820227204631 273.9456421152433
183.10673366808138 209.1429083264365
