objects
587.736652257065 856.9511896690078
574.3623190235976 384.26772585754145
394.5783514272771 318.44667680514124
248.99354322596812 526.9201842011512
99.0008831247635 779.7213514084103
392.49230125028873 120.23963194889511
659.6400546204786 50.481986440123436
789.5785819311818 206.45381565997576
500.7051729944026 196.09205699822635
240.61836359483806 219.39914361551442
690.5266740920015 171.1744613228825
763.9017057922235 708.1406568466753
418.68213459252036 901.3903978449697
101.35956529173527 664.8967786091129
429.21890090285103 664.1969580425034
278.4095779764703 853.4098338851361
726.660658456176 931.4315957640133
568.4470068479313 778.7969567474853
943.35973870219 163.4656823503653
614.3040145560133 506.4446123981627
891.149548862659 927.8839217393373
88.33020783902836 565.0107955513465
817.9185752790095 337.0631803712712
90.97762837474056 275.8728550042158
766.7348493031978 77.18840386345171
657.9525264681957 337.3622175010422
253.62006325614388 941.7705080638433
349.5139784262136 713.8835583491558
306.74838452706297 179.7745064249748
206.6529145241434 870.2132623836347
779.9160295910425 814.1918152354219
915.4730149731662 786.2270711630334
610.8647288304312 189.69127967669178
773.063667456969 624.477436059506
676.8311877545929 798.9378358772431
753.1514907622695 428.1386982937182
211.3995848357401 737.9780881668383
559.9038938315222 87.6928742471199
534.1664189412957 448.0690099505663
440.60827179077546 508.71002087094803
911.7109827924319 704.7043183328503
314.2671877684546 474.6467906736158
597.9289798024523 678.3834321412614
164.683264228581 574.7136653738592
61.026759858887516 186.30975108273134
