objects
342.536852462624 799.2028414633801
826.3096990235174 895.959851622454
150.1532309209393 689.6132722889237
721.3542255402559 666.3970424167603
871.3270162871287 214.5999488087062
828.6587119697169 355.9647203241758
396.66923919929945 247.8475549482892
726.7368501637591 188.36557791810998
490.9224034332533 486.01135117373997
522.1788907103058 653.3600429804585
586.7345465684805 91.34261032051319
900.1483506910298 128.06526677989118
37.751755370480254 844.8802849424246
877.5438636921194 687.7777891616234
466.20245021003086 838.6553833492152
526.5408713223594 350.07585332844576
391.8917322519799 338.51304906123346
380.831806749899 734.5500989795543
117.77423365421447 297.59551119600087
334.0775409729605 115.31576260740276
618.1061280998562 550.6235850377246
180.55011581616907 385.04139004448086
647.4698933251918 744.9606163238116
131.53294851344828 836.3177807814152
640.8495815558763 263.08212732997254
352.46479412210294 416.4195569545401
413.7661077294516 77.07201869744404
589.7060036323551 799.8540944744473
940.8595366778976 405.6618860566923
311.54313086130605 42.678617166289854
63.97255625987873 528.0865473436709
409.7664470041958 559.2041744944959
221.63603242327034 182.06938998467575
250.87664996878834 541.7624804282475
187.4734457074183 267.82664578493143
528.6591142230499 229.9231390863381
317.82492031722995 235.0406683206681
344.3891815412054 619.4361496582494
669.7673326840759 342.3492563354406
701.9039135883955 846.5544386515824
666.9881418387545 930.7298429304673
265.119580898291 854.7480185184382
715.894373523632 591.8752799997811
824.0890355209439 94.077721838645
748.776045067051 342.3618726182011
