objects
166.8280882932079 927.8340826757325
419.79812020249165 939.4483443929015
310.87406685569306 235.68549251801366
958.862027165371 351.8893776889216
130.44729050427424 492.4254810990352
130.85590995625932 384.09672026876706
887.6668149229682 464.33349980105174
526.340495008657 893.7450853529562
718.3200552340448 877.726799683733
928.5553649986106 265.1593355824067
64.47007105998753 239.24001011297395
464.2086140849028 51.95010611804305
253.53827287296917 698.8918188942602
348.0457190614428 869.4111418917985
661.1072975928136 558.3730250604973
747.5184361338225 358.24650834821614
251.2837773772423 447.04739693670524
875.0618019240331 625.5254202420402
743.2937569069837 229.13452736578589
339.0178892307546 757.5143689988458
958.5466591487451 915.5411390077344
566.1292142168406 960.845629205277
629.7052867712043 829.9014152874306
151.20832655517205 702.123539511353
104.44574077999702 595.6099430232812
295.85955152088457 580.1819342110787
957.5775626047334 599.4180369758791
843.5546791492067 292.58325826252513
620.5763295495107 175.99710837898576
370.43284980275405 356.08169995891774
484.39915636428566 747.6428266850124
157.3322362918235 204.91982164098425
664.7513939779355 951.9496501415356
489.8899279395265 291.64496921975694
390.4070824263604 639.3382831836943
829.7998681277923 538.7850990357608
789.6859715322727 709.6475159576613
873.154646904301 856.265445985652
680.7737355506132 291.20936251673777
654.6815844100402 93.16523524589007
593.4367668134852 704.1693730162335
233.18754825352931 777.9248032066121
495.4414503322987 562.6884306780391
43.94589019529656 46.16178120072889
639.8227601470412 464.8186566569501
