470.742 357.409
486.146 628.881
391.607 226.43
155.79 752.589
129.532 131.182
902.908 327.134
731.924 302.553
903.386 51.2403
489.979 455.866
44.0167 463.099
127.589 513.703
348.608 139.738
745.517 44.0183
747.219 207.339
273.246 528.744
740.212 697.307
105.755 836.877
260.183 180.958
399.554 421.37
43.9974 365.099
44.0172 171.244
739.571 955.974
421.498 702.542
900.05 586.353
569.449 107.6
568.174 682.502
646.025 548.29
217.53 357.838
821.469 105.043
804.829 771.149
534.07 543.387
202.31 594.328
103.381 674.497
650.758 741.065
489.602 203.183
835.637 678.116
183.428 896.678
686.396 389.329
658.916 645.458
44.3898 754.63
274.44 861.306
811.975 890.718
54.1688 268.796
900.798 849.309
587.222 204.025
302.124 435.096
333.881 605.739
647.515 42.8311
347.28 795.743
900.795 947.441
813.222 370.181
902.725 425.134
802.24 585.976
367.52 891.074
634.001 298.506
174.079 43.4705
900.802 751.31
560.926 780.234
835.399 496.343
44.0011 564.246
444.738 796.255
252.618 768.269
549.108 956.207
513.565 866.032
661.333 139.865
590.091 462.98
371.79 515.363
537.828 288.678
273.023 278.113
295.098 957.118
323.472 700.436
824.02 268.991
902.853 159.724
738.533 511.21
677.067 857.57
206.082 454.98
162.679 276.621
379.304 323.987
428.671 66.7751
333.61 42.8719
