objects
643.2486957446018 96.69679669473823
750.6880769765265 681.0668003955893
192.79880729913427 710.2035250206396
538.3468753659969 910.44186792427
518.0842432876993 207.3965300236533
927.0892805345331 912.4597861554248
297.3551813196028 831.3404624137781
411.31239031788465 367.80940012121766
272.79193575948455 735.7075207612068
658.0475576408893 355.6505491089734
405.6239662290556 827.5075342982111
94.7579798209074 576.9486998607391
223.3252356542703 952.2349586438306
359.986894249644 934.5843717335753
318.10067378836646 336.94020833257156
519.4478095239012 711.2871271113867
433.97508425844904 481.11230087922814
153.34055157618312 130.5537823391586
718.1535648507127 240.41224429138512
837.1125003319056 902.897630294063
648.3569898055542 596.8553416675903
327.7838664315785 87.32511355263483
562.993466104148 317.3916778630908
736.016765262927 598.4655185894677
857.1337256050512 597.8994906185816
201.795273734887 303.1804753003371
413.80180074790866 630.558045730883
436.90025991179476 268.64015237444266
869.5528127827924 510.4412750507756
634.7026930835958 462.8464411736388
297.51361576542587 636.903275849723
886.8885256478646 411.46658896876306
52.35200759579315 424.5323091759918
955.2515732855978 532.9598119092774
757.6001631364496 357.6801916654543
392.11274418479286 157.97064301784764
836.694236177727 47.89413540232036
808.0291694138326 233.20606969199565
453.9050925854978 183.83596537071952
710.8874103215089 471.59744926306496
147.34511430895336 426.4320003023387
547.7233868005252 98.66724285223512
580.5650308408422 550.3019148259632
62.86696365371818 925.7495361600263
627.4853783426227 817.5029998585484
548.2037124413177 611.9299210841134
85.99264910891299 486.8844557815399
890.7641178282776 344.18703417243006
747.5976673733203 833.791966736088
464.3952868935315 790.6984896956038
38.415750553073494 634.3834562638434
647.0558691605914 901.3412751117753
483.7808730208537 325.47360289170103
689.793357281117 746.4046864159232
343.36491518813875 446.2941230970177
647.7203928281546 190.79413743599028
232.57957713084062 87.20138990895299
80.79164677864642 707.3417703735337
530.1235518246459 810.9188153857779
253.04299658849953 367.78230171310537
233.82404328198595 584.77597149157
497.3586622719434 460.2828411343148
440.3663898682988 63.273333354376916
259.9307634715596 256.6747957231734
232.46882744456408 507.2256144417743
220.3987948703053 441.9106786704287
771.2323281494813 156.91650103365438
322.5964064447494 209.97195762896578
47.15443958246357 829.434161796621
229.11593955449544 810.1544825812883
154.33948738229873 775.2970640385255
212.17371514766143 882.9840392725451
155.3021891787179 520.024332335071
561.2036204776853 409.5793058222343
718.8352558286889 927.1175373066424
939.6864161935988 840.0122649730397
953.0816996675549 625.1714985281873
944.8871830412143 162.87468205934124
862.7542528092241 798.512555087945
904.5667974401297 707.5638473753653
697.6043127485281 50.475905831270026
802.3058925376266 493.3129742486844
582.8681915667692 957.774497810127
295.6609654693363 921.3457867995727
55.86972313454804 332.4750608290445
