objects
127.3197783366455 891.9098757997208
465.2327003206913 147.26651634403012
299.78417334032275 640.0904863425815
529.6026345606448 175.4173904369986
654.2316190701472 808.8287472438521
377.7483488088134 725.0636502228717
809.6828690540309 945.8161199857129
634.3248801678714 36.093736060995546
790.6105172710564 254.90043760370733
583.9092881736927 691.1443889548535
321.25510081252924 927.9227743631808
687.6499755444585 303.6050484636738
861.9275442407685 278.4995998236272
539.3596920745644 336.8221710337271
330.70444440182746 825.0691644644457
759.0403561981825 499.73821616799523
877.0058911048169 160.4641726353937
40.35975499032418 443.51693472268585
805.7709162172241 83.92801408964851
60.252036952003984 922.8699275366898
639.9367090806613 619.9947983258995
444.471739426663 261.1887913173347
506.6356708796877 86.66590522212425
232.06481450622624 480.76406398683537
880.7134439084465 807.2314947835374
859.8441407703614 389.352068095112
375.5314825177254 303.55657788088314
375.51131971421313 220.19734716240694
717.0871053688459 156.32545429244178
542.1377404989091 585.0189970779314
58.46372739613592 120.18412827185156
457.7680815797815 820.5926389940723
200.97629430039936 116.56266725692143
286.1936940514339 239.53323011781018
238.38366720951132 304.7267258209066
388.4555203324454 93.96878998993895
576.2371140081955 427.3997301078686
473.306658816931 430.32919770779455
765.5047151289624 578.3701418814917
651.6123326526798 393.2822872282122
569.5593405870827 506.0903578393766
171.59666254698348 222.59671282625723
209.0956667218761 685.1730847225803
808.5494015999419 742.840712990609
438.25248454610795 497.7506426822787
664.196733306969 498.4030324896452
707.515092483118 686.2915078058778
301.9780238397109 547.8318880391294
866.2690150559629 621.6414536652543
572.9543243206422 72.99814997608402
700.4643612766471 230.50731913333524
941.9393008926079 393.49888798290465
164.81899165517942 392.0594479877794
421.36519727414174 570.865172619944
369.1093206760451 449.8236935891684
963.3086189733189 303.2780630938283
168.73543915101519 49.79881205412126
48.609395705247366 808.8201367312386
186.74392126411138 756.2280688563064
384.3884991796213 961.0352237220515
220.06782707839932 565.2711909844339
138.51404922531412 155.80861737729202
98.79809221717682 604.2408470430506
879.3865626456641 964.8272118854953
444.53120759912485 900.9860368608495
474.0704086567458 678.2249999363967
138.0986650596128 533.6787855692232
543.1227995470109 254.59501784582045
942.9157599318848 234.39326522619842
882.1216824499292 503.3906273391913
42.33855998618166 184.3724321315478
548.7268691426434 871.9920619449529
97.7710568486456 249.97859128110898
41.389664572193006 709.614306090827
267.2239820373788 402.22429758241185
375.41808376115466 884.2156196209567
113.47438418996896 821.0387420072367
302.95489976292436 70.22242704726472
958.0339985551379 481.2440056066745
948.1020822081141 78.79018006249036
238.67265898352866 865.1246435333276
722.5622785100232 75.03490500423274
77.44212362964998 356.84291087562616
670.0278962223446 924.1202478058556
941.8033621860309 882.4627074146705
