objects
368.13530187500504 408.96828713484143
347.0739710703081 252.09570477236238
926.528478786992 67.40260630761298
92.1501896792655 626.6196180393455
42.07227383230396 806.3613516681972
142.82009895544104 861.458820416066
833.9594988622198 360.5946971638653
163.14826621307475 234.09923956971593
523.5389733966948 276.62014318308803
950.8413353756254 263.7712031022058
395.92531698020326 963.8972174689908
368.1166850022154 508.61105694107334
191.67854745640702 139.52892524513493
933.1660956290748 393.0087431968848
654.236794167509 430.69265481234527
66.22650720532513 102.7053369309549
261.53548200415213 263.32945129061994
846.1151745560288 966.4530875492294
246.84243000227687 789.1086757376191
641.747155481053 695.1705876315416
287.9806416990384 501.9839347274707
573.9906809388025 963.9945522560213
878.4928592153525 672.3625303232448
739.4074283046341 138.2370318714882
558.9663460439832 472.41132243074486
882.1735119247288 171.61619048343223
76.83561484649566 436.5599675488968
508.1239506842175 853.1229093549142
615.2798186094136 181.79800953704884
688.2468146441107 97.56740515232823
684.7710208225337 304.00155141763076
69.57110182345367 876.8256964588145
659.0968487341518 588.1110436377744
637.9568393950829 905.3383559862194
725.0742673021069 794.1803116426152
247.95494291127685 412.53513654677914
519.7516309154055 610.8300688716583
203.28037189131632 601.1946610539093
832.0660678293837 476.39957031246666
887.3086759564957 879.5051751934815
760.6989500906532 651.4311113815303
413.5720097833816 302.4890755196493
325.3463383285058 710.7663875770177
166.0948393183589 792.899250665584
411.3277337527683 51.64050348366562
411.7028188291261 782.9152517336859
282.1254249378418 621.5298394992286
818.3250060863238 36.05216101187763
406.3603638434393 619.785225582084
447.7882532021789 681.597521845393
389.1875811062799 135.3197175020678
409.6305282754096 220.69803126964217
440.6977919317733 499.2031677605408
589.1159864842011 383.32209058105667
505.59091980870403 341.59759476804993
707.4211145257445 899.4557448060506
928.8843976977719 811.0338559156511
250.19112184756878 945.5924007539123
759.4668023027789 306.7702894487279
748.0053991544727 46.02307405588254
359.99725409236663 897.1174641885385
196.44497834901944 523.0889630610998
55.79905487935622 328.00088696048886
474.88476269900013 100.39488017370095
947.6362817491089 191.4661114938995
589.6752390794754 771.8636799921187
748.1784269589884 530.4481289186249
96.7545891963602 725.8924998847504
769.4476261638558 440.43536360921433
567.0297804896907 53.704191253071116
84.38790248695622 261.13277683436974
814.1208300977505 737.2911823589801
52.873340789445884 962.7873558566588
741.6972575404288 723.1451424765335
452.8905951228961 921.1024176980593
528.3371536017407 160.12656129981224
35.135680619155984 171.11493890417432
302.60224357704215 198.2650667508664
267.45932740744985 874.8109698933582
165.47022193837822 699.0235681494268
117.79697300786214 922.9462122143109
134.00929711394718 80.8888749785572
114.68211191645179 162.60990338573603
820.1454587847326 127.58246612416852
289.271113292943 121.96438639495088
