objects
46.23087543722498 704.3270315880653
881.4768996293087 949.4529245255164
865.8496781213896 867.0593966969177
182.18730460344318 159.17473965322026
317.3285907898466 575.1310008450243
380.81725692671165 823.3434732644539
756.9122591487032 113.84572457785015
448.8892066514061 421.15382520540794
425.61238343433064 706.9929803640206
129.06134013642423 796.1153437489828
741.5819700950115 785.0178690193601
623.4676265863611 337.36516206064806
788.114809930339 379.0898687914154
631.1681583229689 431.6493766605388
390.37843716832487 303.57979970042436
591.2709174940366 738.0914375578606
907.5806822760267 132.11463795937678
959.4308292718334 197.29188211844686
459.7272187276327 122.3201901493758
614.6843692972195 174.3022504565121
51.07534006802919 77.71993072980392
699.3466481336203 568.7815922111445
809.6576496452633 585.7278947097369
87.5111014546745 606.637718750086
665.7512972276738 495.4919939329338
140.95725771577966 89.00025105558686
52.36404062300012 420.79256569184696
290.766287097182 189.96461252266698
223.27001076264395 520.2094472695235
490.919775166485 241.8478394949326
659.9592488408092 660.4366458349998
214.9244472685485 724.8298943317468
437.172089770746 864.8703897703008
596.3663983996506 921.4462714687481
960.3925071017993 334.9080884852052
753.7067071595507 890.3167287016742
300.61389772703046 79.87784101223392
129.79778924976918 423.4953827614561
360.18523297566315 137.43807677756402
273.84168557590874 860.5148186910067
642.8716526038207 109.52580962965138
321.5704972028506 411.5160895030254
376.0259509130452 627.6431000312635
340.0589947219569 903.6558166581049
158.33978702783415 928.059436040057
124.12931169273298 195.0565604320992
859.5086579773757 340.4341246673571
592.4898808783095 263.605217777867
690.7981513815117 729.9021062233367
544.0405363837252 358.293955050589
653.5067613645716 824.980080562893
805.2160977257485 758.7917870722762
311.72633506603387 268.0754516287049
496.33799498131845 835.360961449706
435.6051109391051 952.8587281632756
103.88829233967849 871.2337361338226
775.2034691245276 211.66379850620015
349.5571728447735 510.90374516292604
785.2120908263714 51.92492189606139
252.33175373123956 651.3989080476571
48.94576801273563 912.0283543015922
723.8852163157399 638.883016996808
243.28921320437323 427.8140209530297
228.06831132350234 305.59926973663795
530.9476447260936 147.12246333730448
787.7267105604233 952.2926602192279
681.2836089660256 943.2138316099581
676.2310661356285 284.0280593664798
530.0957114269413 696.6531023093423
935.8735902107398 643.6518878803076
562.575498914966 824.0786727073041
95.99341972019916 357.64592241330195
186.24277844213847 855.5363195837992
435.5416566970017 783.8364678423632
772.7389519278329 470.75648746211345
38.11763386602351 182.80241769900695
874.6417067534258 677.1334059478361
964.3549684073602 476.5935993913731
299.9756788786006 711.8657893509829
64.11698537691015 534.0295465177422
164.62590161846347 576.5889098103444
168.37166737168442 663.5303323738926
78.75916429724057 243.74721428335812
230.76612235211252 800.0361598262481
232.43992747837385 962.8601241289853
