objects
912.4074305098724 116.4433602151635
582.4911296885808 268.189961993827
255.49872509702598 707.3114845261724
964.2164903036544 526.9334465972453
267.0369174051382 130.23435933826096
666.6230197256297 892.0250894226298
809.2855968876993 879.1218552072515
782.5817808972773 39.62483096018412
680.4586171652803 219.27331652723592
801.6152355556371 428.6730897624281
551.756684603202 784.9913502320832
121.75129710204104 958.4769364432675
478.195609971885 489.92786465793284
387.91536753507256 698.4058967373436
742.1152146778119 486.2208787120456
627.3046576340355 718.2893681697883
397.89639637750497 455.94120108540824
103.52253704793179 325.320277726741
482.2528940866792 139.2997028266386
38.73335136792295 456.42545929193255
859.1054204654782 247.24788740103898
392.5700716425557 917.2919745137505
454.82152508451435 664.9519134193689
410.80350064921976 813.2156720507674
583.1321284230847 152.53639927396674
371.7158429341528 548.6145932193893
771.892798463281 241.04749287320308
234.92005123256337 559.5527864134635
896.6219810891524 657.1894115805051
336.79194705754344 347.4750103284325
741.1831550484859 666.9704357159383
411.98465696318 222.89207375940597
39.24030049456569 929.4543668857052
129.24349968209515 145.26118737899642
744.7660643040655 765.7156100886934
811.022704161344 630.5470163984032
42.73670331951552 656.5334537492083
953.0430352261045 236.01144647056057
522.4820490175248 368.9112449937943
661.9498009494981 422.4696578491046
456.11765154686236 374.99034623228573
717.2521160453277 583.2865434383704
954.326110036642 956.0509890292404
485.9174196349197 868.3971307197204
491.93488749160605 605.8764607106008
53.417104778800834 529.0580705416762
897.1259096739635 335.3545692344757
175.74849091618094 608.839812446658
147.5594184185957 799.7943737124396
214.02665044055996 86.25566425692435
314.8558104621063 933.7290297688814
350.2239360438289 858.0962431506562
583.6766598897198 584.515371253449
131.84901900423085 519.5239340102089
201.09191167885436 291.8846354218735
173.75535198750455 415.7060042218766
203.1404840726068 488.70895118355395
956.3019474346439 373.2490498446076
635.3737999740923 349.78324655983477
800.5789976265659 557.425503448995
363.73403514158366 287.0979068748924
128.69316256440933 68.61531775899815
273.62232731078615 796.54991336311
226.15472666440363 872.9078031946846
389.3501820788554 388.9680887965478
360.70108189024904 622.5232070190145
926.4889147042394 779.8841566169016
472.4309216024473 71.28162403894112
470.2422844094428 948.6723735639566
281.54267443853416 619.6493595773788
169.52560037426377 735.0580245841495
434.9550318173026 744.7716510947345
54.98266247920384 384.1607678456767
591.8898819098699 64.38928434852517
574.3315315556359 674.785226679534
64.53376308666007 192.2381735356812
958.4697559440086 606.8203935130241
915.6413240295515 47.441141526879974
739.6723457236787 958.7212105167077
778.0131407977714 329.47410994103546
49.6933841470928 85.57767190329082
707.3664520437151 336.089896839772
816.3675896667055 727.9110079828555
839.2762457134606 140.96701524364852
840.0355463935758 491.53856655180044
