objects
754.3441615019769 215.96805905217275
559.9404643289649 418.0541330306373
289.5829330308716 154.18194265793664
894.3183532308706 495.83211685337756
151.58371974477922 343.4294255309062
862.6523853585608 594.5246615319671
775.110852108846 754.8749996787793
267.4373665431083 66.50295886881403
395.7785472334278 650.2010694671038
34.00893828640709 353.40001995037306
205.64090107972925 889.5597451005121
286.15204190872856 268.6309941674051
444.4256305319138 603.7895046042512
382.27380562873367 520.1190272079695
644.0153662203732 812.9836752118845
913.7457635010234 284.1731792579638
47.330241432151624 124.7291286520229
621.0633434263391 311.1854834433476
71.94857581205194 880.6436159052871
891.3938917046329 845.4843330505894
510.93623426959596 560.7690622921897
385.45811210992775 205.68010976898776
469.6670248645368 432.435738193407
574.9864939003909 209.46533113760998
619.8234335012013 950.5776024824969
612.6821688934808 85.51693755674535
934.5225910785869 643.4236353027018
683.5999901230181 703.6378477031333
841.5507558414766 335.33840232639153
74.8991296420146 578.4928898950451
835.3829263646427 957.3471114388916
777.077670430943 356.6946940471435
698.7749484188398 279.12633821306906
240.0865514217194 470.19448147002595
673.9851511211242 580.4934339852432
546.3321411989915 679.5499907277696
536.8458268342224 785.7161152820871
177.4101920799101 546.4981711098592
824.72352582687 427.86167900633757
689.6496799054232 429.65628379056193
104.25031098539444 689.9769768945415
903.0439833797258 766.9506874297557
379.1692244474059 367.96199934680754
310.52808900145794 706.8210618306247
46.309280159495145 787.3134767086816
807.7511214154548 105.2197471978948
286.2174079655213 344.4900484089576
710.3474585970129 144.885980841002
460.71485300256325 331.0159752626996
397.29597300466713 729.9102406807403
808.8427799531129 673.6919590766645
961.574440018957 88.98624030378477
965.0113263723238 956.0254245633014
941.4973383510755 220.51966521603904
696.3007546620023 883.6384836542584
451.1249183436636 172.8895628244858
201.1979905672601 48.528887721404516
444.4222355734689 867.8123599513124
372.43581075574446 929.6512387791245
368.98754634743267 36.82415076650782
911.2502201328946 41.28810318455783
115.90337102720193 474.04308881590987
548.7334248849018 109.21646436212714
289.75900698695256 591.5139118922299
209.82124105520654 282.2871070314486
823.0641217655876 853.3163429772537
860.6772693643461 153.28710793023834
398.6713653600897 107.7044346886627
446.47364645234774 498.8532218149206
184.8940113846831 195.59645972440723
350.60205880035323 451.0865524455616
464.04002276178824 779.9298885888346
167.96783105499048 424.56912936691725
110.96887600093996 936.322364137943
766.2641594312331 289.2838558337611
153.19566276563424 842.8313200084331
549.5319114751618 279.6428055804605
120.40010192055814 73.97886530468969
224.62522429584942 659.0813267453233
204.5645720042522 964.9617446003799
532.2703199368285 41.299931371135585
292.8953079397555 813.5946580929917
597.041414496075 586.9004718089972
723.1186379388566 531.0966606390455
538.89339439533 931.1646137114772
