objects
692.8583112759912 876.1624403137042
650.5850282276252 156.1696914268682
338.6315928542767 345.67068887296523
293.58402100640154 949.2046183550443
680.8741678892857 648.1784102007123
368.20627540690595 462.32804994095864
736.4180491296913 512.9836700950804
180.9798230120599 872.462244115731
239.44146479242028 625.5099931778025
839.7941165062599 435.94737540822496
95.3043698411232 773.7741167310309
154.88783412237797 591.6326461355522
621.6932738481556 533.2823218007712
782.1858040945297 112.09214396805288
83.10641094356058 922.465026393747
616.8659868280312 636.3357745517369
841.8942347003072 847.33062385046
490.7181985251152 627.65957875752
70.49252291650353 554.8017114183593
136.31018790090266 221.05505443149036
156.12958630887152 303.51971822027167
826.0579299233375 589.8772348558758
412.2592925888248 47.919372512851226
915.812120993217 215.62650119334495
449.98775693802827 419.54593286319204
654.6940666409957 300.48841173284484
496.464215308044 876.2120635984455
449.0967222491799 499.85280538984847
299.8314152585594 435.88142183603196
373.78408415634493 784.620000963885
438.73058749770627 216.25489769676804
720.38280875917 68.5477337396954
549.5836179566778 378.22581457352015
947.3824384169479 462.2063800744604
454.8202986521589 715.7802513514883
358.0327285332659 623.5647464306478
624.9369516538803 713.1463232322922
935.5653256459399 122.916325089526
244.0150067202905 250.62570065428235
906.8934437411531 700.0585093297407
179.3820967798357 122.71224630379461
526.9522709118272 451.99613261860304
68.5813808847747 148.9167527751624
34.49614335743534 377.2217597186398
317.8328427918474 845.9024148335454
333.28489807754266 246.446410829242
530.1496687943182 281.80980901809716
150.55573790381067 677.7035075331029
432.4419299331689 937.9338480457762
751.6690396571925 417.1663444225294
814.8293634174248 730.4669506192474
97.05464805309721 467.03085646639187
430.2293430922522 578.9511760453776
224.77230869550397 458.6665554967254
882.8646312647764 918.3465593658469
802.3311224015578 332.95126340062546
958.5533328609563 819.8892173470001
894.9564988513381 633.6896035850805
316.2841680044372 155.8492270923805
490.09136262345646 804.1445137326574
589.6881543087641 325.6892896767415
462.34170843109985 148.16225155006984
879.7528282781534 520.2632783246196
383.67766847132253 110.12553696390327
437.6364360571145 339.1579197711328
734.4227515439203 597.4662155091921
565.2337394138476 589.0879727462242
178.7578294528142 962.7191364432967
742.8992974036079 680.9186023381349
590.194600105205 897.396156111243
416.03969580609555 848.0551471726392
950.8124776570945 937.9263703540922
509.100022930295 93.82644008014559
722.6119732842001 312.62596869341195
943.8515334178719 754.7317993963891
282.7185168560974 504.1751536629357
384.85498187954136 399.2458869894393
86.82298055019993 847.0450067447383
565.2329211995183 44.59637958671253
806.7364332919358 940.1392977020379
758.9778698172147 890.488725033507
134.7076928030936 391.59976141621155
514.2008557506592 218.25377461015174
189.97866612180005 738.3253457533365
55.38205038650195 626.885640881807
