objects
518.768982953984 117.26705061651093
826.3443352085088 855.4541438684621
254.7481878911981 515.6248944666401
430.20672099649033 807.3970930790808
155.1192663991932 401.38925848217394
405.93367352297406 367.9933273832483
438.9729459760644 330.34147434592484
303.72886259862355 371.510670547686
271.3865635469426 949.437068500401
847.8194375313032 610.7873708813576
909.776218653437 531.9776809316995
743.8212267865275 311.31183480475227
174.71028895035357 137.41027771904777
198.27923766526183 585.5837891278145
834.0733826892098 427.67325956739836
909.4310492089013 152.0414321856968
345.3642471192357 469.38934687938956
696.9350937782182 911.7297207676498
516.4301144907859 344.85931108281574
647.4737626134184 92.6934480241766
333.9731711209989 85.81420394294696
573.6036197448352 583.7472204082559
289.08240227783205 408.4454459070694
140.08802770051756 99.74813731361819
129.05020568207792 798.6605251466731
174.08758729491967 487.56458877323604
807.3181638361497 834.193085526151
799.7466454093442 394.46929101747986
26.94763072082137 52.66458880364968
126.33265879163757 859.6395777490111
327.03296775736334 924.9532030507189
960.715830053511 516.476821066966
488.0172767177127 384.65431905296197
724.7417439006459 458.1298121263261
301.736334357885 192.8179579056171
906.8131028336512 888.1428892781995
287.66524923001845 474.82696061787334
916.2473850642342 854.1870708311909
84.78931680281963 265.2705762736036
122.02840630746168 182.60911763911173
624.0255571416723 714.4008130340518
144.27792564437013 57.42775596004911
871.7416444050197 827.7544824577689
919.5572923192166 259.42097796827784
439.57393847992853 926.2523668007781
769.9592818421659 638.3028024708708
189.91304015474097 921.4977815977152
746.5075613497902 90.60880214729987
553.4063587137301 667.0113462878259
941.2728325601133 429.3424727393187
515.942861289597 563.4048342957285
392.47811729027336 571.6288355786113
660.079880949791 228.50878233444652
884.926360603612 27.189238906737415
296.537644718192 563.8673701188293
208.09293329379176 432.34231562627434
260.8811745077528 416.26092806797215
504.307808720995 933.2965849419472
556.2301710690585 623.7050012282981
458.1296767535897 100.8923657692572
261.129082805584 17.21579658586717
509.55895110517577 196.27166438556725
952.647948489863 643.4353394574958
594.8985831304417 514.2541114956791
127.82857425687747 728.8056910931662
59.605912440106366 354.0341012789186
198.8354274627075 47.25616922377024
961.300590485011 338.99311825740074
382.65847840859544 270.82952438886275
372.96609030727654 129.0848033542603
755.7694295086616 900.2962210640908
795.236777617152 948.7180559193357
520.7902413047949 482.18910302472716
139.55666976805455 635.4156551098649
209.3165044653751 872.6294658889668
277.6210820330963 335.587526009872
852.5982136887212 388.09967071870636
168.11434330082457 447.8016441898202
772.6367131611618 863.0974116298524
741.8670025446909 418.3057904827505
595.5306826883123 702.9595071028773
968.7283206392832 137.31305353753146
745.5267707880196 165.5751621340294
331.7511472419447 50.438704937706774
490.04338553618925 493.44633780024134
812.5026845716419 445.08826846999557
873.8383006676775 368.2293256808601
584.3589893921783 371.2909119429224
499.45229153469245 858.7273940250446
336.78220663387367 206.89641682675958
350.339929207523 966.2535839609317
557.2172009275774 969.8496524541256
157.31839661997637 981.5015220553314
134.20081908495516 594.8236094067345
280.4474948847624 715.0431640842647
637.9606119902211 757.4398994545559
757.5075865059846 810.8415792687532
225.44049017188448 252.6258474207782
569.8502190173191 848.8277738978034
47.208112062688414 727.2539358864481
611.5894275944484 472.4113283608122
359.7281409959902 359.42117669504927
516.3710432684371 896.5524210816998
369.39377284604564 814.1061645188656
868.0395355891817 865.8354732394279
450.3950296388281 166.02196642763218
228.34082636096866 728.646533077929
960.0438078056662 971.582603692755
405.13169406752803 217.51696367565498
764.844754460674 364.8844741486991
822.872220327666 85.0008539368307
953.2002310702497 697.1494501824262
985.1373697005033 745.6571817965926
849.5915593134979 661.5262336749132
374.9082817121661 843.9224885056498
562.8274153770407 764.121857195697
64.83017548729195 798.8338715506932
196.45597019325228 834.0598366343988
575.7377183500914 119.7907756553685
223.1756872788703 970.4493569922319
56.051099620798524 981.1730787393088
122.86949231618345 407.2638551840149
311.8081766098139 287.46260233961317
969.1794231021032 62.28879959766711
898.8148465971349 613.8352084286319
828.9505387863255 735.5600192746058
740.3506441544316 266.2538170453909
928.1785033844983 461.0193627878758
266.19399286741185 781.4826169894523
464.9256656425963 261.709499610023
218.81135659713993 381.13673131070954
917.0000126165793 749.8778573599704
675.3292297717333 396.99340970361897
607.0125894930773 785.9826767873714
202.69034961094601 459.08961433033807
675.8498470169413 828.0084831607834
627.1530716353345 328.90789909381135
132.64275158390097 371.1679415920512
654.1937269992595 374.75746237700406
543.7299806471946 23.702322482973276
913.1445129510861 198.21954589611474
689.675906211087 103.45668490346739
600.2676384434678 17.485615583534024
51.38310387194444 550.9587506956744
863.7871684221267 101.41835100898254
20.627424874403125 290.75051578514666
820.1084290536913 682.1823271556831
261.2392045534293 912.5554900253808
613.1283022574441 146.06507907461867
689.2700328399865 684.5950242671452
326.0024610752096 870.6489672868562
332.51279504115325 256.94215678472693
353.0647364796482 901.1505481649989
909.883093948313 320.56229267553897
655.6347138365937 330.36729366422065
629.9768949060771 867.8282182207514
181.2334217782617 949.0722776438172
294.19883808756305 655.2556885447456
296.71315351792754 800.2396512441663
397.4432076719912 906.3153381696487
879.3825818080579 514.156087923272
101.64533145327191 666.3762199934262
222.6712782943181 935.8909149378628
396.61339218703927 797.6057138314604
973.3667969000572 595.6189793186355
