objects
348.6324248706604 135.99103898481405
831.4398852846371 78.90794144969921
511.8299454702262 648.1772747542838
382.6291788222423 434.5196176560487
771.4117421686046 546.9850626112112
330.17297765864794 536.415307485512
95.85556321674879 300.4493919837777
905.8856229073288 737.7298963082292
472.6375054326602 168.811139967682
157.95038347967343 129.8762426089113
341.9245934245984 599.7629815528632
888.4103333097053 102.70081825039503
780.4295350146981 820.7207782709099
304.9706654664829 325.1457713220578
624.7506241856375 154.3921156394374
116.29383415472002 172.15291879697014
864.317013026929 120.1425479660465
725.7375332038829 328.0606381998674
576.8716260096168 362.5427053466411
253.6538783637392 945.0249762793851
315.67635162470714 791.339330797404
502.3521546922226 899.1074111313926
611.1241727364788 792.5877272881772
763.0808060051427 336.0388116014855
729.0364636144421 480.6487163418145
500.2430486112338 375.55653320214736
172.7413220993534 456.0410614427936
880.0830203726291 324.44537835239674
810.7474846703145 162.375753924903
415.2204852073009 152.9024838754143
405.3061246619872 321.8459360561625
511.4310038168241 80.24234543564684
748.8824954597483 843.585274688953
759.4804729550962 578.3740695312692
653.7797684055824 461.2372526595143
626.9564163947599 198.4214708282483
287.8722725888111 917.9937867494772
785.0295440894248 137.1889879039436
496.84493646166123 275.9039236566512
48.10485486696871 452.06957514383555
377.7360278478815 60.716468132415855
550.3962460765475 788.4115890912473
730.2201579881707 410.76535487379147
712.2007767500278 742.7320389417462
112.30209128224341 905.6805627337446
732.1527297538288 538.8006420407008
691.2678356761636 635.3673993537126
427.71772532810417 353.7910997000598
20.19271451171033 210.91853710867636
690.697535995975 438.8954145513722
425.4583540827897 696.4452724424159
581.4485517433607 486.83106606184543
575.8533198674701 559.4485188326548
944.4389575988017 786.50176687215
176.8028900620115 964.6880752056261
84.74462470947732 709.3083882946456
521.5015713303416 444.7400362977117
316.8978230923196 675.3559305490975
22.61121405964085 51.2320199933486
77.0371954332454 847.010036729556
541.9503004079131 669.8793993195054
714.0606555799121 978.0357018799062
859.1448937772522 354.12589704738576
228.3106889146957 88.41545032971207
25.409030901276424 845.5919657571292
747.9066789089395 815.0827619148565
986.0461309909848 90.4736826198746
630.1678608605417 60.52339702016238
151.14797703008395 900.4676530338946
395.57305187927636 768.5302784667524
628.9597773478577 502.31349180484034
142.2899813988572 266.51711339257287
935.8520462915967 120.70250602376832
440.02975344845305 954.5232784896168
865.6881369670534 202.9791786060052
501.2129679869984 709.1144405524218
159.69506650188035 395.4904257271024
204.36534917956195 878.0580366810949
864.0648557334517 435.83463613565993
148.49519717459276 540.3579103543859
240.66121234889107 243.83431325912903
619.2870191073191 300.94762903711967
985.973889522365 45.840332175945875
357.2291312765704 737.2065501620262
372.30688534084385 676.4165688775107
879.4160332282713 965.8520558252266
916.076784332663 389.67612257799703
164.45626919266314 840.6043672914893
159.93295377762328 622.0858319459708
282.03484059850274 820.6347959199959
300.8375037681204 956.5700686200173
484.1415795102866 308.0510492651994
206.60305903125644 515.4493034362096
196.57962298470449 285.001157714239
787.7335256012777 764.8250140152287
793.9183338605325 633.6072470958628
754.9413143892085 124.01986055877049
891.4645737270567 674.3813451225593
107.21111460943743 627.2817964741372
943.1125590843801 938.7006370298976
258.2854889443741 299.44246557480164
271.0472294240096 748.6503838294076
360.0557421215581 328.3260486344004
720.5156757864254 191.69723291202592
878.7177018874542 489.1090690360902
405.53012904890574 605.7749205792622
336.56009026244595 188.10906366866848
588.3187965560244 938.4479042003197
247.6332495834249 879.7727916844227
460.64834156667285 778.1869684314738
849.9939627661106 905.4023512641811
528.7241711329302 368.67120936005455
889.7437118559375 565.3294473896832
189.30778698890444 330.0542277253649
420.7025756104056 578.8979943908618
893.9613673985658 813.2785210802401
824.0304919091027 508.0191040255035
332.780731583025 911.6424860039275
634.7923079995903 719.413649733107
760.6505259071985 248.94231460009738
498.6079956486546 245.339826068368
122.12819737476053 773.9273304675767
921.3166670144159 299.67162548947925
853.8060965750125 244.73083363834897
428.76340050523027 769.9790492768302
232.3604167460907 532.2493973629674
620.087327232578 367.7970647652593
907.2303939203773 766.7969695400508
459.2883352223855 465.39457253207235
811.057414440864 735.7830411722738
376.3143938026751 187.38041671499113
324.3391871437851 110.66518270159003
714.5867595814967 133.5047745769734
528.6058180578931 243.74197015220085
517.6633319688661 811.5246098422862
421.4539507282168 90.74609263587524
83.78027929731269 39.502546787715694
682.05145098968 354.8247402876766
526.9846010285523 481.3487073048557
353.97309943832073 509.7461200968778
248.74020081617465 604.1649208068321
376.7661489681929 818.8232069232479
318.28940743027596 298.09013263781475
696.2339028590006 685.2793127911152
211.4675545711112 934.5904071320024
391.35074091049006 481.6202522052186
858.391133130243 391.89722034367827
941.0803128829217 737.9134802149499
627.70548158671 596.9298391867443
785.7206633444893 949.19942669519
436.01921232224635 48.54633425239021
89.53988787880701 441.594450356544
208.429541202769 241.73540207966207
671.8038378141591 960.1603283389696
548.1248401300173 399.17966749913575
827.5279542070493 793.8578199881755
703.6513169849846 55.72441754313569
425.97193307173023 638.2945568662058
857.976565604204 702.0065790730273
245.26315564994755 432.23213934567224
282.4372447442862 680.535753213867
816.9756517879258 596.852179667161
701.489827909498 536.6671822728819
489.4451409660629 597.8489672022539
289.15151835860064 71.85801190722147
