objects
765.8912839114483 809.1668953758198
61.5934901081835 545.619765655966
758.8355222986462 307.54557870995944
622.515792148226 43.700424451789004
106.65412048301684 917.7970636111262
459.6156243134206 785.8105154574964
964.2198077825525 454.8299852331016
976.6356877477449 704.370830376745
978.2588286986293 908.4349490618441
808.607089120847 877.4469588733731
174.81382844308015 731.0275757557467
569.8466621048009 555.5201508826674
197.8043449114422 211.86421375476212
416.4941200534701 803.0365216863755
442.8912092908669 428.2244488834757
880.3612195958985 406.6020960200967
295.64627168399136 726.1974806299075
903.8639300957049 789.4318101867437
870.3059317255947 116.09505762393657
599.4249366501058 68.58445768734985
504.1466250083492 411.8213678245975
566.2935937482042 708.8032229924928
130.01812194504868 103.74718854030326
723.6884842099145 526.9058826168044
772.0936220078044 972.7602175089812
727.7531415336396 792.7307888174654
895.1562709439249 379.17346844651803
297.02239497549465 542.6485495026354
703.2361752174382 209.91135121008335
115.58275887894945 24.830514504934058
861.1141537740482 562.6249105270124
752.9653491610974 113.77594224970011
848.428727077592 282.48280453528224
336.5254776985289 211.22891661344724
662.0649339919238 285.6349134646146
728.3397309384502 967.9643002020915
200.3792029905725 291.51543217759036
901.1134191905544 93.38538617208222
35.86815375834725 812.0181284792559
387.8123037337637 336.5221830861052
456.05900859890585 98.85416080665689
99.54835550841734 120.33132683856967
593.4359505500234 666.9646522941798
249.80729059061517 931.2878124912743
14.234585097391316 570.0419638221947
705.6392335836883 881.0876682052984
839.5003721983051 788.4306888014504
59.599586774999224 401.3516060621728
371.24896108027696 916.1936156433549
192.74089841641526 958.9142888652658
723.414729274287 144.7348631746267
730.2108357378206 600.864270676198
263.1434338158928 581.4680896712631
97.4601564830642 170.56380938887523
859.3749606902434 705.2845197541565
124.80887455469265 702.3228485288935
19.929863097157778 512.1724343255947
555.7151931879621 887.9599019558241
299.291475189925 141.0686016678377
618.3318520552084 817.445765463666
790.4982654057268 560.2831628857488
32.91128334730579 102.22883079820964
963.9329411138249 630.4612692954836
77.57351185075926 836.3878463017285
344.1098480756461 590.7023758680638
91.1899540198938 964.1518047910309
778.6942124811054 639.4456423425083
735.1238761346257 837.1582865294379
213.85388384738454 934.8345902820937
383.36693418218675 456.08745274970005
466.84361760701495 457.4974419234636
725.1529411240884 453.33090357713627
52.87597156225924 868.7020095401158
309.14373671082217 687.8525501200146
682.1845381031989 561.9261510064589
784.6992495348984 330.57526361300313
652.4630003821776 827.3787807407465
772.0649876991051 400.46187914646504
84.6863550110096 789.682952291416
271.3979003540671 622.5236435270828
675.7870199528413 402.7849584426193
144.68168478071954 239.04026145869204
422.0187887404165 81.66730744544195
222.73903388126416 429.19618502337056
841.5655889471681 528.4177088821986
582.6054095059561 261.76138120616275
536.3008376988639 96.81422487522985
604.9463259596997 435.69547452226334
237.3354147659906 639.9324205971632
737.6210214024721 408.1527354397387
107.37165585687455 833.5828073138839
226.8358130245171 877.6618152624692
210.61399608391898 174.70174779711695
482.72020132477445 332.23246006736036
758.4696720581429 201.51583464822008
320.0848184484572 889.4221237242256
486.37431357061433 852.1126862594754
926.2555046864132 962.5766431855345
115.1736691912804 425.19738664426393
905.579064039051 461.97306740062436
658.410624193954 463.7540687540791
490.30858486342544 487.6031823650978
423.88897013472 893.1069598378729
958.1494116122527 599.2063342690243
746.9701187975202 362.9352146154204
270.89756978472644 829.0719915073879
258.972682552369 283.0590579921181
430.96259994976305 343.0282657755927
446.86155950349263 818.8785000875233
876.9521846741015 866.6580103027928
14.92157104224824 172.1126724780004
299.70134638677695 290.8142184382133
124.42671494676367 478.2803307048881
202.66859204255817 767.5862887991086
932.6668021362235 382.4244991374391
443.9020843221755 203.35928204678092
131.39906868688286 798.0137928311981
694.3218960610076 181.03541361591064
577.1990727602663 789.3753261405772
974.1010861843304 63.27284387026795
237.3710364406892 122.54292107443702
78.70665234591141 224.49638513158584
383.06165756618896 78.13587415275543
469.88013626571177 34.919138227850226
418.7516074707709 317.62963921374455
960.7853473476501 286.81472425519354
822.1342535052963 121.72902332331714
640.3288611757538 763.0844911167811
983.3316841031825 349.47162760470655
225.10748528837752 272.52747712417795
600.9317344237029 889.3284467980043
58.05698044875909 149.68822985637192
596.6417280870926 496.6110739504953
696.9625761335276 319.2247168781343
194.90026929278883 532.3012039463595
537.8943269804 584.4222175170961
112.78716260394764 544.7126933459994
206.23782401152135 119.83284504170403
682.331324773576 122.42541835523141
277.1518458254151 410.1914468344687
883.6534050864291 607.9417223780604
146.68667537725017 175.45696531963438
392.07469306085375 635.4733166968857
55.63858340425335 942.0222552645503
273.308253478209 507.32421543755606
410.4004354389335 529.7257390559973
176.47836178385975 178.30635092871515
949.8198896071983 556.9310061034
915.8819867583742 904.8286376230014
740.3925359021565 279.6677032077019
689.5652681770739 482.5230914488153
323.9516181578893 720.6647204371819
274.64242472834917 156.94841892098384
464.8297643274582 158.40768757696756
570.7471376296668 69.62310610262134
311.4016654188897 582.9940013508451
98.79390638026588 84.76481476632796
971.0454480634944 826.675982943488
356.0566550219779 454.1107584865579
632.5258300748717 276.2056553973374
855.6597619426619 834.0638492953656
680.37617585378 861.4825057642088
871.9376709670554 27.817966429653232
194.6670742594235 684.4712439331905
526.2940269937716 752.4769698849342
