objects
232.85949357150233 596.9205111565635
698.5583456716545 481.4761163791891
607.6726373022285 272.6640359001359
99.17358931240481 546.788257862057
702.5555242737438 745.3005123868211
358.76106309515933 904.9301282999243
584.2862769955011 374.91831902653604
303.58348763430473 334.90647537500826
930.2805552825399 409.7720376903415
371.1521252019151 678.9994562456498
482.7211864909834 478.7450361525598
321.65385655443333 248.79322696690025
375.71304925751383 573.0552819896697
103.71688066837942 665.7005946288868
978.5974654799004 626.9111314299868
166.9954778944696 398.54911107357174
943.9867359511169 677.0415506067508
982.6152777090123 570.8139687199455
518.8647320222049 732.4664085483194
835.344308204791 974.5539404461517
241.40707145885392 259.98384050174434
788.2147195293365 780.3230812577149
463.91190656413875 167.93747662103442
406.0981857967406 904.4480614005041
417.3931201542264 98.4706904642958
507.27965829856123 915.2439047280543
615.3167426075684 738.7290550991642
694.9276993414724 247.61572382822203
430.6090363380026 862.128849051297
900.5821009779323 484.9502140379691
340.8505621469711 496.09826339140943
960.2138431982671 595.1756665004604
331.3565523157805 438.36106115748566
18.788128524006314 327.6601716285807
884.2404005260918 814.1877609684714
15.525955473834411 118.65160228883097
642.7258028192477 824.8806190912638
22.746930674918932 161.9795648359816
752.9138373093901 917.3450194101573
539.5991489256639 465.41539831088085
81.07442330025901 837.7257409328563
65.83142852128462 211.38563105108022
794.0306598544314 452.92733123565455
603.450924474346 616.0333865171611
265.4872350292767 82.58651405229386
217.16477528691888 867.351372911088
220.81393500963898 502.33341038605107
511.6009401584109 164.41792745275245
628.7719058904053 790.4258181427916
269.7935873422724 316.81519180769914
469.7299305239213 131.9298069047559
572.9038346837127 227.2261918258659
838.1228733832966 605.1327831090882
97.13764775024661 902.6046886328613
732.0960786992906 728.5464730428821
705.1219767922129 97.10648086526179
271.74694846193927 625.0330994397052
937.556615308548 198.19869554203422
633.0465901233437 262.92304546361095
36.93937773145744 621.2606628784631
104.83511162020149 931.204663763646
45.78238313398725 31.419331894587863
160.76622412931727 84.35326580411284
644.8455508877 590.3572037917174
55.23982275369525 123.64891411180874
716.5948840692181 895.2547091219428
347.042806494263 790.9748081986171
786.1375171397443 370.0377265203253
823.5122100427131 677.669062028014
298.0128585851071 875.4283138381948
273.7953028703653 511.6872070188623
237.97027204070147 821.8411775039133
800.3403576256294 191.111515487485
133.69214836343988 291.14299541166383
388.93133184662673 374.462242800243
48.38047681325705 970.7311767590702
541.1219643526229 929.8827622029013
638.5530376246775 640.8083499044749
919.2540155568057 793.6675469571799
240.5579002625149 972.2845212910144
507.7680962905388 681.3033895915664
351.43106498857577 657.3004600194733
395.3384016030058 247.33588089174873
715.2750554379852 648.93366052171
246.444627952529 213.91628474947584
122.83144566646399 956.4332223357775
950.568248752008 32.76588325281463
299.3324884314506 982.905592585174
111.27271590543394 84.76339906675528
829.6091602163577 460.9317968979838
60.55201466112936 511.436518356896
769.1174888534582 558.6983934361236
794.9099174628647 404.8185767397997
534.9401744675647 359.46737930541923
578.3972088830957 771.0525652462563
472.9482985853538 957.0449249001188
853.8585047783985 948.9823801710112
571.3168101715753 406.91484687890454
83.41242019036498 343.7239185422824
235.9967811799986 324.074465596
398.17899774551057 516.9085584518033
702.3375863912712 389.641868931857
495.73988643629406 68.98593819436024
570.821995076959 947.8328400044808
761.0518896845678 809.4769280301136
185.7475937925305 374.21785747790756
76.34757984800756 172.03424138307253
471.940352197781 714.3063961968363
296.9726846308041 951.3870489556817
14.294371493492395 511.4578781052075
649.191238796206 68.93951654854996
953.7055170262048 299.89196073848825
196.11928917293787 294.697462411745
256.9568593787288 739.464397092395
797.2971275575284 638.9493750449537
959.3223169434863 387.0716080462418
583.4687140629155 529.9958068481466
513.7154056715211 299.6065891906296
75.86299243795543 76.11891049607095
679.7243860823052 889.3479368731445
351.6440528910219 977.4468700601857
415.8231146360347 378.79395018011394
534.7110757629672 834.6729255036162
644.0675462516333 939.7592999412952
458.2971728329848 225.81040784449993
892.9430778278129 712.0169245955752
836.159886402529 165.0028078721186
141.3389889465886 261.36594970991035
394.014868761599 454.8256159056548
187.26997137952026 494.11810874037565
751.7133302240221 120.24192042247016
454.59522955320244 518.2848129158152
487.51251205233757 397.2536664441132
984.0469823740407 283.4432413640159
474.5307185322061 831.2016525127273
25.645093572076888 197.84545282704158
574.2627882454868 978.5906734225914
554.2881338446452 701.6044275622752
38.755325557676784 795.0918225734007
806.4913431646529 731.810649829119
287.0516223406501 669.6407080679754
103.70093647323334 303.0272467412649
228.19859282593774 781.1745437663021
325.5474668782715 629.3228253389786
861.4983472485555 420.35535990386217
905.2887157805038 301.49798847532827
705.5739191312981 282.19275081845336
623.5441617307179 902.6436272527972
861.6657625977492 753.981448752313
73.43237400429416 779.8062460997957
104.97677749658803 135.3803580472678
347.0178571630779 693.8022626080799
840.2593949186655 527.0944992475419
152.5912870916653 545.5159219618383
676.3197941686782 785.3527600156214
262.70111071522473 482.3254947149261
173.82308153390997 588.3933758230361
860.3131414224267 274.10574664356074
16.52113454648074 545.0829398888621
31.71650329759004 915.8101411539276
281.4676321720685 106.98217409906455
805.7861000589228 599.9331284958828
384.1899513317416 114.25374262898585
126.9858076394286 351.1434457913971
152.2315741625447 363.373466231578
