229.696 517.141
47.0874 258.194
791.022 659.394
94.9938 155.567
335.966 519.555
742.844 366.756
764.291 836.22
830.196 560.898
147.398 781.463
543.513 290.719
563.841 394.752
607.191 601.572
896.733 122.357
668.815 882.299
825.044 217.352
897.014 295.174
896.612 951.988
487.946 576.073
244.376 207.893
330.541 330.979
846.606 388.421
578.422 499.736
528.34 147.997
235.843 848.648
348.728 226.531
686.055 672.4
489.447 49.7179
665.055 438.762
588.416 951.266
764.631 475.381
644.192 325.611
318.226 709.663
97.5371 352.05
213.906 347.94
133.293 887.409
511.252 777.378
150.573 55.6135
714.993 156.643
896.72 840.887
497.409 882.165
416.72 952
728.782 261.732
157.323 439.608
154.006 591.254
99.2746 684.663
48.0035 591.885
387.312 612.166
422.452 150.368
833.943 756.316
47.6926 824.887
665.913 776.339
821.221 48.0011
338.475 813.686
430.81 293.603
723.589 573.197
468.24 680.626
284.93 426.668
760.227 952
48.6967 480.444
624.133 102.612
383.461 48.006
216.647 952.897
281.294 610.368
896.822 670.981
622.164 214.986
316.53 917.391
153.034 261.676
205.139 683.954
714.933 48.0203
311.598 125.933
