709.225 145.787
897.026 630.815
48.0062 793.123
319.15 140.161
568.824 406.377
803.3 203.735
379.261 227.469
48.0069 910.211
792.298 839.006
715.935 368.209
333.932 613.928
308.112 458.128
200.615 130.152
281.143 708.147
123.9 330.673
792.436 723.935
236.882 879.006
896.59 259.766
386.3 56.0956
416.943 326.544
233.166 379.82
267.532 47.5801
623.319 315.447
136.165 851.98
691.962 575.997
141.945 218.435
355.558 783.715
461.586 600.21
410.58 432.669
896.942 522.548
824.642 445.446
896.305 47.129
535.213 802.728
185.098 640.189
619.767 498.38
896.44 153.13
342.287 890.252
252.167 222.178
896.733 366.076
48.0003 605.599
250.944 547.978
97.4514 699.362
897.373 846.345
624.015 860.626
148.993 518.955
494.796 133.811
440.418 850.176
722.562 474.003
703.239 781.207
803.708 97.7364
897.146 740.422
464.907 953.308
662.531 50.8132
513.779 496.834
889.778 952.075
556.568 48.0003
795.264 551.141
783.889 947.22
512.75 693.979
715.62 263.305
567.13 590.388
312.32 309.516
624.384 209.333
406.794 690.92
48.014 48.0003
187.245 757.435
519.156 297.573
570.298 952.026
48.0061 493.374
676.3 951.998
