565.757 404.623
550.363 48.0003
404.887 951.953
895.181 454.152
375.742 294.927
192.326 951.839
298.883 951.328
616.881 952
896.115 47.8599
663.817 444.798
599.825 749.348
285.643 469.35
238.901 151.788
896.724 666.144
780.08 887.074
804.909 612.969
510.881 951.904
792.763 326.577
180.956 452.499
369.211 534.583
729.214 793.849
273.897 265.546
733.552 524.632
655.661 54.9902
804.232 718.967
520.905 679.062
897.021 772.143
614.046 210.656
467.302 365.346
853.572 144.947
343.804 748.976
146.704 659.113
78.8515 341.288
237.98 742.577
266.63 49.5831
270.043 847.133
896.53 348.219
701.44 150.671
415.241 670.626
654.342 322.111
130.45 545.866
251.256 369.129
64.4585 951.913
168.701 278.477
552.079 509.737
638.403 571.34
791.29 432.627
638.187 848.163
134.973 767.635
453.624 470.461
47.8961 119.118
136.15 177.834
366.381 400.513
375.999 849.965
340.248 182.85
780.279 221.526
48.058 239.809
438.502 47.9477
468.18 576.7
895.685 242.223
896.816 560.144
894.012 944.661
550.709 299.697
532.952 834.848
318.327 627.689
48.1135 619.468
508.284 202.753
447.955 771.451
690.849 695.036
234.941 562.437
