objects
528.0227295993001 467.88657636922966
920.8301229093989 963.8799381391843
376.5309617318481 480.74899669047136
772.7695982555189 134.73249696634417
794.4570295163253 486.3442451904218
109.62448510681439 672.1373715657975
437.5750743632716 966.8551013696906
581.7381574776093 542.4853166990803
172.3209053768823 468.5347682135092
319.4187400196864 168.06127907247065
798.0067669582442 843.0045963207782
101.60800332078075 742.8022643204373
933.5864110673781 154.3128908454633
583.6414992419013 884.9934036134778
952.7670200373601 793.834249190771
247.38176316555217 251.40678644867063
243.54992570348332 511.08336461850604
659.7207121430174 170.28081835913656
360.4470588002586 773.0658067866444
139.90470558576664 835.0318305276187
157.48474328944064 261.7147306736578
856.3416960319322 144.67324456058057
886.7327662464372 763.3280688516883
413.39112826093316 280.28673802950794
502.18390642966665 531.9117481616435
802.1296061097285 378.49327156044586
862.4859913579356 581.9500906919559
533.5910019355979 258.63765980868936
922.3747329590057 404.5278402581069
589.5872869695512 613.3775417048881
103.93306537856597 222.39786149956882
281.21093107937077 568.5459471073073
717.8958687021577 644.7798411868945
701.7613093725936 548.6195351465776
470.38592261179724 121.23605942756197
256.35053617872165 849.8332912140019
86.57231194946385 931.222172677987
936.0210034490751 323.5737342078488
871.7022309817602 42.381872994620885
546.16283752886 660.7228640793405
307.6750475664474 74.04117126360353
912.8966760395363 664.6869821108323
640.2765138623333 353.1667826231298
844.2778186086487 945.368182682419
290.8232131107158 305.2326015558606
242.55222957369256 927.6626047404643
543.3075993335007 740.8906827499042
482.71175627446695 644.0926874250298
852.7927862259515 306.7532891739743
965.8091418526202 587.9227480445252
122.15618098811522 48.35041407360699
405.9834255232354 182.59487952800004
581.7326715677323 395.67374562044176
606.7867778566758 807.7518847922797
695.3597280944422 726.8845030207923
372.686801395013 74.86917419405921
905.649696380274 511.4211424594063
387.92875619968527 596.1658309236154
59.48689758677422 395.94745518016987
702.4587535249807 243.6637843138073
491.35194611634284 365.4749966268273
581.6341559454542 61.32945803621119
423.73594069646686 530.3452443761147
712.0083899920432 851.1349038385241
593.8014755478029 950.6752297335498
488.90786659225734 60.543451570338206
794.0909636937458 201.12307076978072
367.084487829578 858.8102569231601
721.1575208940695 43.41037653202532
53.63124106102383 326.71589999553635
619.1551070445469 681.2359162686549
897.0966533958128 895.9235536398412
854.9893514906031 455.33736730681716
39.37162314698479 730.9898239042293
71.06255422766088 592.3247070655796
275.3774967449845 418.7582648871942
802.7685269993276 264.0193182901762
465.71682888099855 855.6829823685551
97.35186293529367 449.1803557652958
243.7179034076595 777.4520548931267
777.363027859554 765.9624294437242
678.1005093405761 794.9780398096327
374.3117254058277 350.60545459573757
315.4296393686473 713.6117720373966
659.2193790726111 441.3952120829837
679.1722155185666 967.4095459522482
153.43861088965477 926.2865009527497
766.8049312862606 922.8543723420747
172.50247283526585 574.3461739568326
745.9917060809698 423.18024072230855
