objects
659.5949760709344 189.49796013392142
694.6215081851814 558.6856401356061
249.82167858703525 877.7346893005475
519.448791906678 655.2034248938057
71.22890025505845 965.0979010292955
821.2985243245428 588.2348777440366
659.5349782539488 795.6467020108273
319.0456808041792 554.5291586492074
287.7515042448504 359.01724135122976
915.291204008281 620.443541960709
822.8283173320776 77.20635665748182
944.647865275038 830.5566141727251
42.9878243923913 267.38648427572963
230.94421427261676 718.9185996981
294.35936503127164 242.28084912625263
37.8615534782865 420.8299780607655
737.3021157838992 160.36349286650614
499.79560609313853 279.48839557774033
193.14881670763612 434.2066729076873
362.8951120329161 255.61795724117172
684.1881428801064 421.23364812245455
955.1778981047069 515.6198203768554
293.7331857150992 150.75357785187117
367.4117492660227 839.8808459642511
142.5047265479868 321.5350494748126
432.7697747045216 774.360878929182
723.5878743140875 875.0670746570903
115.12492408243551 227.53160150520682
159.69392680949454 542.6105186978859
524.4099856765067 864.5159557831666
573.0382411301223 129.8862676051916
869.0677623029725 679.284472939328
625.3167156342942 936.6386381508861
295.4434833597321 72.47206126632277
863.7555817297077 157.54059061932614
588.0424977983474 846.5835945405396
754.4830677610306 743.0295027739515
535.1501161173452 782.0674509613611
34.95102911414382 337.94885894087867
745.8579108374377 623.9164717171258
444.3005555057409 55.83930743982477
175.5720663523157 883.7704560578748
617.9936480491899 477.2617866864018
223.1263598711338 213.07736677202394
446.59425715944394 211.16569881402012
468.8054157012655 393.51965638005504
79.59689163493218 589.3040210019494
40.48188235282939 655.4233016759578
78.75135047337368 484.5446392167266
865.7501261852206 527.9743365628369
904.0918484459168 287.62355607113767
328.1037175088906 684.4906989257283
267.9810561943056 777.7667530931992
410.3318997967918 626.0797380529624
892.2562871378856 942.4343187693803
576.360052157479 553.1194399319094
106.50936863156736 106.83486481907471
937.1954418546468 424.1424468391336
725.730098007133 64.31209079487354
933.3310965477244 754.5905053369225
389.1218842643064 160.13117877062734
762.9858532916404 479.94870843138045
864.42789240834 794.4006538527408
89.96374046689982 780.8581262340412
179.36398259532797 97.6002697386718
133.06847189141695 639.9361631748511
137.6495922009644 705.7074048658454
732.8760122703635 803.2543736465104
521.3805959367231 70.33002829543692
178.7590815876087 777.0749581196649
943.5069303059702 138.63427347918437
312.9906077048229 956.3857498665507
522.3248306750827 950.4599850793613
819.8433525841359 221.16982026118615
786.5642890624771 950.6422329952904
712.4748106195137 233.89021288000026
112.88821064312157 389.71688543213025
821.6641191311874 356.8941798513163
456.2172499280492 963.8223312291292
963.8666934606603 258.83394062656197
640.4294387442845 323.3550215980734
446.1782645541909 691.573918679824
901.9262405605315 366.6324028333387
575.3420284427466 290.30999885730546
616.7428513296561 613.0528872664803
459.99668917260004 149.54059022142263
377.5487620102068 725.9671063756825
485.60980703950906 463.05904134084693
398.4615058548323 554.1830864395623
938.5274144324164 50.42773460938542
