objects
196.61580940185252 45.198604752375694
643.086610416792 638.2064139588625
789.7950683464645 599.7160244731299
378.12028701651116 426.3320759298116
576.6719394297462 617.5592067855016
272.93108342608906 907.7628175242103
342.04531975398424 483.95047722086167
175.6501353328786 794.7726249581763
639.2112523975856 395.84038202179477
253.9832346963758 503.9561905172161
838.5852927316549 338.95278030784243
248.68977160610015 385.40376751042015
375.5701641915972 308.86563172835713
125.75103369325942 527.5500303891198
77.7710160173738 351.0635427290672
890.7650785642955 929.7126145462194
938.6533030801917 718.3310982527023
607.8868633584607 110.48553491737854
532.7840595977215 863.8110242471648
571.2992238930998 406.90723904126196
600.2329987491638 947.2110634476916
459.5691044415744 274.82322359105615
525.9983029326455 630.0431546339635
952.8139936455251 788.4548950259376
54.98875233609149 847.5886578177843
497.7670044784203 729.2089053835367
262.46756074591576 210.2210408309558
712.7161003637997 89.08141582430825
545.0564250377212 267.571982683001
489.8886999864918 572.6821485157267
807.5472974571618 695.6646237558591
149.74718530205118 315.1291766771195
323.31730082678723 748.386317626777
386.4001968612389 937.9804136425303
168.13172045562555 109.78275242223997
966.7014521227309 137.2503086651342
677.0772181699715 27.531583806717144
444.71151933403064 223.37700470690925
834.6986843474343 769.7975560596625
49.78724384756144 659.2018273668649
684.8701918106093 670.6162134272438
526.2563370379938 399.0535043597023
725.7946140289517 356.5818738232739
714.2747677818376 616.3519700339889
803.9655290871644 114.67385256691338
380.60641693085165 537.587887964833
587.7450474898641 242.59000112153896
811.9444659487498 964.5297008985597
947.2109751926234 974.5064075675091
798.0467613543096 850.6604946724202
183.03255113617777 468.30987508775104
39.31212536046884 36.95780003552077
738.7526699309344 415.8134142266297
86.56579255390426 597.0474037191726
848.9445581861622 590.4241904244433
315.80859003398916 123.7064299644574
785.4353639312646 210.58464644636723
395.5692262404534 598.4396627130074
376.69329692221095 259.3213558846113
111.72571881446724 277.24707268292804
372.3734570275768 66.45962732440131
482.95036625465286 849.0520309352337
952.1751650782718 485.1851866921843
430.96804522429886 807.6539606234102
505.7840003596766 308.38739470267876
953.3410971664993 373.92649867502246
457.4117212951909 517.9971124655584
219.72434544630664 727.3900646644063
926.5911907298555 296.40961494140424
904.1105576769534 828.1902736513691
864.0540769796518 804.4283621828002
330.2682919699039 792.9435721623069
893.5234574396113 713.7480004816538
325.00709856644005 213.93653241867526
784.9206034013134 472.0336192386495
327.2593058010865 282.0734442208949
973.5989423281023 884.2891591348956
106.99653652237224 106.85408608685653
253.7879721194413 130.33835265801955
674.26373150392 243.53302711295828
704.2877672219104 475.39268598015906
558.8008958905174 974.3875973470215
278.29288893209946 267.82591938809435
884.7244898476378 133.20370575489235
512.3390258685506 807.009632210298
745.8080399721553 129.6458304364215
630.3858069658148 764.7379839385376
247.41318900684047 828.1428079727453
135.00147374709502 597.6696878831657
61.30547986153965 267.5437654432148
222.79720667669486 272.79518427186485
718.0235999040677 764.3953637566392
498.8369054485039 962.1515696876252
689.9585605686788 817.4143347540166
590.9206372799313 834.9319655454053
626.8294409563789 314.27465223250783
728.74941313685 32.55494283484389
201.0764677065273 214.04181293111745
371.3957440361795 200.3129729709805
245.54089701951781 649.8262114139732
300.31186879704376 828.7678272704889
646.3450671381436 897.8242590133484
707.2530255856373 181.01635885801377
895.2651834940871 195.5097976088004
331.8858643177937 959.948970076607
129.07446604445414 929.6400556338917
116.47832538891097 771.5082533513115
830.9500322281154 261.41266497871845
425.2124270020422 700.709551292815
955.4001913106617 601.0539350801001
458.34180972153104 64.93760968146199
604.9809005203841 194.57801696931855
908.6370226704597 767.4113871193448
444.15334681780973 575.9423086321003
67.21169467409845 761.72184741636
547.4249022936276 103.45611656821596
361.93519397559817 705.8037003974397
808.7335948976776 305.6429770777221
50.53293542226466 510.3184372459556
645.8838082362514 548.4146583466074
843.1121144286035 544.6951493742102
510.5322894702433 149.54525883487403
907.5916426281734 470.9410173381351
786.9393945575683 740.8911770809765
371.5434302867599 151.62811285883757
