objects
585.4501923803956 905.6383545180337
736.9392994882311 411.7688861139462
965.5911212490532 627.3989821188223
924.1025328439617 199.67329867527016
833.4401705553873 596.6811841991322
71.83209684890446 976.5976306717064
36.233073338868664 276.198005847286
879.0772868377121 468.5649602991648
143.78154590210664 409.6574428366022
277.438894274928 457.98754740212325
975.9556502321958 323.15967007640495
505.52681606096644 592.2778063083714
900.2490920686735 639.6492528787169
349.4836810109374 602.3957389634612
123.50655282324566 767.3720151824109
952.5117450589901 152.9609183871735
219.06332703470932 285.84228392389537
670.6761791109753 438.3011045212793
257.2953118912094 811.4184153636605
842.0986521040552 381.4278016691022
245.2170879059643 879.1699778354362
763.0613982769297 226.0695157189783
362.6943353604569 322.98222562894625
890.6038446211389 872.6348513761678
643.093552414322 319.8339942589172
765.0128721358706 79.6177410684873
971.2787701680074 411.497654872805
328.60982999122723 725.9244244057865
88.27741235770644 698.5344908338388
502.82535536989747 294.63657002558216
66.44709361959076 170.80664995358637
70.90971960138266 639.0899893911678
331.9006858543844 438.7417296498469
602.9009070285758 657.5313705499706
641.7480163058331 265.24133287775624
804.3331003766907 205.62255123683204
142.50695710467483 505.46656869329377
391.9107855469773 182.0351542675424
896.9525204284239 954.5348492502903
672.8752855956717 923.7993083916001
79.20248377437571 877.1478717881027
914.5692710544332 45.42387781722917
740.2437108139043 351.4163935491689
393.15737679569474 841.0268159680992
923.729192421683 272.5623152198368
248.420213170801 227.23213130827156
606.2947557618193 418.16145565122076
292.98770031071695 169.0179712866685
653.1361775840263 800.0360813928945
701.8393190673922 314.394353241855
725.6773845457673 164.0156322648039
465.8138589082921 809.1700036528104
150.00950441349198 177.24617071408832
71.38677395700036 805.360167723907
153.9394441519626 719.4960948382067
856.4675746350724 339.52739174177736
179.29292371583452 540.8001067281289
594.0830168892826 81.23407540020793
963.8340162497252 920.2438543201392
314.5174932224959 803.7827000012816
682.2908356474604 145.4831010902409
763.0909222012228 807.374687371097
653.800208441645 588.7058172558469
719.8453860837349 902.0824349684544
617.870689507969 222.28177248360504
939.4394662333106 761.1200329758375
439.6558810154645 745.5358870101409
508.56974800304454 487.96100852703466
927.6484668634977 808.9950798354425
214.48966250006245 89.4353532041851
565.1743254513452 812.2410342899052
427.15794086559947 691.6075139239762
586.0164271138283 30.28967924685798
281.5422194875665 123.61123585141631
59.97275866979031 224.87658852876274
780.2688353154066 600.0986934625033
127.35064334150307 326.2632096192457
730.2401550228999 743.1063183929896
163.34881985856342 835.6273162745485
30.43812227804833 32.57856020671492
123.72509965854374 931.0612291772102
155.29880238974343 638.5724409698882
817.7001785821802 79.24110258958595
158.7145743851247 86.88235234690313
797.2820884599377 266.77331792307916
936.8023573578923 685.0461968446292
372.449817355041 415.72545145598815
791.2856362936419 677.6075235923298
391.79789128315804 923.3127055694715
298.7279806940335 35.52318261034934
689.087572414482 256.48039901613527
457.81515706409266 880.0425312881779
433.9935742505031 50.870814637666996
274.88598759479544 729.0478113984351
161.84842403556928 29.113765983084633
343.0190909117946 885.8550157062572
420.3703524457014 416.10433958378826
510.7842693216363 230.2488534434324
543.400830138837 364.98562465877797
774.681076973924 457.310737797722
488.7557700672676 383.8519786876335
722.4895441099636 605.3413862195555
107.35062468087249 208.14912564441826
585.7581067020767 376.2152870844682
731.296456989379 120.32351173234265
206.88283221471528 140.2854927067188
550.1488913781677 728.1559830478409
868.2651524750161 287.5190407932985
254.27075102775376 31.81096982823844
53.53587165078277 322.22026573140965
604.2468102049289 860.7021234074009
773.0370426426866 925.1713402661416
861.0359449538904 163.49005856020034
161.69035749224284 271.34717387564206
334.7832094718327 532.0419945047403
857.8326731715817 118.95789445561388
555.0726819821533 155.8187602573587
837.7130434905787 760.7178869006491
517.6164055822923 657.1759784682561
739.0519777702156 696.8278623152745
455.8377287180417 99.727629390883
738.7525149271722 529.0305959735775
704.7572555390688 653.6347223971403
613.6264636689624 465.0173861293456
362.39863730335856 777.369008681786
