objects
59.26565091821897 899.318939594063
258.3638353602063 233.97601304651346
923.2204293458765 948.9885854777441
432.82041723163013 960.515223199707
741.0835728274702 277.52953387380165
596.881447153467 840.2531205333883
650.7079645114848 964.1467160408538
299.647942567854 265.93083427653744
658.2324137824244 717.4667117487754
141.7606105199724 193.43664674551493
713.1104454761829 465.10410867216365
284.41443937349345 39.16574632008809
746.4067206994973 803.7010296264706
43.9143033892111 735.1345997599316
539.2152169287265 209.56517765278977
699.9636415259504 870.8820701848168
962.2106321762119 427.39972692423
521.6078898851719 542.4182581939849
273.72115523907814 141.6750603096699
684.1153477596096 79.56382435325105
662.455649711279 823.6346182426826
219.25686424706385 569.943005576304
426.44528696303814 270.95981930147593
275.1375328345698 85.713900262105
800.2753334567025 46.54683186080699
158.30814531943957 936.8307682066848
209.71481915264573 386.55563512007564
435.4068498177479 627.9150037841033
352.94115174330864 892.0398836521622
391.7515537211002 490.5215749803252
600.5982358866738 477.34499503451264
39.063144367435044 152.9927786193756
243.869940171296 416.56484998625524
601.8550279521654 67.85876776536654
593.4564817673304 792.6749322903314
958.9799873251294 596.2930604077618
54.49311405135428 524.0222486658173
533.604353739517 762.6357468761958
300.5773501823039 642.9843731992318
596.8900152406251 665.7645014563165
260.12545464789537 841.3005833893311
55.38737279510819 234.96045779715496
442.4035836113528 64.43521949182943
116.00125588653383 86.45690765421587
125.10867798558739 401.2027357145814
292.4830087208478 443.4297704740866
525.9449030024955 278.37530462927987
910.3376673443122 249.83604626210897
904.0113210901736 300.2182701842462
957.1823386641952 862.4971212858575
412.24950612861437 176.95540920135088
453.3782965243104 903.6949131763902
936.3639305895621 213.2026902441046
861.0565596473689 373.02253142763163
724.1531715047934 181.81642878083932
155.58104992643888 318.1146184197945
360.5502774206278 545.2211700253258
179.9447946801932 819.3235028569858
726.9701674868256 63.74325823617574
219.95630092888902 291.4359631155895
342.31774102904444 849.0378291131216
936.4176472360531 815.3184911599566
503.1225984517406 621.4515081923773
532.16416295947 700.0576829616102
702.60805963103 582.5064997199102
183.28531334142602 450.8990968888454
551.6668965981453 489.50046740523385
52.659772692285586 793.0155350569823
956.723342469018 652.091581368223
879.8049181715021 548.1182098947144
534.972124489639 114.7291817305008
96.13804760388022 969.6482411551959
58.069569236655624 618.0004504869518
635.2021355178639 298.15582906755117
306.62504997980614 494.46052549399747
530.108257817332 841.2680071226334
501.48924124915504 343.24354273394806
46.71344415615846 468.38770395017673
234.151556394585 467.9938429820576
297.56564488105107 908.4591404388233
380.55592894987853 375.59556335320326
973.6039178231233 718.1906741265243
646.8311266596334 888.6648608797707
492.63378802210366 226.29918284572864
807.068741427977 330.48231056541
491.04070802290687 748.5825238786302
617.4060943710904 250.08298483005962
128.81075033066196 758.0611471525485
902.3435793266784 147.4634918183653
390.4678926731631 27.924026302974013
812.0197008013698 872.7472564239143
397.9659389698902 867.9397297623544
36.59048184751536 90.0953889054192
956.2555706920436 254.95029866303724
220.4152678882291 125.37941512547235
439.9829870834741 775.4287612807827
340.87428121453036 218.82879123593648
127.48395138815157 129.6259401465373
724.6652321418248 636.5454248152535
733.8214427713117 118.10505423534339
165.35425033563462 373.19138434477054
358.06726527679314 622.7064434049736
554.4242086897883 386.6099807135224
762.0389767871349 677.0515519552241
963.1444514802797 323.7343110890481
232.1629454329492 67.80595800441708
671.6575928318437 371.06396511122284
118.53025976020623 259.2847118737975
79.69440935895759 183.0581789825606
175.8590192038453 764.652300394643
768.3816309099119 386.258314474023
455.7280533844039 552.7680360724669
907.9823228828257 363.968376079231
650.0233842664616 432.9549155016646
106.48263048339791 907.0643790312873
763.7786468041946 572.2176204553892
330.46070231553665 975.8054270991692
712.0581392677083 539.8600086787663
43.000068325748785 311.968865818562
900.7230366711317 699.5946010041845
553.0492687397976 899.0747057555773
464.985319570457 118.14426003689123
415.15471397670126 724.6834307535458
440.90608362001933 471.132780995037
304.79782468055055 751.1047040911152
