objects
293.05733278079424 526.8917061687739
216.83381505955657 790.4977758988587
950.4547198379033 664.1924279326336
834.6353181852718 651.4269744986638
62.23856773236007 44.69887092422063
525.5389647134242 379.08131124728095
677.1996942369374 761.7913559441959
231.45878919595404 209.9100174766739
934.4786897252783 513.4535100971111
864.9247012309119 100.1669354793415
737.1946198559591 566.7642453271941
350.2889921043884 224.80744935268493
653.4849287604771 609.8667011944929
240.80320837406407 95.1081724783988
515.3757891327261 624.7778546283816
366.9532417015364 887.9618082951849
827.8433877467824 301.98465680184813
720.3489028385028 820.6529176688183
390.54422861963974 831.3129994675849
561.5418353033867 977.1960663970137
454.0093392437984 167.4190330571664
763.1644927964868 435.1239194461731
824.6669504645313 189.91933717082753
29.838929927485427 116.12720125920643
827.9851202456122 778.3466462767267
795.3490230379382 40.26317812791717
58.578084994913034 547.7684840405204
786.609040730356 221.40219557468762
186.44061655016557 703.4719858710504
974.7230784142142 177.32283709598568
418.9919279684906 61.586522051742776
142.10641825863308 510.0826353389441
419.0058729136647 234.7761646529917
597.3032760269014 339.53240178205385
579.5801042873945 250.66919078340808
912.5143882259512 327.67487590460235
504.68631275668906 72.94923791316077
393.074751283114 564.5302099718298
731.6971774824934 709.1054296078864
781.4852237009914 491.9360984430464
691.5040303789972 290.004828013928
352.19473657396406 22.807823772887826
672.7443994439792 52.87171013421276
233.48673079082613 881.285227494625
624.3291028402896 290.09679115459187
512.7290025998291 144.48419599624344
302.6410408815499 279.7223786960591
767.0205243657362 834.8922366211651
451.09411329201464 95.01077313418652
381.1963635083915 308.61803172523423
314.76122411894994 669.6560779267676
128.8194253039175 66.80546376222003
188.11475096687002 603.3862259387919
227.10600738224255 459.18487009858177
136.08951641321835 308.6469814249009
199.77317192760094 123.52462086587393
638.6869513156494 507.87683656576394
180.7348559054059 382.5354453145087
875.8071261220646 206.8179253553222
373.690956791594 777.21481376566
117.36052128005515 351.5719480485353
914.1729003474607 706.4338733507801
269.18735650172823 161.7561451606464
273.90241911486197 377.547186304884
312.61632327989 132.05182361155744
920.6439473390437 394.79928206509555
541.732210238148 305.3938275187272
348.93459210780986 392.7538788900781
916.1679581400552 875.3356070194068
315.0173634026055 576.932282894708
727.0055210743425 876.4319122243529
541.0504117987318 704.5424555210427
970.4283976474767 91.26457580946854
576.7665566785251 136.43068709257017
330.8045004597236 726.0871197395393
307.85475938523564 947.0284877243597
22.623893352816 247.76914902476807
647.9740053291644 868.5310395419215
713.0919346794399 944.2610488123713
823.8594257451413 75.8383743973504
974.5688866068909 760.2864167494918
923.8047856310989 96.04633853757097
140.60507326156005 970.1141186114395
834.4486804183849 536.8750045305404
757.9460594423559 947.5548738331865
607.1813361230178 887.3486474414817
143.42832015202708 225.80923129969284
679.4643945892016 533.4731573222741
438.33348578767277 748.3866759784152
523.0944147379616 196.59275996316765
722.7215369361476 23.506155971362535
177.49502119751793 866.4185667174651
590.8041737275595 493.6543206506109
717.9973075651126 339.0723001899545
321.63698269101826 478.47308898967765
864.125668233993 905.2537289172528
708.2300699813889 395.0525616562371
513.6732463196105 507.49040998160297
678.4743011097148 676.6031204456559
129.31713046820937 679.0681799865807
602.6789266973057 554.4895397382998
382.68349904383604 688.7184375709968
788.2473904404513 614.897215891738
875.5256698944305 796.0236987793503
85.48778975353235 461.33047019331343
923.3645992815696 609.3423394039708
621.4795129861635 72.76676314024314
175.67358821260774 331.4788443608596
488.2798074770359 723.6092989289496
75.49265141897611 632.6827522788974
803.5657852307551 909.7773179151009
124.46750822772572 847.0420583140217
866.2994952552225 46.744418543724215
426.5005924166502 439.8068243083959
933.1368585867816 268.7986841830443
59.829210655235734 800.6218059092943
673.9921482520261 808.0001445061997
484.8326870218026 25.506547422612122
115.08455220274368 593.1149952635046
308.7442877032928 854.5181794361872
446.68554417044766 322.39337256388103
455.1367926441868 618.4763453218708
367.10836135275053 939.6622877383222
487.81485093543506 347.3025392861957
324.4812654122977 83.26225191847223
