objects
861.7060743528384 666.6101670369882
135.1833690058001 437.1576000527457
817.3789661309796 122.3059218317779
275.3165621904791 732.9991588209447
919.2336669460489 405.1525818258044
970.8670210427185 729.490054044338
800.1632895287444 673.663026242514
537.5562031793535 342.2865910938706
975.7965344135894 777.3261021711254
855.6171257541298 792.4420440145234
421.44271599176557 234.7209565848739
23.365148517110427 367.8256038298406
242.01920169775624 767.9589250469697
843.9800913320751 189.1137051957081
574.3974624984209 850.4377668248954
608.7657381697962 298.66070923135965
644.7936301532552 204.48991355460655
492.20932628848266 902.4200592574999
271.60704777705735 534.6191479053441
395.05223374561024 598.1454299697025
508.0326229970615 143.04609786620384
573.2386644354004 761.9227698877175
855.5519751663846 297.9678652482788
320.4555126453554 361.03796556499617
723.4419833300913 492.91553186307624
500.67985557343764 633.594550853669
534.6544097495678 421.7932728691087
587.3813280436356 235.7339338091494
581.9066288062219 480.0404568248174
24.00541125337401 766.95429959015
202.50639392292214 695.4676297026468
35.43161173857459 91.8649296714699
654.1274238625632 966.6410558765893
84.92487288996485 812.2484133991785
865.5825257468341 483.3752542817631
265.5706361774996 198.8669362587058
543.2837153521014 684.8605138000015
689.2270665695669 277.37783476927075
52.19288981172261 526.5432061320057
852.0150032651711 880.4682123677615
30.45177358605749 24.041672623608456
729.069421113149 650.703158603408
861.1005613527136 397.8900498742921
960.5422340777376 223.83913253005812
422.1867933876464 319.4279017324625
385.2855909530697 747.5915223063222
776.1653568777775 258.3404748903583
35.45475371356137 415.797672792619
320.24958066512215 694.6207334414638
505.7595110417134 261.75370366337086
304.5470086802193 831.6747093327825
103.26287815156401 937.4956171089998
127.54234722279367 120.69502001624869
335.2693130792168 430.21562712750324
203.83536578577505 560.1576316548708
440.8322361245557 929.3725979631436
443.5510184726148 115.17040629048327
612.4668348052448 877.0875159790396
710.7611943341375 52.27604528677537
404.999708408566 509.6997651522628
565.764232030491 135.55181881369336
381.3387970699374 855.0948565524722
896.8338370428486 889.845984096957
694.0294899503893 443.9345775603342
759.1109241821516 829.8348603486656
262.83021510083677 486.19619775114734
185.3579269691057 95.27165318225528
549.2124661426512 584.8008030798655
182.30045124333589 25.04525899247245
722.8940809228485 594.5282022420257
902.8582108750377 727.6800367750967
266.7775536796297 312.4784049325325
582.4876701079577 621.5669505886674
914.3429441445728 107.55179681580849
606.9284379461619 418.9954556591845
306.482320005925 284.8776226334835
477.77664255566845 56.75780383287676
919.9596153462602 677.5196220598602
391.7310900179035 136.20471150752138
407.09945163155055 662.5695330732077
649.3902641323097 642.7233074298031
336.61207724026804 524.8281358293943
29.46079906742102 203.8850130925346
240.68217004393105 905.7420783191923
798.2008520906934 341.8976039624497
800.6117707564367 33.70495829519097
90.87433090929237 601.3657642051205
516.3953342191165 92.44191785704153
481.97578148478624 460.62163064769913
119.84702016471465 485.2386445314223
476.51324214057126 536.8857009707775
84.51676903080832 103.72491518783222
897.3058953480808 616.9552590595654
681.6668103231125 95.62781692929445
195.5739791849874 342.41215169822715
618.7670013399025 95.7090252410494
898.743598372316 531.10437645763
619.6408491637156 807.9728601528643
89.7119010827498 261.74370801148007
555.3429381645332 56.46620368649757
664.8714108227593 869.2618207176349
961.0137016808811 636.1852764886017
369.21322605757337 919.9683671642249
141.4246796649772 223.1261653095803
209.62772167508473 842.3168788850078
848.3276803693698 726.7391929902609
851.4204970568634 539.9787506869408
240.06992284979765 372.9092887725325
338.65223626267345 93.41785140955587
143.63570633639532 571.4731289770916
402.80694494115653 390.6880822078414
951.7801558064002 291.96359666338094
947.794627952742 513.2769022909629
897.7797022242603 268.7143188993838
957.0599254032404 340.21061391472824
295.1535751037371 577.59936962272
804.9738683443911 554.8691849739251
116.38036773833777 741.9884585187201
799.674890334952 900.2420652448668
39.66243200329363 611.9250318123247
853.5962726725674 80.51425656402566
199.436629383018 204.21963984375995
61.713220585460085 973.3253786139367
508.4332779975638 850.6556195580173
472.56227067545547 790.0536085551892
