objects
721.7602133980013 307.0947224559385
876.5302521662018 374.6844191612612
377.37561515710433 36.57774027651983
206.11921145020688 419.25372287744665
852.6184107899759 205.0601084594184
818.8627924378995 852.6133046974045
488.2777982467842 533.7635697573097
84.62413967610067 673.9742158639995
653.94411861172 144.20719632924772
362.5696609359543 163.50538308281008
77.25096063556082 451.6651711168174
149.85504909522334 41.01153955854784
649.8450177320007 323.12773860030643
398.4279387541684 764.7887846916602
807.9911119168775 598.5064843726252
729.2761268597734 83.18928611040272
541.3234337799493 841.2011186061276
435.9821333548516 155.3974501158561
803.3381793120881 42.0339985188335
585.4694138583577 595.100056222652
27.18954147905773 788.3404207589879
786.7422624479902 286.37693930691546
916.0426272813099 140.68300919390475
340.29117063013587 861.4065762521698
663.595232373676 528.1944831547858
152.12565383722088 942.0157588459343
784.9074541964609 426.0008052240356
274.6063964586244 826.4444168088569
761.7330836169776 522.7585173960318
850.954512614632 338.43031412351013
373.75839432754174 971.2263331399876
965.3337934442178 849.8053932473122
769.903104097659 822.7180797035062
695.0421520573032 642.413573146802
119.51836317097887 774.5566041656573
515.4256050893774 79.90690924923135
223.31241689018654 610.1353216633863
276.5159053144073 912.0759097922214
941.8438570092662 894.129965609411
630.9576887541317 272.4870259385522
35.56107564059769 513.0499723710342
555.0113432533035 193.66672669658777
306.38904784634474 446.02492639242087
422.9231807486783 353.806076393035
291.9970774196638 349.4321919983473
313.4958261606332 105.79628806107324
529.153425865891 288.1152207098545
533.0675519884288 420.6187240743026
237.84832818641166 284.258352549052
923.272731502161 290.1140508273744
809.9531105921267 387.9752982321728
559.6128166100312 107.968274497944
513.9970259914639 961.1784276894115
854.7311586799522 909.4714199234562
451.72623629502095 823.0845472996579
279.78106895644225 646.1156871506626
161.48151754258038 613.7367241730918
899.0671295249797 434.28044556804036
42.23072444320817 589.7752123637089
792.7177010615505 344.8579971704801
659.3857065968575 737.7728741019449
320.5578902641655 521.4434546213213
860.8639269493007 710.1419329370921
247.0424491021777 221.84028777169343
686.7704054972961 268.0078027625784
949.3427901314434 232.62422008584403
356.54560349160556 598.6967382267239
768.8675494235041 177.03149494994082
876.6197421456533 254.5160178721498
697.3081860951586 156.40199325493657
928.715902285923 696.8639095771831
967.4919278432757 668.461316130296
628.3343862921637 941.5116350307326
243.20721120238036 732.2261091540197
953.2646606336648 550.9532227726253
431.0086672693195 959.1546957186314
776.6782519076518 633.1956707741817
792.5467773603511 702.2888685176687
857.7418487216901 581.5666112650642
430.2888440364907 451.83180441779405
968.6772050467129 326.3285166588023
200.7044423314742 798.9607594242119
368.14494595047825 290.1732529223924
748.8022332089014 569.8389985572684
46.67423807471886 863.3404331656945
227.60465508154206 656.7546781752427
48.102681011906796 258.747270972825
146.61514282050416 206.64679698925207
741.7213446488873 472.10664908408467
800.5408121376298 910.4448611451033
131.03706868699555 832.5359570549414
659.3676511395643 826.9354918188296
479.38941764265587 422.3342836285909
590.7325716687126 478.32618306783843
35.57371918414076 169.57437954195234
658.4950431342734 877.8316271396725
262.59801324129455 402.84317972064014
709.2870275811632 832.5457777809323
612.6702881366739 394.2215982667195
512.9851115632963 131.10991223301855
437.59644785029036 234.24556834312693
204.20978286766916 70.33491456536527
941.4018542971697 601.3428690059735
816.9691865715241 956.3610755167427
143.20240208661178 354.0755371114967
81.92861371745683 321.4209350807953
304.22237798694675 60.45724911003592
511.5573439977079 471.51401101533656
882.4552821881182 66.90707269556174
721.0936191825031 754.6667505945759
210.8497659958675 149.64283102211562
889.7514430426031 774.7287740015576
93.95747381582215 721.116327975027
410.22005585495685 524.2688502216151
496.60522912490046 330.2763767353854
909.292396343259 977.2593852383771
609.5711615714988 776.9530906301661
26.063136593101998 404.30774131301655
689.8651444069716 363.3858306058854
318.99989849201415 966.9953798946335
536.8637980184396 658.0804864639782
58.55606752968657 49.973886037407354
966.9885507076409 381.01655930569257
367.7334967149959 86.05344551912827
716.7680824302237 701.2511179246386
