objects
32.21909146955719 172.3742643510143
701.5521356200013 814.6468767491571
573.850444243635 501.260081967422
483.016526475481 718.395086865477
434.30501052929253 418.08827897397634
573.1386862726816 77.36440754750947
930.9214051306118 540.3188873227549
396.55148402438454 790.3936454850299
608.1149425728767 305.51460452599224
583.6821517582949 368.8433539338936
181.19343962798405 802.6985572194627
204.22615382572423 386.34747666611634
340.9587244659408 742.9214674216242
814.5160529519393 727.9274447965757
723.7262724603107 233.68750579374458
186.8039011380608 707.7881129622584
239.93739663430915 240.52355370116638
726.6909175262368 722.086685812429
544.0654191459179 447.69294063443976
240.7204482289924 469.16798311446075
345.5132253407519 27.621796803126642
762.1458872870328 342.4419752493376
275.27903195122684 547.040069631938
442.9439921444841 338.0438953732569
689.207814867798 351.69658184710386
598.2430076737912 616.9117302690427
456.5249667659824 853.2398173633816
822.8620143797348 68.84669170409992
243.5710248004177 630.1616669928702
696.1924320443364 156.1242400577636
40.85284873638912 920.6809519707173
85.12998710473701 136.97110807276692
178.99894520987382 423.76192393900374
128.6597903273094 495.0505520870346
91.62597661385074 302.0173278046009
730.7178690424444 937.9575687586675
188.45029235917644 925.7981386847338
439.4323609456296 516.5528178573517
789.7851191873552 31.18135521807948
75.18591856104679 639.6488119552491
122.02099163679033 674.1528354196527
934.3664696139356 755.9271745780198
603.7279021908408 816.680244463332
635.0399563984922 858.3003716160738
756.5370440966805 400.9278160069397
123.26889898070579 258.795895534352
550.1388329056784 319.313215086147
753.1763021449777 613.2039943906071
472.80196689028503 474.94026637129275
37.55182679352771 730.5652595292396
525.6269440313499 698.6806906365999
369.4984221684557 243.62617628213764
177.17048503637582 880.675937262834
55.880447603962395 817.6901136099764
890.5581449923945 939.2928718134278
870.0436790562193 124.55327738409399
673.3453037787849 919.5131438595662
345.40995986220446 517.2623190562668
178.50964637376757 511.12236259470194
809.7212280820377 976.9905468833238
166.36136150770807 649.4587417386073
394.85285680808056 845.3099307724768
859.0991115367628 362.8101670182897
796.1939924394142 242.9382627109084
910.8192397865241 694.0078054963635
779.6775951391538 492.7928941925593
613.7310385868437 242.7019542844159
455.3161473714855 774.2635556093052
646.9533347977539 453.6287066558915
171.69196986922273 258.9494938336963
55.77141295356006 356.537662526854
325.86082473184035 929.8665901830273
221.73020084851098 959.3953163975882
350.15429052639695 611.6661785041321
110.10704204731435 741.0135946901054
113.80065962208302 49.86186251397625
102.52268975786482 912.1895073532838
116.92822691430483 410.20247626530477
391.58255948340843 363.72117564895836
912.0253524927233 288.6095939581485
683.6495668313422 67.2361926867531
470.7379552860991 389.1609579799099
251.89215887130064 147.22124111763122
885.6366972069187 513.7000854354649
475.2831928370048 29.474438309814527
297.27918418222635 660.6201754667068
36.974788403731985 521.0201314465996
106.03916485279993 606.0009475155127
250.4942263149601 399.06302719233634
775.0294822959797 150.23372498050793
521.7656225506252 771.1086231677075
492.7116025826009 209.06541734032587
893.8037406474249 795.2668149747759
884.1078750316188 204.4608231811534
249.57762344492474 704.1333777526454
458.73906626338317 294.2702457510735
318.6864341240521 855.2605780798929
656.8825979772245 219.41431724563748
831.4338832860583 936.1647936746374
588.2591640205277 665.1165606057583
938.98792253491 460.32550676349774
268.18369329971335 914.1671709010676
155.67726271426932 564.5874341125447
91.37029617723209 970.4260087160095
584.5217227691869 161.77814557939934
314.70749142346244 705.1115142015416
654.7032703947417 618.2172783079637
478.66517833193586 84.18323477355051
833.0514507942621 405.5928687668676
279.13114913923584 811.2988941481844
235.0497212309455 833.3052010593905
35.570559360813704 101.14268742866035
75.2400199089804 254.33343215895786
428.22646066019 227.32269797311943
799.7119112701595 849.5356744733558
139.87355744146038 210.8570783938748
928.8103069888977 127.95902874022039
171.45687968678877 331.7215813502919
808.3545090078204 787.4857033288506
226.789592539664 584.7137730861417
791.7545387445581 569.8250904354163
516.7898529453203 387.7062128557201
399.4614545774557 122.22990107820898
454.5125849281334 624.2729460956987
36.89338513837177 460.7479860762469
