objects
42.96565819430964 163.90858056717184
682.0176954846639 711.7742262675988
195.18042867850875 630.8106754572614
571.2757091757281 586.4746689257972
387.3546366837161 105.38538897664779
796.14843245344 779.0767635014946
692.2629596957639 63.875907476751394
840.3630814505754 672.6878600465411
461.5604136470162 305.68567174848295
341.2516813136523 178.70554752027854
966.9463189403842 246.3931460282465
531.339394907299 650.8633714725814
552.7011730000994 87.92015476970236
48.80649738592142 944.4823360576768
758.2355337924131 804.1806583583979
441.8296128622675 496.30810163977674
490.8674417310327 888.5530106015241
730.846824334587 846.4348227930175
261.33750312126034 380.2093835357991
482.30549326587993 341.953243964387
839.4240925478999 823.822151690439
633.3050096060546 575.288315235926
143.4434233202746 763.6398864696718
883.1465582571358 741.2962919581267
180.61912803611384 718.6001824249099
367.6265974060607 320.1770180051558
484.8106315995543 581.9610803604184
406.5925380331712 670.868339094248
494.59000393649296 172.46251496747274
685.892587952433 796.2898250489452
178.11609522798824 660.6764702799572
339.5850100346058 896.9735517098098
617.8487165288155 370.9766099318932
210.40318448658266 857.6835380959585
296.23594511816265 568.6846810892558
714.1116608254871 936.2227085327324
755.8460175538659 413.4262969433797
444.3278720370558 853.4298479899912
731.1193191583397 96.47189898444904
356.99742292024297 836.1426336595266
968.0439274756579 425.8736634455607
114.27455411479274 955.990020609928
594.1191404779354 306.7453047895194
920.2263343544981 341.93835965428434
426.5033967414604 275.7988178043005
55.344244514898506 308.8334214124732
551.9450973670738 371.7536026372125
440.37700802355766 651.3203303422623
633.4966245019533 18.24370426422681
444.6590420367905 929.1733818892634
293.6483808505627 340.8315790739788
20.924322837610507 612.1502405248607
111.56175106860205 592.5931288713205
829.7287704591423 710.5938407765834
327.9210911123196 251.7137806864739
269.60044166789635 921.6033579877948
465.59352280289175 806.556769876202
147.86570147854522 260.3029703185069
136.99257465019573 295.5492750915772
919.561846092416 89.53752356684338
369.6924191013751 645.4746569682007
871.1256734952702 517.0306777979765
592.7869788311291 233.852164523453
495.66072279682396 735.6559960124033
971.7353894137941 118.47880466799394
809.5053194499336 460.5404708007289
199.12864213739175 780.40218272024
744.9222847530411 543.5567279387085
126.67847514271202 649.8831339926371
732.1995232046709 215.18575361931573
535.8963269532295 885.8989375964885
680.8278878799903 147.44062186203274
261.10672128357254 282.8189150576144
62.448195878076874 816.7244790688534
153.2415075821946 505.64134645896047
728.6948239791788 899.6682562456696
644.1681101491595 260.49247495175854
545.9699604930101 612.9849539575805
114.56601265134128 180.2200688865997
51.72343064786645 570.6820686046759
411.91367041439685 765.8587307716441
178.00763139620858 829.4277564484146
240.78817186617698 494.3397281151424
140.58008024109733 381.8551066908539
718.0995158503528 325.8844637901275
835.5705760193 346.3541836154794
977.1685215493418 730.8761163095472
178.25577188498002 899.5958299372238
561.6555886597382 274.6488383505702
547.2163955607235 243.0774139186082
368.0922134715086 47.179882073255285
841.2224550739269 951.3488340580253
91.07535555368865 549.4011987333514
546.0340676037073 755.9719275150826
407.188170655259 203.02124057666714
681.5228648924852 98.20663546847855
227.30042088786652 297.7344154963925
265.18195720176857 585.9578479227272
249.76087723168934 834.2766130232798
597.7059451508152 429.739254620142
196.77392254461267 254.87865183766203
400.59760920316427 602.5987927804177
159.65910352500484 113.39830228801566
461.04822556603887 54.051028555187344
354.42757678239286 373.11542880122624
103.32789742119749 786.1388912126824
720.9510964255139 418.2791654973053
296.7166771537062 679.7915473334436
885.2570938764966 664.7385822312306
46.465516544547995 512.1012472003287
