objects
798.161149821602 101.86845998395869
594.2773449306975 340.5824822682262
695.338484927191 815.2805583588754
839.5520575381057 576.1153479611656
878.4877222433655 232.91592314899955
745.9617382989884 894.4774099623717
55.24831592360282 830.1170488217144
787.2232791805253 718.2899164410686
31.590026291906582 343.4295814220432
139.97987276027703 43.910845504438036
142.34014714689948 133.24295572445314
473.3913932651724 125.60117415086111
619.8272212841803 76.18240958691092
180.8468760858451 785.8650258614125
810.8598559846547 851.5124272144276
318.98322429797724 620.9621569846818
372.3776229101534 803.8386005007121
485.5797148796126 856.8815283992005
845.7739666805833 226.07813980573326
570.4527186834993 974.5300118253466
842.9010920045913 379.0348632769798
478.4959717153787 772.6334002812832
409.41346313152724 920.3322833941012
638.752768864736 834.6888564401629
76.6604441844244 406.11663282157343
758.9700410013935 219.8696203563834
60.61568497211131 621.9681348364463
826.0090270807256 422.37318604954964
206.9954140547354 573.2524879365379
192.21638715899323 172.75965664552314
23.86749794294346 893.4977403054211
659.3600888430182 783.636518653482
893.9922449651467 773.2022807229733
592.8254718663984 438.42080955448614
569.0089547759292 286.2243776322718
328.57342008182343 760.0244421292567
457.7322790472068 294.7230750044192
237.90618154463715 760.9056211487688
896.5885242933225 353.119373632051
737.0208618103901 474.4769720268529
502.3575337705698 623.3183138599468
320.22391269419586 939.2415025971868
450.23962066504174 354.1591810799582
337.17221851913166 172.3103406529845
957.7802182946812 213.31471870792726
677.1783955153702 498.9122295806414
805.7087567898401 789.0657810336027
354.4483620377426 274.59936839288787
193.25029620015096 377.8842480792603
62.66892601282704 911.4337263425017
109.2065403017523 670.7197262295996
286.8420020806298 536.8513005062648
795.5328140667962 454.2749906406217
500.6458417119009 482.79314978188347
232.0100663134502 861.7485572757073
694.2191683945427 915.2196359074148
130.21545160619814 815.6132264359146
737.2465822253201 763.7178343683291
569.9183658752719 169.19981574756778
340.0191489889393 549.5071069288555
158.51837741282927 528.2613910947593
158.62343618153054 623.7319163445569
195.51549832295063 323.29804646214245
268.4956210451244 241.3411274310288
356.9108935047154 75.25104015094429
776.4473589632449 767.7506657073969
852.8207872901811 896.6903619519977
381.9671556804011 188.18389329918494
729.0448814266803 535.542544493228
873.8260750366752 77.74047118531827
17.547578241089838 135.67361876445986
89.5527016482846 528.4667173461773
216.95236702747994 89.5935674023556
422.11371162093866 589.5919072332265
39.8270285703783 494.96854438543534
963.6897229065756 666.1247803362609
377.62792358754183 435.8928141716805
858.3178954956799 799.2398311186662
258.926152871833 412.44944952626133
981.4078381854348 458.91901218402285
544.2172222561788 317.3088192385962
886.6321555735808 891.1849844289887
487.58652131845685 384.92230270571457
234.675815786493 380.8494945303525
890.4249740074587 413.30567705462727
652.3216558622743 463.74873202866485
429.2844125139706 511.256237516853
430.1036747057009 862.389312395215
468.6769736662013 921.8479659368362
280.2448639356113 158.79889146510294
65.29064850321929 178.86507759318852
275.02505282650924 868.0537529558069
383.9036716660078 857.352264266504
368.04774659438954 27.724091486695748
259.6868411857018 49.69501673175482
826.3669072774723 72.81234042379093
489.3849634443613 203.16571679564618
883.2525754179012 618.8341743818232
837.3672281305932 960.9123208924889
308.5300106108098 499.3207569768255
572.7233135180766 868.9371998567925
300.380172138941 816.1507581946037
460.7303641336179 539.4658437675726
761.7411896450212 151.70936833676058
659.3135400645497 674.675159613157
218.67151184842749 135.15691114384825
195.88447203496662 462.7003643781253
567.2076376147872 718.6604158974069
637.2513891278888 312.1110342082098
360.2791061270662 704.2006801928801
