objects
768.5090469194894 362.5359147336002
69.88748872016542 582.7781701024087
861.7848401304393 902.4142318756025
84.57827753761923 549.0671200408935
598.1669377277076 614.5311092253818
86.71045063115909 256.2076072178176
714.5188756597262 613.1714853295665
650.607304545873 524.1789462328567
417.31660070639595 728.8329545412005
611.4246457897473 818.5180514501604
582.3066495545966 107.50267599356441
341.3877993722502 895.2382155374336
778.4691431628299 731.7172338221059
857.7727334753681 435.94180303372787
846.8614077609656 75.71394388868255
248.27084000068365 182.58131709110137
868.3704576376326 604.3560789942686
294.84465600910136 595.7010632875575
64.4524803202712 789.5110048283976
864.112574061842 262.10522750754046
529.7606498042385 326.96819338283615
348.63891677562935 118.9071823527609
132.77259609495798 334.26784471336003
696.0413911899948 772.7954904387791
302.7826177828447 818.1617554466434
201.61365799880795 552.2963044387719
102.99571239167547 744.3133439233738
577.1253082636159 727.3205414858038
109.74094023639108 215.81245094968
612.4749693920326 489.67215065307255
556.4614742365596 83.549045527309
98.83099169148298 142.91868792832668
829.6338378825568 801.510722652496
498.5841101230536 884.7085540290693
323.8769528896552 234.48305633324645
229.36955497982245 128.1621566484628
393.3919680908226 523.2707373688146
312.67837927184735 353.48751970541343
188.9361362510424 973.2582344030743
348.8963955441255 964.1844539237514
979.0762097095579 609.3823097962866
764.1061242239771 860.1760416397943
307.215772443469 25.058893547222382
402.7787592076992 245.1469084320555
967.0333979108702 402.835795461168
965.2996276732613 368.73911445331964
435.18582239715874 840.5195850470968
42.786613878051526 79.95333531293544
213.99342177442642 44.58216801540624
953.8202788724797 529.810832507481
417.4483995270556 932.7847223038054
777.2826354115307 683.9070929089908
898.0113353566543 54.136820744012255
744.858434413224 759.828584164043
127.42835028628664 785.602589954777
319.59268626023 683.0632848261166
266.5414842026912 851.337870405826
28.347636496825594 209.21115674875173
683.5442199416538 102.37788380412873
228.94223733401503 835.1284769182946
471.68266202704615 540.1553790112179
805.4125573040866 315.9522555423025
926.9476858960578 453.87535606590825
617.6388765762522 932.2891204623148
926.812712270682 784.0254450822923
28.508393765010346 505.24242317657587
468.84021340664265 479.3549207245913
844.242070739094 709.2213286138405
140.0302173650129 944.6627566216735
921.4600282763167 953.9414655899956
90.51549114246546 676.0332912805181
634.7984101329474 197.53996177354068
168.53107596962252 912.6310255484486
742.5301333335226 690.263847407634
696.846140416814 411.8634844198846
938.5757786957843 224.5306774369843
224.639024787334 979.6304293504463
171.29923211130085 121.07260368159095
183.89525717370293 288.2715945430265
216.6441182351661 259.33196702931986
794.9265976945575 67.83754155912656
497.9611300724269 295.83213849009326
285.5637031071767 721.4181905382035
443.4607016693188 263.4886641899446
39.50509223507153 886.0260212448101
597.9429932450458 169.2011211224812
694.8133432615841 42.33356169430644
72.24386587567496 495.1795228478529
711.0415657298306 375.54688409178004
499.95387050523556 366.03182799395756
685.4554643049244 878.0171199238097
568.7874189360929 857.2802514452172
945.2666382620696 706.3838709762751
933.6701059896579 867.0957527485388
701.5417385764066 339.1612452026924
508.8241297042902 164.96369777308126
164.8380977892026 467.1189567956599
865.8260395069262 469.551918777431
288.15711367284183 96.49554397242555
105.30426354931866 40.46869409676548
482.87107215805116 218.7609203647697
228.21719229016514 772.8958174689975
614.4194469373832 25.087779553681898
291.7290133619445 467.8260130495419
504.44732486239457 639.3961624292126
276.72913205166645 329.8826343866484
980.7081629129353 550.3025812164858
844.4053013108771 950.6700653327338
352.5300471313319 563.819186838793
910.3223761168805 186.06562603590027
