objects
623.429150274673 33.150544399371526
441.68456877641296 838.0809050479188
674.6589400925324 877.910165199179
777.2427018851965 36.31804783329197
751.8519139257075 638.4544821212571
811.1533074154912 281.2345342961466
302.0510227695901 468.4788110121099
858.2130375466144 382.0044279089643
57.023015398170266 520.9984698156105
923.1168236101267 474.20123990924486
383.708220247351 433.5655702118453
686.0329770444047 438.1776400606749
695.9568913314681 219.7441862857786
834.6582372982575 803.7897129924172
446.78239410673814 195.6522854904854
368.93608808974125 856.999461457633
265.30584181806984 219.4837315816021
208.4137721759067 686.5166525255826
453.8707044783771 554.5753100468982
98.95589126573151 691.1077266591261
186.8345737760807 126.01230411199236
188.27186787263514 915.8452503101458
295.5338475079305 955.1972065910794
542.3863956838625 539.9090897660969
196.9927224850976 747.7207148101714
438.0774282993415 665.6611406453862
911.6645961385345 929.9055366451495
867.4695556566186 110.74821291614649
637.34891907418 702.2168744552056
237.13878853711017 595.1367601788514
86.43629853537468 81.56193795323642
767.5232251869415 746.8397883836731
380.1138726295586 589.3381964717679
929.7025677210443 574.5684928036544
949.4054396511673 354.40956352472244
162.4671756512163 495.8757875938896
195.64103167313246 846.2504843741046
708.7790549536506 936.8552160714804
887.4906706444366 176.21392056908235
938.0655860534625 780.3111125476083
479.4878227143497 318.4308157666406
30.988894044103223 919.2565512801253
546.6836105490415 390.8826652859598
327.29380596322 786.4206187851071
963.2661987283018 35.85515872427237
820.9570658064256 219.2260548445457
234.37436956976373 959.9654490853359
486.0855090303575 484.81684029400463
258.1219377662082 526.3334228017078
627.7403052838769 624.1002437298264
864.4673293018661 37.23360551487485
776.7966638910993 913.7156911845575
471.94815999585575 414.4847091484741
730.8940816546773 812.2471015115997
559.1291907259669 643.3379810448146
289.52659285779487 313.13924754445736
632.5473267975301 185.73388815245912
362.88081340560586 516.485320308774
122.79046783348358 753.5770380551394
307.7937155528078 870.0753050063283
688.0827294932848 356.95485314244075
871.7959404471532 743.2827613568079
521.4778456428181 43.63374344335135
966.1952648102827 152.53272401601146
525.000608724168 181.18813041965734
752.2434071568663 543.7171849375483
125.22270980769756 267.3651920234757
615.6156776300472 426.6776747112571
70.26640807021795 429.342858447972
768.0486219893085 372.09549041178093
398.4175805560999 752.4204154772726
811.5822659760237 964.6792070783298
213.38189121850135 383.9338330395058
34.557133225281824 598.3619323711141
173.01768386918184 584.79702550638
98.97997421784203 866.5303364607702
483.5305323082287 917.0439072229425
889.2297218327438 684.3788405206965
564.1261820204733 275.2624633046067
532.9676865957184 743.5397881789532
125.60936679712165 625.2994809146836
125.44809211817744 129.0430535121008
694.900795917552 45.28945224972726
250.34609771897988 47.631148744629655
347.4195361777191 340.38384348170655
954.7964413260872 684.238779748595
696.1256624544347 604.5557193998775
147.93844440488547 35.71912349782601
76.62770789689782 213.03336221683767
766.5699604731358 121.73269924212644
61.07195193467024 817.2795254584106
311.9531399484962 89.55736867094483
363.5701055600733 126.67043719714817
603.9761729094301 552.250343134887
707.3757428959319 721.8015811278098
472.4375193598632 108.49628575759183
418.8252604893536 285.3247643445127
831.8932587734976 630.376685258933
226.454161581581 457.660654875147
668.5841947268846 544.3862153410646
