objects
943.0766097955186 320.33452631080405
48.78682863333093 331.99088087001235
96.96806731292975 87.21685807983323
862.6533468768738 630.2531809726349
598.1191234249443 498.0141607278795
574.5451438718159 313.87290920167203
513.2680132583216 330.7937129766103
587.8654432275806 565.6893757809486
743.8716309070389 612.9430035577177
796.7199976281807 876.4082002586382
418.15747232682514 438.8386217517088
789.7569891638842 802.1596665639497
649.5425151734204 437.94588234891114
550.7445818630185 651.5750496606832
51.6693522763065 951.7497497410865
451.73730523856796 51.56802564574667
216.79007929370766 362.5720509111881
42.32916280489783 715.431266364118
725.3152502742832 143.70959195907005
51.37717395221587 455.99470159880764
958.4663968719767 206.42130385299416
428.32159625738524 954.0318912777512
219.1116150938816 603.4776356265415
274.0161946038827 232.7470984078597
910.1249291186185 521.0364983343798
151.38993803004988 842.3613252648263
790.4127325065983 142.37724751384002
395.3164933733564 118.21773460926212
447.59282526687394 646.165334214683
495.15461033032716 577.9685100828436
655.8252354461019 674.29875821249
122.08312101102806 907.2306404171521
640.2519495166935 78.9828912195396
372.01287347781545 612.6198388148771
334.5287964319978 802.2330379368574
340.4409202760198 968.5466105945671
639.0833166509042 277.61757300053785
782.8953855062056 298.84699119641795
634.3390612631897 934.3901817478418
825.0301369814969 558.6654040603439
484.3052073913769 500.62582017638647
851.503987141106 304.16355076307394
713.6037868363787 377.275351229248
807.8495601641638 456.5305684429777
194.37985290090137 83.62885022187774
873.5793666133351 888.2402695827783
683.3175497140788 498.95645426201474
709.4112304926922 841.043158659873
250.50710044942076 733.9790365937973
849.0226044095641 166.1937697441884
961.0208138935296 897.0280023425966
518.1620300550494 741.478296361157
100.23117873045149 185.1781169456973
249.83645965272353 136.41412305982755
946.0282372427129 113.71330550085455
279.3475625597942 551.3089328169762
328.55326156827977 493.43281612803906
563.4082553072992 899.520684283433
449.582522948645 182.90830281288805
612.2055867105992 727.7410870368057
527.0829110143125 814.9293224689151
228.09539380840698 454.8741946356662
258.089215184826 75.09135730206461
545.6634363454399 146.53734829287097
880.0294581910507 227.19848886585615
775.691550481184 953.5254008998306
651.9554565144114 820.4854466903596
730.6070406448247 679.8582680285286
729.5065318797868 253.96721163778562
131.4684744901023 525.8892813241611
333.73047070005447 372.69677556194904
593.2065724649999 397.35511229734044
99.52239165645085 387.5815576582046
488.5531685690841 235.970726437672
675.4022741568907 200.58030059772287
950.6356295210219 729.9430817776308
855.6278232864388 815.6506077936691
766.118287645408 502.85311488962475
699.6578702322014 926.1890632723091
961.5966419283355 381.4206462450075
115.60610012582987 968.7314969014845
437.77902357761883 545.9223375602007
919.2468204415208 951.4326194860798
288.15398599403306 874.916233689584
174.20250891898036 716.4679076371634
63.531824570700685 261.2639395838563
369.8359403109067 303.90231791975555
535.8526761913595 429.43955844880725
326.9828488663039 713.4173220092433
417.4523649729247 831.9622347256184
586.6754542387537 836.6172839581754
815.6389609071148 386.25875885497805
160.41234215764442 231.01560756043452
878.1815172544882 727.0166447335556
609.23224588853 171.33074341321924
357.62787093656385 433.14689209084344
475.54640957207965 912.6181605664846
161.28428064558784 639.4159106403579
532.7289255352953 78.89942173812545
129.08373987290273 757.5359008219548
