objects
448.84339058955896 182.39175006754343
358.45335370265354 134.17578198116914
873.8151818624592 614.4803827466295
689.4577419042847 330.4208411897793
180.29621515667293 424.6247311043522
785.3301291646965 80.15703390962722
89.11033024443594 273.5769720970044
941.7879488022658 954.2739433410547
905.0322394391306 127.21984419265115
109.50043855176793 61.343043394595206
392.9135351806119 346.86790924759424
299.93258677701124 831.1623414854315
243.35793871294862 563.4878906560358
769.7035052949233 309.95688175913716
968.5748495881475 249.56407926745112
290.0679992968459 211.9340647680169
345.3528573103138 520.3720483646975
805.4737106096876 943.5504195804816
616.8032966137915 388.0321818936387
926.0026902170052 412.21663643030917
449.2246098655683 96.34315473016451
247.96064729242556 726.4317389860819
638.2885005686387 514.8762787885233
872.5633704892706 213.24608837930424
195.75491092009435 350.276706363103
924.8286524446542 487.5803669867867
175.61246296377334 967.152008001122
74.66568532098208 639.533311118275
693.6908400755727 427.9929980126062
584.9896610963564 40.46470086330531
81.53323949038538 839.6981521236195
894.5949898581621 818.1461581246592
874.2544312031399 882.1717356674149
722.9826243672846 911.8602473543361
834.0055141457821 549.8934382741032
527.1616812999506 844.8117530477533
92.94979255716945 928.2101400345576
146.08259020761602 149.51489924998637
595.5550060444422 557.5333046848845
651.7684716240299 765.9097101734727
413.4651299312049 869.6808830376003
829.3686981149285 464.3955665521392
396.9513706355307 467.47636889333825
615.1089186950188 642.6710664662005
704.8246971629076 842.8978785873561
563.1354268569781 795.6291824948239
198.75332435954962 508.7148112690273
204.94653289472265 840.1552698369953
542.826805617692 252.26186321242304
91.41509859275402 337.3071054376149
665.473386872708 66.69387135756327
94.13978717934708 470.0830729802196
49.630611378787805 391.8004272109033
486.1695267268557 705.4653102920895
414.5579211952674 946.3212520509076
695.217101188056 121.35284849376453
103.60707422870146 774.6969362982721
261.2798043120975 489.07767536710145
439.2791730151605 628.0132965988687
762.6862907604441 407.59322711559975
505.4251604476059 310.9944777370132
548.0284756751829 684.065971008878
778.3643892123001 574.5505842168677
523.9327018221778 525.1670387102786
921.7467615435369 568.6928187737467
611.5750811222412 833.5126691796127
461.33332421107997 468.20049076239997
409.36514504979675 539.7687658041332
957.3535625505945 316.69981394737613
771.1172393693463 656.9343002759373
249.9155464441002 665.0277863268192
837.4008162764723 44.31866445305265
368.43351945708895 218.44648168679063
126.9945746067146 676.8759435591959
788.5500440000565 837.2990776244717
656.3445991500171 930.9239362159498
335.70241085906775 766.4304559770505
401.54575458821137 740.7047382533917
714.2449171231799 560.9003425288339
835.8102455499211 682.2320619083539
948.3732335946466 625.217958882472
186.55245729882282 661.9067669086476
687.6159477096771 236.63244171572507
66.71636730817329 157.05850537716879
234.46165944668573 105.07662702192738
574.939911339144 881.7727028123445
352.4887362671395 613.0521423943992
808.1144104836777 164.12270566708233
45.94706857748666 518.9885183293121
162.7071977070942 795.3759396489825
367.31928217034124 672.8245750124856
233.20882594504474 907.220015469759
440.9191357329674 284.0817373585872
557.2369551849129 439.3683836067931
187.4234463387835 211.4581005443735
897.9405139952112 285.33560245444863
965.5050798243028 820.300517316735
620.1717946341575 171.8107011289756
236.46150592002638 171.5599497254826
709.0586326286387 487.3814865183583
