objects
623.5623640174657 883.143160412512
672.5934150571545 445.81281920397447
244.13876182781172 32.52991599885361
591.1378475673306 167.3249915300546
513.2328208437585 117.2042233768712
385.3978584860397 767.7310279186507
623.721712852802 529.1134250618062
192.32048397929753 126.02907553139457
512.3253942751905 34.19526981800224
123.34492369567144 892.2817856903733
588.5378999805864 938.799790065763
38.288895230720044 910.3341936404029
957.5324639369345 422.45013706819907
742.9828381252098 812.6876779180391
180.41188809123216 228.15642833184125
697.342776750765 232.87527693466052
429.3770080895156 857.4655517156439
702.3232940681089 938.8318031850787
455.57515832596243 450.14309259671273
155.05643406381756 587.6290057302726
370.5324689986625 600.3233993596308
41.39625693577517 180.97353833127247
167.3330066789999 845.4657233284975
445.5131354474575 261.62976910023184
829.8574879165832 837.8115035436388
614.5745968661712 417.46675669324077
267.02999951589027 748.2110245288001
149.66980757095192 47.795816588229414
721.9150565645651 166.84989117150386
874.6075190732705 203.16484409385305
36.90511397665086 710.7231421300958
954.8859604791528 573.2260228150735
887.6285696571566 513.9064771019081
478.081391477575 342.10800055617483
216.7210559966349 565.4262423435341
205.9556206205324 770.0508724253018
314.8809162546276 445.578673656146
826.0316639068677 642.7920983764731
327.8651565482257 799.6869149703704
868.3518444414666 747.1269598151351
321.4788039340787 945.1925709934575
394.1371627671575 180.10148686556283
72.16578063981686 626.7333898990048
297.0852350131522 84.68066633061056
562.7753138676995 786.414780840276
569.6191086701559 248.3319131520788
456.9151596157989 954.92325112846
855.0294699728887 93.19223647337428
713.6019237233312 581.9247695478268
766.7997384210844 453.9386298781849
771.1699093907783 757.3096237014096
100.27154364687567 775.7694635980392
364.583419782151 84.13100562917695
329.26811945413806 722.942823012171
87.62366555425068 440.74448799862233
753.2885296922949 533.2257947376265
914.9704817736327 373.18154881805856
466.2690498580858 538.3927797943383
844.7306678438947 330.73429944643215
875.862940536592 929.2739837839449
219.26548893826097 293.4060388001155
186.3625825057617 454.9861353348154
917.8448022953754 858.8259397328935
548.2224088315828 639.3442246083744
293.64236717564734 661.5297494952075
530.4349052143328 478.936641279087
931.3975847188032 98.88754762742539
624.7529827145302 697.9583245819405
648.6694380074848 804.359447390034
284.95903257014567 560.5855545686534
957.6538520753239 175.56602957387193
238.19382931009352 175.0505344648296
654.1183111061194 93.6387035186037
853.9022104934986 261.72285594132745
246.51532830623154 844.8331988568822
702.7138149950354 719.0802560174818
625.1583135091538 624.6836567566578
762.5073990686948 870.3614563063422
699.7502079903942 374.60878727829174
744.4561752122851 649.0762856177839
122.05270107925458 680.2297820544853
646.3973863233637 307.4542032453046
882.0737751968719 584.3788081765591
903.7604680622082 666.6917549622048
63.47080144581167 43.258601416615186
202.08434375207452 377.44915767357315
484.29233853980713 599.8831869859296
758.9228205250108 239.74084104726484
99.27885331690845 328.46991560652293
152.99505455808446 955.6368028503326
548.3492549665274 567.6778645849953
440.71639337130415 714.7037545598017
772.4251930800817 320.0303520177218
345.0873904061741 874.8803063193479
416.0155049220059 402.3323672117245
553.9414092206275 885.2668566745673
874.4724522716906 428.04265399578503
944.9542185293313 283.88105360113383
287.9540695648628 290.14948913447233
411.35057239793963 326.58128523827355
