objects
651.2828719429804 421.2536025697489
446.60556015777615 280.2703655860471
199.78063084382092 326.2810941181265
35.77766802581993 284.86246880948545
500.28393051789214 602.033302274444
515.7853943329394 704.9044799508864
209.0996860825908 663.6826600182022
959.0574677628873 872.587736439487
585.7428923712297 925.136461184466
921.0884160493468 353.4151655923548
677.5151051706752 651.4129467605442
61.834519806359594 809.8991106461859
44.58260724994594 680.9464709219989
115.10917515118012 460.62949563168064
433.7650970286136 134.3508701994668
346.6040506710591 560.9109074902412
762.687595404117 101.8421231904766
346.4222290185374 870.9610933525145
929.9035390723578 267.4881371150502
310.69727692090447 467.13518013468354
536.2075250608762 864.2161064314657
738.9316496621242 790.4288138264419
824.7730172376805 952.7130624354096
374.9222453521825 183.78493450641855
277.0486801977236 637.6973433621782
347.15478673538564 123.86792195658032
220.34118326317218 859.2860216327923
725.9133526562264 155.24446272193993
898.0856004350991 683.8062472088271
600.46764046578 172.5218457573787
794.805238822638 556.3250002341347
545.8565126899123 126.97493980711411
427.42362386224517 576.8848839812523
431.61450720448295 791.75970193326
819.2224383802962 831.9454168443158
502.07569695540957 512.9346265772385
960.5023319143612 37.68885601026036
176.33078484893298 604.4829671848759
791.1268155985302 228.47862234918688
319.3206156745271 787.4187537703751
527.0365094320472 348.427309592015
200.2337308614855 948.7944222322757
880.6972494267734 414.13051363839844
565.2260192453386 297.2888115925817
85.93476459716275 960.8411362355188
730.0850151307965 953.0711091958538
271.35921177572675 948.5380787566414
887.1753472978874 958.0625920952821
266.15633276001745 336.7912341489147
147.35718599862852 694.4185476276782
567.2909890892273 575.3891237526648
133.38160178947734 558.8446163275364
604.6310700976304 838.1142982165104
455.37999474355274 76.59556892401156
841.0179169111442 321.7808488573618
103.2538294555745 741.0927278716234
869.0112660617517 182.0864307603503
283.79753211198243 214.16125388093505
516.8933286387296 429.69871966456554
712.8546704569555 723.5478331284493
507.77041152275655 801.2300240434147
815.6602966095669 61.505468486984654
908.7373146189851 783.0003233157622
417.8217217536771 871.6673229800234
391.695233637045 438.9480098483213
628.2911201931084 85.65026825712297
31.110356980257652 488.398975838716
288.76821852042065 540.7353240283139
449.49457676402875 960.9266036431047
845.8610126176834 640.1864010615225
292.45310809494777 276.722147458839
914.625191488781 557.43117089319
748.9081208149676 463.18633422790896
468.38489295186343 184.96661391920847
782.3153681765299 366.65461161297634
781.3272283116329 737.1890389606563
934.2824117655888 167.57124290865508
354.65270450549997 291.30354205668675
227.7870668358048 447.7700984041649
184.97428102048477 392.24255949556573
327.7797611468952 347.5203840675909
142.8655694380504 197.92203695326077
729.7008744844009 542.7264536467802
848.4419616416511 773.1137974186582
210.36721613110987 218.2667998412608
125.70765470287719 342.95976748714645
624.0002132770009 271.76362214241885
563.2815381249486 752.6482575768067
961.1365352852652 732.7475446367752
551.5580112316926 638.4030286614367
669.5223147766424 568.4050027305807
661.8251489065676 805.0760462073191
670.0616724446551 895.4600794552778
531.853188491073 961.0281669844335
715.0509289954529 266.80790134876474
705.7457238837384 35.47870196803687
115.91583739909947 34.21453629161113
155.7386363494078 794.6806001694952
355.16499885919166 660.5850065631486
269.68338723752635 48.114670530176696
