objects
151.74232086205024 722.197272087091
688.0164114655337 267.88462115497197
209.0952954820798 164.76505964181254
489.03697915050265 628.7309159245053
481.76827648171155 368.4740803989315
38.40043750024398 948.8082859444535
585.1692485299202 635.9325977674316
657.2867615672639 952.7877447140163
397.55745414558754 760.3166272255365
453.9071048460371 425.58029289275237
554.67868777791 746.300969775743
218.95891575929724 638.1143849774263
357.10343311085603 471.42633588702375
72.04098421604375 728.5567437789621
895.3809392141361 309.65455840647957
591.0713638649042 561.8323011929584
173.972585266479 452.7671444450089
408.3665443793065 686.2593653742185
96.37980296575464 537.4043013671948
524.0540498485151 946.5955243394278
343.43528833941787 117.23153244829703
620.1616472883526 417.6205483683447
581.0859574706097 280.96513732443793
799.6291297132882 444.98468166547434
630.7513707617256 166.47682694443859
133.7751763162481 315.4428982065717
58.35896610535144 326.8164953689951
645.4031420880366 723.8542136327718
618.7546868086329 234.1585792893894
167.54545905588614 808.8789293046378
413.29770809772856 203.65366885289967
200.29543398381873 70.44687429441464
946.1839772422707 183.6060596493056
336.81395900654445 33.80032872734998
686.5006679167268 34.71109115052419
361.31625414318677 822.822504513824
953.0054175158418 408.3378533817341
310.0513891796549 719.1158191024423
794.8003359792306 220.99807867844132
516.4504313866976 429.638301735496
671.5974371724562 465.6713921621109
668.0229599448056 580.9952430903459
891.0950185297606 646.6170765145613
270.7700814880391 839.4878837252452
448.8445434522336 281.91829417135875
933.6813296269199 584.063374339416
675.5877031757663 855.857409440593
56.44546387214754 792.2998842994434
805.5245087355843 629.5449560001323
523.8347443817811 192.56361831745946
622.7341891408943 353.28304731088417
337.0769432717064 208.21294890332402
269.68298985051337 593.9017269831471
107.26251248989041 619.3271964475051
856.9138654996041 559.923566644493
797.3752034700698 885.3984756967649
40.41755997940862 143.31659288818793
919.4857112282923 54.66923674976542
214.05620828369825 275.06447593006465
966.7955700950952 896.7527978711588
260.3363413456069 438.4473063737064
255.6350399990857 917.2924907545494
516.3926432671611 826.7342342797692
377.67937627097956 609.5114395077943
866.0338578157631 448.80942061368245
734.1682092090908 911.6438147786614
839.4372687671197 41.116674474632546
758.5671503716361 518.1486475074615
421.28373426976293 42.80545529154912
350.7036818107076 366.87333844352423
742.0279330689509 406.5662464871598
738.2073344097341 733.9765525954341
737.1875403162718 193.54397998109877
316.3639971097542 278.8721098282363
197.82417259884792 537.4305433517226
117.31975765981466 43.33947764647512
609.454115562317 812.8382782433101
296.8351360854732 651.7736206844472
443.3206307923438 937.4582237522211
309.3429713676968 954.6120823049245
441.1451586585253 515.7427443085126
133.9921587843302 951.9261694873427
361.50664229356016 900.2451838900129
961.5065374113436 266.320551453241
146.4533971654751 211.3072595422021
832.1436793072224 374.3510979776181
644.5025000552156 84.85713913514428
942.5570909320912 484.05755081884394
107.92235231568137 140.0703244177018
65.13358469924188 443.89949255722354
590.5437095938004 477.59113073236523
742.7352274083385 123.10771153550292
915.0206283887491 797.3109171566897
42.7045903763412 663.325373841464
518.1534215680322 517.0221932542134
772.3295911384931 289.3122982835598
795.7689119311931 691.4523295308761
465.7463745307932 866.1774632763036
896.9601840195002 226.6683806527942
952.9717482466541 734.8535459576443
