objects
225.64717610638039 607.3191394909308
137.83475647017602 817.2686835827011
601.8690134227231 960.6924198020448
93.60530835325379 524.2139732451504
683.9086425152279 906.9206271711338
807.8705437241534 697.248542039729
901.0878468207951 424.4236865672075
657.4077143759532 732.065628017443
518.3656727987229 96.5438110399636
884.1832515534387 887.8687326916672
633.3244067400464 294.26388593724045
390.05350331000506 371.7532641512643
140.56625588751933 596.1332371135722
636.4367454984816 77.17717791443951
540.6011577694721 405.5336949249123
785.322308593285 312.13014976716397
695.5295840793038 560.5011386264831
717.3048213136414 172.8094031225011
139.92458170512288 219.5730727263899
384.2847363426614 123.23895556930768
228.3459917700139 192.1790501101215
423.4163581952906 593.4717814164264
760.7044348643133 737.4507487971175
626.0007564204979 868.7458879172999
118.14763908079746 322.83075270391464
40.494419072431015 454.9693567564166
898.7351883442162 159.28775938019373
46.22382056921906 257.9478479008281
463.261072123506 526.2844487371405
707.5202647460843 441.46183332253935
339.11915267159526 463.3796901507043
488.28627597001866 243.54317133633882
899.781785527106 651.0613704651048
761.7222537820013 654.4858612933795
146.84855466667406 84.95104658551605
388.2365526010619 725.6019848060955
288.6844834882557 334.7365668600663
732.167560444307 814.7267308667086
578.7477860455048 724.523640910412
92.45957678307937 959.6649210759908
279.7798993219478 70.83132378677232
418.9245364159276 850.9410749570295
933.180539867773 928.6986532246675
404.02111908964514 924.3559760114946
512.6047047785204 158.66551399192804
253.42808770514628 273.1944910898829
861.4370559371257 951.3273494567449
739.3846110433258 265.9553440773509
851.6779686647163 746.4007838555449
395.3041861406985 515.5211628225181
851.7941529470087 599.7569278203014
946.2709949406653 809.9874130616125
828.4695849808608 384.0915618344307
956.9127234371431 140.70249521868672
885.1042453221921 360.0171542653341
752.369321578207 952.9943613675952
220.27647941589208 875.9802684560494
539.3287192082705 953.1376880212225
628.5641008656266 611.4325579189713
357.2890150585838 60.92363381313392
862.1702804589745 220.88566432944043
785.2996175970591 575.762323558687
604.6094664959587 428.1611237328251
34.179660406359 736.5624673887816
932.6574827447334 253.15302284847715
545.5815764842297 333.8157069332318
263.7049842346376 448.7203017472153
201.93241828435347 122.57211159835384
310.91759348311297 725.3766966021165
624.2894494637636 803.685288036752
838.9102331240018 462.12684178644935
467.2489907869453 399.6922446066039
83.75704642817817 106.47239606052344
204.99842076027184 500.18073148257685
88.17982894805729 396.6806354310778
959.1128922443869 308.5735706762014
103.60092792288953 744.0790064035918
424.03814158412206 243.1016051246138
709.4783756288356 72.74503238111244
770.2374762744917 112.17882881844508
572.4900285412929 270.3274055904825
195.17941428827274 44.282085420335164
788.0900795164082 899.9121939272734
324.1478742720844 526.0862100060273
430.5282111939004 456.4322158976563
441.0707822345793 679.8614713097888
351.7712994825179 586.1922308991456
492.78631072103036 909.3433762913044
818.6508271844665 836.6175781537087
47.22956560836029 902.3697617731083
959.8247183173945 450.5130561216521
91.85936805785715 645.2619508453403
659.7180915893997 219.8112654464006
813.4755852122212 33.15696686323462
515.7155829618141 668.167631319034
381.9778835395592 645.090877422275
34.62219634712501 143.21014403595242
499.400342024275 840.9433666883818
967.6320305088573 720.6767867748742
587.9050647139649 662.7180366869569
