objects
235.37635490038178 396.981961418429
794.6777963243139 555.948803191898
939.4768440324787 944.6922644424786
561.1874746529442 904.5725943768989
242.55506306607035 208.33818128482824
859.1305082780045 754.5318664929194
318.3271963166434 772.8412945492379
80.44226237279767 260.8776643779308
685.8253053853651 271.3042866222707
463.9709919154715 781.0468352478481
667.603609056055 766.8015220023194
947.9154762155898 325.3267761374837
318.16969321500295 521.3696133241017
466.0412245494862 245.9514429327815
69.438168096314 567.5630306022248
207.29308197414642 917.055449323169
609.3575031113363 442.80013140833375
474.2934594393237 159.67114328750756
860.2892648504101 402.73549886012626
90.22374936186327 952.8841205815453
794.1793241209413 40.86742663324015
751.5373151176296 396.9068161127583
894.4211723593774 515.0709153816105
532.0333236429126 631.9303739843166
718.7889573727053 688.459176164765
118.47656099496334 756.2366075276121
294.1595105164214 362.9908315705604
610.8789185407268 666.0068862250818
491.0889579538348 565.8002614419652
399.0690654340484 858.5675695399901
537.0237797493992 384.1044449214067
246.9632639917081 632.9896034511836
221.37188187400523 847.5886833046314
758.702940151819 772.2116001077952
534.4509022989798 484.49530114295356
759.6180670953211 244.24997643568025
148.60376484339224 422.61563345358843
526.6174756965248 210.3857283004216
148.1787193673023 622.4103317814498
697.0952678675873 182.26582166588304
909.4158152707433 48.550617722063826
594.0791572334788 313.5688961601782
964.3049748140833 623.4623850350417
496.82256392574163 723.5160507997987
864.1387060617124 587.4413445764548
844.1882640444385 911.2721706852333
49.813822169112456 707.1315667089116
738.4317318472765 937.807163195145
664.2012281714518 344.2109510529073
817.3527863269339 826.5253138334996
407.549793025854 503.6251198178284
294.17378150988515 59.325038535641816
606.972015917681 796.5173958690547
558.0285980435541 752.965449539842
449.7848598570202 452.1328229660931
545.5099949067874 831.5724654721125
63.66830220397638 372.82007971930534
382.3153692506795 753.9530148640852
900.0833248685216 156.73729496879946
114.1713325965026 106.58155415475494
622.4143590428463 967.2760677106525
73.23373430730658 152.4207284054122
205.79256229235733 97.1626492418217
303.65210412510004 136.77198749650034
394.1800303642613 213.91681878332165
777.5021674755715 466.87953243277826
60.52898182183411 505.76670961992966
344.3717212752877 664.1670079800031
302.07346636961194 851.0536943965716
825.4917915730749 143.95818784916443
178.64551819293655 554.5423688529705
89.24114628520866 868.6013084385053
593.4838765078855 174.61217612624313
947.1613598749949 553.288128159866
452.5860499390859 48.57008945033718
200.7866281668068 702.4293394995196
919.0217221205105 796.5091584366069
687.7806649511401 430.7505127818507
261.4968046548369 551.2998123928769
539.137094102469 45.936220160013605
593.1835367339911 84.06510123836425
750.0121065040712 137.44524334941926
408.5129495505114 119.33900113946748
601.8125852387154 554.323236877476
495.097814329968 300.9902238067316
613.965408537347 858.6432483755888
718.064539466409 862.7243667619482
198.50019770473864 312.3305776275494
878.0460677902454 847.3164205882747
675.9582349043413 567.248276330031
478.2182272158458 664.1923438310228
378.6052501489159 952.3924884950302
136.42668946118295 46.957511165046895
676.3536091200074 642.09529156319
889.5604724767703 262.3867390881536
153.40421409822326 212.25279423604258
468.2089849046526 959.1179554352644
654.5473990706987 89.25131667748893
287.07722480903954 250.68123987858812
819.2933336535233 642.0630270396717
