objects
566.7760368210031 128.58457166075004
252.57565421563905 772.1044425338155
585.0734829699873 431.2070219015407
392.31268646452895 297.8873579647482
581.7722410067241 259.12780850484427
694.9947223946932 292.0547545526077
753.4555338284998 193.80760276529844
657.4584551124522 706.1146635316617
541.8753841078986 832.2948792077474
182.94514478442736 599.3436980447843
78.67555153711434 195.21266327436712
168.6386457476296 451.4936898718213
432.55960785699375 916.6698662436987
320.80432162270466 911.5635340510087
890.0884117153164 292.143982475374
264.8070905120725 65.49884910945975
58.860346303765496 815.9741181830102
890.9580540790189 553.0951888148068
690.3080213885722 582.9964160724828
386.91249532921455 532.6266286579273
