objects
847.7155655546607 809.4618120034207
832.6781802664808 428.36258665086837
482.26602816847515 728.9492556168359
225.65055136494962 498.4275542700793
613.6239674794165 647.7478301976402
245.43724075292582 256.77766383587004
105.3992919737976 917.9057158663619
419.7004296360556 428.697111181986
482.43563481329454 922.7053213657438
645.3651768947606 187.36342240367804
864.5319694921627 89.808052968053
213.75110978953177 803.9281420863202
614.1511310909013 766.609940537615
714.1783710040428 713.993177257105
369.7719341632496 546.3220459564986
56.83323930098079 346.99646348418844
410.9673953447855 316.084700184504
899.1474200905434 518.6761079401837
73.2504363216714 745.1772225008589
839.9289236290307 258.0859433494086
