objects
323.7650736566531 150.95090692250787
897.0395998755339 153.00213805509512
666.6181071536419 306.3885207986462
652.2375614968474 88.0127485637103
901.0191109658545 858.4800473004422
571.2163148785381 892.8723652525836
403.01794229636016 680.0592812852591
117.69452136709893 599.5202057216653
791.6665884826907 612.6521836286313
219.21909114933206 210.41317869605925
779.6835252281315 457.65346206114134
918.0632129161588 386.90267726708765
366.7369059659577 804.1591665970125
660.331221249455 644.4612387847461
236.63739573776556 638.4790567210216
204.15320609932292 440.1567232245832
255.27150488968653 325.5673417524762
881.2780971514078 510.7029164655379
785.0069223966145 754.7750310850498
398.8156315286198 318.62761696010733
