objects
407.04844967937765 192.72809874745536
572.6554486792627 718.6484322956696
207.25982094525344 375.85303034792156
886.4126241238788 650.5190046031536
702.787259793914 286.0428587819341
306.12504115689535 809.7736880520156
234.15583938204452 74.40603140657763
857.6244706366376 213.68461222641727
288.9846260247188 558.4219875171266
584.0213653174477 501.15974162683636
228.35086884195093 212.46883670300798
727.7040920429697 682.5666063712496
620.983749966064 392.73926974657036
397.0611682994162 507.0444360688297
892.0000139624674 371.62661168344084
500.5104218492455 269.3005895014294
74.04513869460628 644.7432295743572
444.57861793975997 67.65700966531912
869.331013779921 809.6002205770889
497.85261235088893 583.8938731383845
