objects
89.01935165833919 104.05634441613336
534.8403448434417 489.31247288312306
817.9034914248994 486.08803924959557
307.06821562851854 580.2476976113426
751.3233697664151 645.8858012048415
241.74693035952686 359.52821970794304
586.7193026726922 684.529596356537
633.5759508345665 176.45213016057656
451.02814210492465 693.1480260277291
424.7927335682133 456.1367929924923
815.4981811350319 333.0971033745293
875.7129314343812 128.20830783061544
868.8106118329334 611.8300140192372
642.5592110029648 554.0061959715401
231.84551114737044 142.72515074576188
80.8588609994709 341.22545071118867
370.53046999085734 875.7467586424059
568.4461483828393 351.6708575997084
145.59061104910214 795.8726441001864
492.6208538952108 863.5711931998738
