objects
752.0189887883104 795.2072222713218
672.5805988250377 455.48810070649296
553.9129219183468 399.1121622561336
878.1976152351078 357.3390487436684
132.27394084552657 494.40265400076396
386.2966213972021 295.8060872161624
515.1839143352945 508.8991912728647
708.125153478764 196.43756457868753
438.2553176409739 671.9148128252672
93.55161935959035 379.0429855506024
599.4825088779191 902.5796477205431
526.2050152740685 219.7151070346171
893.6405707038344 505.4160467192663
409.66042201596156 438.60802184030825
177.90024955751656 291.11978937008206
99.69212245610714 902.5140417813003
668.1375535923418 308.6071239736003
700.9133243448815 597.8888001306191
681.6245635270831 89.03594172587484
305.0379208306293 89.68235175600682
