objects
80.91498036031514 234.97607774576647
314.5074154273371 515.8332624374017
260.73635400374195 663.3101265900355
459.9880328476268 912.2747649482566
650.2108644573169 918.6177524711889
506.9576067265493 787.4105291506759
893.9048045415991 779.8679297783359
778.1995066252806 184.20676046997693
435.8945472494715 261.9859691684728
889.9521114715366 202.35915779855162
450.8438198613639 535.2145765108048
303.382560486501 371.35516617883343
647.9416981912904 687.4394243358879
610.0731627151271 124.11743854066327
900.4715025872802 432.53936210533243
404.9589963897352 644.8399464558021
634.331587151295 387.928947822364
404.058086044069 96.24970547933967
95.80044254533829 918.1963027394719
320.67745719483645 828.6222286553966
