objects
251.7417057798017 300.7882883788208
114.00459172769979 748.0960705865194
883.8699232684082 656.169904553417
581.408604699222 783.5103627381138
343.03199655059007 696.032641397398
293.47640976877136 728.7459473974117
96.85783697738478 967.2545592861355
359.35669506211894 134.3854933738238
255.5604372143719 870.4833363051782
609.7325558973079 382.460712243614
161.29341911402324 918.1468017400159
165.70636247199914 287.24276785464144
497.25219910182847 273.36050779264644
692.143988553725 252.84853185786784
249.88010821342735 360.6720254821615
841.3721329454515 867.6286659176909
564.9220468337684 968.4082202600581
927.164797968792 515.1053376829844
912.8121555121601 399.8188245573989
188.56637268215422 123.7718828721465
722.1014032197457 787.0434902219421
747.469082341617 543.3893975138766
943.7906952059815 274.00464591329415
698.6203957737326 929.8954801117974
376.01961379028165 34.0833927903253
568.0096152780505 477.7984188324699
604.952474228379 883.8081014078449
533.5349196172422 356.61671619679043
335.36476546664085 215.79029988802301
135.83886683802885 502.4477379891412
347.6705899011593 532.7722337226596
484.54426833082755 942.1901488252918
507.87243580386297 193.12641463422034
279.60140474885213 660.7283551662528
317.11304134322296 346.56053840009014
825.8208879819344 462.21745948579564
228.2636690579725 86.00867043502907
558.5122341515706 896.5954863521039
906.2091560846578 897.431897904363
395.9313782001411 339.97729731292526
229.6472893160819 739.7761844163647
736.1521233037683 707.0469435606377
952.765837914923 776.0938124870123
69.80604142117852 370.88806898394347
891.9164502836834 463.9310399418858
733.2059408325248 158.07747164156677
111.1997148135487 541.5127663800381
167.47748054431645 844.1161812905574
768.1656841177687 622.5547201043557
121.68322733152135 379.1432044603292
71.05349308656287 471.9723843164364
499.84159052104644 495.64245179192227
366.74255165082275 589.931166436247
736.5235810287932 468.4747278631794
315.1801503937654 415.69890907238675
298.0242654593155 535.906088303537
506.5422327302708 692.441064203961
875.0876905955347 272.44042836362485
941.5810750792369 655.6101539293834
128.02074220241465 694.1885193714006
872.6140548643119 598.3995391203688
963.355644088854 581.2461434288643
353.2147983518534 271.34478542652425
508.5752317523513 864.8133103757093
372.36640483084045 918.802612566979
517.930896748793 25.277141751714215
970.4437819649467 905.8807916983577
706.449210156087 609.6800720966795
469.58613677226344 602.3391072184004
358.9846469118808 776.474666092135
928.4102904773598 156.82943391926557
436.3579241370311 697.2798577529761
468.13972747879484 746.578380063206
441.16108414359616 249.60874672378995
634.0210840322396 650.1311742927994
659.5747792450613 321.7820907017684
748.9008942448547 265.95733007386787
722.6615976870843 656.1677024625615
71.14299215474979 628.9787280137571
410.001088111106 425.56559250789945
842.4780796441737 170.40784674086657
190.0115245162424 339.61347150413013
451.5904226199534 347.6521295507684
249.8382074696895 813.256135669031
971.8134902631331 394.96345747036065
446.77553387335286 799.4956326931497
248.38111553607038 130.33729615619978
907.4649629164003 965.5931122029899
378.88505167113 491.89156588381945
570.6457195046893 409.9679317393966
776.0116550088077 866.9302018979876
158.4260286596602 50.07521044421614
47.197516244010544 724.395295588785
792.2129621854489 153.79056709676246
164.0702198530785 746.1470444341377
28.03937841807852 67.17280412064235
614.0641076898112 86.10692301740647
938.0595912594227 467.395188402464
706.3906370897348 500.83557190629296
548.4518726567229 303.52365675049475
829.0601442908113 95.2688981902887
912.1589836479884 710.676445754057
872.9535372535802 368.9468087699931
971.1118558763834 26.960519302989464
289.0503923659624 965.2825019077371
108.60585196524221 595.0790782972472
576.1506248341765 228.90278327414512
842.1065425052742 643.7277352155958
975.7844839633634 232.92403826841212
606.4605245982733 722.3250450948168
244.98268809265213 516.549559963283
468.64082073188933 551.3358652132645
846.2767634515375 712.3510694956929
43.11688726333493 291.396609203922
844.238928333148 306.0981908782302
618.1553466924903 132.77086094770084
650.2333937251404 733.9704181182316
60.35937973948938 832.0308570145348
401.89874912939626 964.292893143857
283.47740480623224 906.4578331618283
455.2066851211999 156.68292760489405
772.0686285250747 790.5050521029549
508.9675741657121 423.9858866888051
334.3599444381953 50.969073188464925
899.0274660397034 824.0960660798976
112.44679200620706 641.8712959243027
612.9205578716025 503.2795623464584
796.6159781095532 236.49192206889714
366.9275467060361 831.0024959111072
641.0864297468624 438.08219706289157
