objects
188.81315548634714 876.0366847554693
64.77723323493368 170.47751539559917
577.2130199895291 484.9745917931088
602.6576774693445 535.0079244816031
484.3056504119821 183.0125007794788
513.2543414872144 818.8042050525086
476.6427778732808 722.535994550637
961.7272708427469 227.67949572892857
242.86337437027055 631.7135820633117
80.41302050979692 509.01203888744845
437.9115307938395 921.3114957401531
735.1857497274168 918.4878880223441
148.1241802760512 798.313813973142
213.18292175332644 696.8431901166342
822.232615677047 334.03801864412577
169.85823071849688 666.915885427703
773.6667537800912 696.8056324594612
37.85852561224793 799.3435815625143
354.06475938662834 242.16098402976291
451.5241893621738 280.32257747493765
496.20579035695016 935.2166311806875
798.6639796048736 811.5014698039815
574.0693482919886 585.169180527676
693.2826376382386 46.08180840088732
644.9128980066506 108.46837400721637
126.43561657526223 153.93075026222192
50.87140052017449 684.896314390491
693.686971851945 160.4716701929249
573.5482663715303 924.2545357617746
860.2871675158246 69.6679952152225
92.02486298357408 892.0907563013028
439.06392614963784 622.3606297222387
116.42808406584643 743.5396524369125
108.25674822475906 196.664488508228
383.42055497754836 617.7556093130431
290.6159391063924 684.6895722914129
54.65434761368652 259.1773023351748
583.7489152162788 119.07341900898146
846.8993040091556 411.84731339711925
410.53341067463197 754.0351609194341
590.5855498955829 975.1695072552693
538.9946836189112 550.200431472543
178.72708067425597 166.2102672596916
972.3564950655322 594.9010675927566
222.47157300951852 103.73281185902113
729.8185300621473 687.1076158900673
337.2208205183309 721.7194737955206
422.74399127195454 162.45863331815343
99.21430244064973 444.7037664931413
385.9810023516451 856.795388402064
645.5625334197402 46.97944243693286
167.0600017487068 515.1548404470407
682.6835090285603 207.94444729395414
307.4997223178709 575.3822164508954
267.8259265467962 430.17849454441586
868.6958623609294 451.08185385247674
910.6995027069465 24.265369253376015
676.0744697274944 463.6592924378969
56.82246708740161 358.5143254817351
840.2597379307041 658.1721982874093
445.93243684247204 860.878106369307
881.1852966767374 149.75679664101114
958.4414328130007 139.80736096287802
346.28558405124596 314.68199366997624
579.8241897700025 50.492079498333084
381.64763112279877 414.05517622026935
195.64656135699457 950.7103992222735
155.0199800344628 376.4064414982234
938.7991144282353 890.5258468754868
973.9202288451484 518.739980459054
125.09923534568256 653.7495890570345
414.4086129547934 468.578194634299
588.382652559169 210.08109837315692
573.2003970567587 164.4323377215931
808.2703147969256 493.90941709955626
917.6779512085077 78.5237106067242
575.1521712513517 262.84433989682975
495.6606382773082 272.3882596017882
971.0429836935826 741.2913689952654
850.9168797943175 836.5012880078871
100.84067069010536 258.03408989010694
957.3876907182672 310.4069092527598
240.2309496629671 576.8340331727446
572.9502728194749 311.45748177641264
658.4429100150948 545.9065621835409
381.5218633447661 962.9060561978447
772.1136513890372 387.0395412097414
887.163354627605 671.9620501154845
778.7553900996862 323.1777464889657
896.2981625289534 854.23984043573
274.3557443093922 253.62055197440043
360.0846155428182 528.4660154765788
570.1034313193549 360.5652431364391
861.8976691750873 293.43405995866027
867.2619799200538 570.074131832108
231.1853467744231 864.3688286212372
180.02908319060128 470.6935460387309
949.9113318211154 662.3576995107234
205.6630622717599 246.11915685360412
274.81858762378727 24.26223179996256
29.325945525415015 142.89034046756265
450.1027035255533 211.4039599615644
553.0904000630909 626.9818711611283
923.8324036069665 400.42290784664624
370.1584187593048 47.08327694367128
746.2311883965169 219.24368146423046
317.0862268505503 877.9034520211188
964.6827559034284 460.2391043964126
725.824262143845 127.61642880827864
529.4582726477831 330.8313576415586
770.2757239695544 33.740048885687926
759.6314915718301 604.453066614535
786.4147685703801 748.7301630802359
412.2342202943022 668.1795295989815
928.7403765185534 343.9932855967399
975.9614086301689 32.345720462375866
620.3088362617286 324.21885781187774
347.4366278316075 155.8001081146931
77.84094866943059 783.0471699924052
173.96437909253882 729.7471365962273
483.30731078923577 58.676123853978496
563.4911424014782 846.0517890149199
47.659387917857956 74.2833786962689
300.3462555378397 634.6774880098994
809.6453270801045 162.29700536395248
717.8824124112547 618.2480405461055
112.95061155387629 365.57785055755625
22.66897972398101 214.0390395856413
383.6483531451393 907.3650351873181
549.6520122527817 717.007245412683
