objects
52.68620339380233 356.46299965065634
190.96424021240992 818.3095953038182
919.0079237992857 593.598868021408
964.6352219497566 180.6911199874254
688.2231103876388 687.0157776594859
100.85655242333618 972.9187412489592
713.40831264893 503.9812375370121
381.2734614865721 128.06552981751977
561.7698629511159 476.13914778485434
938.8642874802118 717.2189217213747
403.4256698286324 482.2990594702565
115.2902717739253 170.4114676854512
594.7831904390772 683.380197578746
349.1000672369487 956.0561867704364
622.1296878908064 572.5856192386369
461.49741576086507 776.2797500338725
355.7463032926602 74.16728793214071
745.6286164902284 280.3538052689402
957.6378310281891 554.4453348069031
472.2918514082608 254.3728976744634
883.9822996492205 275.3938383121603
97.00230623994273 746.3547327494282
853.2579233682225 677.0921953124252
445.36153730518225 641.4317557758454
46.93262592061419 751.2631168413419
535.0554875625207 412.43185614770044
726.4124347487984 127.84004110065635
592.7385638390045 142.7736047640324
407.44897446394924 612.9061471367786
794.313537319652 966.162970354126
594.6000482511558 836.8754450844224
120.23242449318332 228.02301712539733
903.1741470168647 931.1501615523607
959.89421828761 46.998182722945884
734.7168348490742 426.58759158834266
884.7052415977962 98.02030078056248
159.02102629415407 449.98801294488396
765.0146477852766 596.3606891248369
749.279390875356 347.8957007657126
582.6820532785722 48.81365627443832
612.9460886394571 259.15473661302104
373.7668216165208 227.4134121216856
169.4723150432455 754.3018962478905
320.58046866916555 344.5095596748294
810.2662583190227 381.27171226952174
146.06283763622417 41.67827083106993
236.0844638205548 817.6507119585367
306.0558491515072 479.4645773298843
261.4138517624951 501.21784024338683
429.0287056333422 945.4073401990936
56.78262060511054 886.7840590634625
641.2220186385368 298.34851901912197
40.52199584765641 139.15245210016795
377.6109161354193 305.73828369878527
549.700614620055 798.0734803613309
647.3771083841096 494.93277679103636
427.0304889277597 874.9349940869864
133.45409269603337 790.8075594543285
699.6130188776453 570.0483390624177
459.6499415280927 455.19428775846046
420.781664536312 333.6528304925342
545.7446981651406 645.6018851003381
583.1820382469307 892.2417426864707
219.07202584384947 595.2881419975353
109.56871339700882 335.41492111750694
973.5890947617589 896.3549716191179
669.8981779326576 421.0541266349251
327.15863088838046 437.48551344449663
909.9952025754153 201.11475035035505
794.9695676265045 423.99855822888463
958.8079821620767 969.9174909620942
482.9480060737447 594.7111211352902
858.1822734731928 607.426217790221
227.94672064116673 440.17984187644066
647.5258614684332 641.7088494964819
328.9026052941677 152.37220107231366
682.3248062961148 263.6395267100684
760.0841366331746 758.4504313719638
444.613481988909 726.6427163856729
691.7986536322579 94.85472116822811
233.23265881111732 277.7699285671421
542.2928019987306 252.943167270058
476.6117537251275 51.21909063437022
647.3251879047249 220.08944455178218
935.5937403953228 662.8045351592361
192.93368011048963 327.81396258442686
464.0858129511894 388.5023410192804
245.03473617883796 168.06361131119414
690.448901997964 882.0363768992844
584.996479064383 617.686926731479
420.10740198872816 43.986915316635944
510.5638335298965 738.0223358010949
684.6324913683454 753.0881013298072
259.02929716832057 25.670945870720267
854.8715392460253 152.572642341365
921.961820152026 519.1108653122945
287.22548269056955 58.319245162117696
247.710307763782 910.7862800404613
725.7477422065382 631.9340450255236
217.01575704055557 381.9453664731357
37.766615582724185 275.6200171696339
65.63049684056979 481.9024638860901
685.9813899295998 36.55611457146693
85.75996012439059 75.91766805715082
466.0150694374412 161.20838173615584
186.208860218016 704.3141353709095
288.5906736126409 768.2251772175094
953.3796379122016 224.95570350713473
783.6617628180463 99.63872922195014
496.42675417629533 912.5237184854115
382.7703765027391 524.4872523911879
290.36692923864314 298.1657350532311
683.4826957839695 333.39338166501005
824.652325977257 214.84017393166985
965.5494894091009 401.2252792126665
702.351070738505 951.8562617243176
187.73022748757262 976.7846955736853
257.63715633859124 956.7692243493013
110.70973785703018 470.2855858105952
299.2443051998916 388.65751619015526
216.2191442065725 46.01988993343089
381.46509831881826 420.1545279406287
345.4471773550439 886.8241290093108
40.75858446669035 63.16850969422376
301.9719296861539 573.2348345339504
94.39939141454431 687.0369093498023
435.2556943909568 229.474891169395
578.8751743919414 947.0787720291135
673.4717189990254 184.6164480541784
970.8913013363853 336.7952730019301
