objects
792.177982518783 696.3523694972722
211.31065155715027 620.5360932309421
207.45839023163612 900.3735162507294
182.37334866852362 470.9770294369235
853.2760227708283 317.34687936628615
301.729694961371 537.9364552408149
117.92039104061557 738.6283246547032
617.0024089467786 769.7123773511609
939.642473259959 565.6766733861789
888.266870459053 156.72698694321286
374.53459081001006 900.6251105234954
494.03801834819143 881.7166671731096
652.8826362002364 373.85721509588177
562.0584244042561 87.2289199132039
640.1353209565979 529.273183461807
116.31309172596667 96.5070470253915
533.0647389252265 666.7456815936877
446.0142464801623 65.26640354157142
554.1904384412865 241.59300059080627
276.50340441249136 717.3493746129418
904.6288402225462 673.3322922172301
381.53579442494373 644.9910626347546
734.6670347972077 259.50801342723724
434.682351056192 270.3125932053645
386.11193180231413 170.40217309812428
821.5932584426338 67.18825371104693
58.1653432716327 940.8102444522236
904.1959480898532 875.3123354930474
268.66818082959657 319.376153930885
728.2306230384772 604.4459704478952
