objects
688.6148672484285 177.55434986523252
731.9757203105472 290.5314469561298
492.1274368378434 68.08588225019777
313.49114071173545 810.8597937619496
600.2351709266447 382.8988357176716
914.4221538862719 484.9760166914174
263.04732219767584 212.67271615247154
114.55180001162088 364.1304359920855
150.7346069751143 509.76539650443056
521.5067723055398 467.13954511859214
717.7541929184113 457.0069126863634
628.701335100038 812.6301872992093
398.72475558918865 520.7992616309302
699.9315854661646 692.0088537327864
260.87152877783706 350.9649015107945
269.5430210243087 554.2489294578788
880.216542771233 831.322695195081
443.7399276736475 934.1998058589065
917.7479055859404 935.5912398908396
468.7926386208868 686.6500540816345
774.3228064793077 903.4550826725172
515.5269193600279 849.5762636049451
558.5227387130885 201.14265169673675
90.13773734111805 682.7060965876307
789.627720430569 626.310493708506
858.6609932766261 338.301527953638
882.4993243879571 82.29048027180893
101.9190775134895 127.92004344925115
440.13539298012506 251.24209391316563
156.0787794796397 248.74127184447067
