objects
867.7450982078319 120.7147300942786
461.3311900406755 254.28913568826127
231.626419411199 430.4213658993366
396.44022356076937 869.3025133618178
568.1461540184631 824.2754781686839
294.103644376938 698.4212527460954
680.9013499151283 528.35308803518
67.20847298347135 103.69532198831718
743.2680530500851 69.23077050887335
493.6370618718669 675.510722930925
886.3642843478694 827.6761277927901
773.9631873415522 375.037422912944
569.4455845865597 72.86205594551896
450.2968571128272 572.321197052855
842.8320068213558 511.1779011105038
70.10394584429714 439.79495741757563
493.5690140102965 366.78426046971924
321.6420714196484 286.61314583443124
185.7972139173489 820.5726624252002
774.1352289415611 603.5008993930506
620.3123821777556 419.76525895514044
665.5772733322061 763.3103252485996
916.9017552198723 602.1836436814564
573.0270025890364 560.0986187591999
57.45882261247639 803.3531668547133
571.386497198392 205.20350428302555
161.92968575119852 539.4762648458797
898.3692865977234 264.48978829668795
726.4465010378326 200.3152388558195
347.9512399463787 86.98381308673221
