objects
676.7122448282357 506.64031695542684
431.57968376701655 815.1746585960742
863.4927503465203 397.8776532046408
773.5629952914392 679.2582103743223
129.4221560213497 666.0947609645727
331.29976842584387 696.3738844123129
821.3498565476355 571.2776176327477
249.2867256260456 806.4385189877888
588.9357772577557 818.8948470963045
604.1294017634522 178.78947169661868
410.0544512188257 362.95571359532875
159.50958881157993 235.1886339251081
942.0356805847123 629.2987731970726
272.9365740590642 933.4256310357306
505.9110026647806 901.6392322485601
536.9671996234368 671.1841114146982
215.92691360351432 585.0561582072733
728.5210112314554 109.6541160428483
154.9950757290744 888.6185398039166
613.6501360237066 319.15211262164905
431.81291536166634 489.12968051471205
78.8740955241218 767.6328926004785
425.39849239964116 182.62008194637167
729.3144949441216 237.3582566278729
88.3469188594403 319.3617067942037
844.8973333650919 189.23821679599828
867.8546522188186 825.6456392234683
234.69470334798558 345.00040094981733
705.3685722819738 869.8019107419734
855.8908104701956 76.71914818333755
