objects
970.9979301232396 718.6296062782942
364.185986643495 39.229592203500104
848.0406508110249 709.4490593986918
284.1979475631372 108.79836400541504
640.1771816904098 956.7321439413994
531.6937720639881 237.42886766813947
916.4059318480996 157.2361293238744
588.5149014054435 952.8141671628878
663.7797441522318 27.41708395782728
604.8553755396814 431.31481599379737
312.61453389114945 702.722616215686
261.29439692802566 682.4040300474522
250.26320354028167 535.0398702887313
520.7339763935739 749.9953466721483
532.3099436410988 373.04033543912885
386.62445148986893 151.52650782121904
460.9872078081253 143.3261503413156
342.2598281053148 308.6152596052885
651.7527633226906 791.1844132531993
28.11019939673745 848.7029282814191
305.354330387976 754.4070611458582
803.0294891883788 823.7791093776291
159.10401314749987 612.9619144666747
156.68277029749194 146.09156961370175
618.0547112249646 632.6886615591744
430.4656222737697 62.77252927382222
261.8051923327521 745.6860117928492
81.78162658098708 780.956562034249
915.7166500837199 273.3980465836691
902.5285295685247 909.086261467988
749.3114697543097 48.17643200833979
575.8012318331702 765.4320440284786
287.5266389715084 876.5572554916342
508.34080196451924 905.870944772461
305.04762558636986 266.60030845363167
108.51721907464747 404.6951879222858
169.71007591854953 856.009657086528
719.3679831419491 801.1428617989571
889.6902486646457 363.950142858683
314.1900796462612 85.50113933482757
283.6382608891848 341.45936915122996
822.0201406827699 607.7141007487178
184.8967206490635 37.792767486772476
412.4158741229744 359.91596530187667
352.88266671704815 573.3800500363103
149.58391619832273 569.1881374077227
384.7655080500786 231.52697098687563
112.96123766296563 725.6403279578446
832.9703805933985 979.9397877929105
864.0396910059334 393.36692530808847
67.06603016952724 681.0560214038729
939.1438632056369 29.815269396386388
824.5657372425145 281.9557551998734
324.00740471126187 619.8184414288021
563.2429941080395 611.971915760885
90.47968241148288 88.77636014953404
646.2024272135526 401.4075463477634
761.5257580692208 510.5694306635484
74.0671469311227 902.8393309429454
903.4752116886292 739.722259716777
21.026970079079845 407.0208911340024
355.6258108196451 690.5340111914524
783.1552466031361 333.88608954728545
561.8539617921234 25.51276729195319
282.526043222916 923.2403784956296
216.47255361663397 538.5999486206248
727.9865325344043 472.03788763600784
605.3085378256823 176.5380337290462
679.3418243067368 827.0820714058677
188.529305982434 893.1404437776354
736.1318620720705 596.3893373075408
701.9283248895736 28.08010121076889
162.26638371986303 820.6782429276028
467.190658668198 547.7135195883717
891.4899477677734 228.72604457843053
626.9236232879491 537.147172031814
236.98399306931307 843.7403753609997
739.3502355642679 968.2499594915149
266.9419274648555 260.7947750288885
394.7372693549366 867.8014311516429
120.22924258615322 925.4523745538277
632.3307823741515 465.7168801854196
263.7918783443299 45.738500351749636
25.80984926075015 366.82151678590276
549.8099810579638 300.365953451742
415.78498185574074 642.5802488557719
868.0746969237721 831.3743178473017
37.18499364300769 334.2929149605182
715.2329132981059 274.15777451251387
924.0037182601402 355.5271309907799
921.5236818989772 426.09033161909747
714.8991483347942 562.6637569385829
161.91983215345704 925.8295529568924
722.4605879194968 407.5625760723446
259.81270558024664 139.96045535148684
53.782750061992466 441.55487473755306
205.96708968487576 118.70219453963094
873.679331309299 468.28393285485777
548.2769565616319 493.06764268140864
289.8936313866881 517.3214635595646
750.8055948752639 885.9080914205235
130.2596484912059 271.0940933394561
178.39063911150683 417.2537986874651
583.256892691071 583.4395262543333
878.9313516710171 422.9064808941985
804.4657062311686 204.05599047039047
495.858100293048 397.03521086226425
780.716514151724 781.3872630477322
112.85012999247371 824.714150040796
246.4039051226813 495.8400575058378
566.1000033673926 884.8645144102037
439.4081948603924 224.879928634119
124.89904752251806 338.7176901567971
205.13186187423656 745.9393357107623
80.87355338948689 263.86422275250476
577.0691476620258 645.3394225161318
315.2138643833414 976.1988401596832
37.56749712704561 51.95784587530878
601.1628588307135 809.1799042571324
808.994554783189 478.63978084353477
