objects
69.07923344042013 237.69059962957343
682.68278320671 584.8077119695233
537.288566360683 613.533492220735
617.3955934714295 31.160305077309353
798.0720439772786 341.7282800376651
47.71297601160417 175.3652501298464
854.5844195156508 494.0781656246419
541.3282734327827 91.8093986019285
695.0368460484588 91.37903877233765
922.7012126689597 523.5143738415514
501.56267315940715 686.9825073161288
242.75702722951917 863.6861667007877
753.0679219984817 560.7645490921848
518.9256758406592 502.73354903427287
635.4172214055014 388.3703392827172
642.2601381331659 759.5037423962998
283.03629438637097 828.2208127294545
824.204375661753 685.0813940191931
791.5563144207058 61.79885317520199
618.7399155164192 602.3258149904693
428.60169250957426 652.6203702042671
819.5516216409372 971.3925095170258
783.9021831785032 715.0451407079116
435.61191222765177 348.5779545982748
756.2828894052359 486.7712968138276
283.16273279229983 587.0569079719752
413.53727891280323 398.85553232459324
277.31989522073127 111.02400348595825
806.9092140363775 645.044006298162
503.7129828180049 771.4644782307234
339.46456247680317 292.9887805673486
266.80796743759396 490.0898946342214
79.27326224835272 717.3505545157276
245.16128625557133 778.2906100069983
167.4612356518983 475.21295352012675
554.4285167289843 898.1047867381275
228.11388059833206 201.16852403268092
910.2963548855716 81.7347399849674
135.7704090066058 539.2800883875641
890.0943847124893 650.4701076490196
804.193871654839 923.9058737457513
471.2827172531776 871.2270793715077
230.75525447012464 467.96705049253234
905.7386798863924 963.2982339054793
191.8412209392498 735.1250498829597
425.9153678589567 921.313107058719
664.3727772851436 483.5168263700492
778.6006994867666 771.6329179725622
320.21416652017683 966.8092936453521
44.92098364416724 916.534727253378
765.8954693555772 156.7287947120575
185.36069692535793 425.40090724800405
284.44359412081417 164.30407838057096
957.2739562247718 93.09022704746454
175.92191613103813 808.8945241723446
157.89747674443856 728.4724378664702
848.1362515732188 905.8153964823823
129.72915057321575 879.4357702995404
571.5316253889806 122.23921000335093
918.1899264491803 695.6472373399566
530.8326701057948 310.6153998185742
606.4257848205908 146.25016840057216
530.8759654284589 954.4950228346531
897.040915951194 769.3573786229757
329.4171192499376 19.748969583554214
632.345779535177 506.4164138771224
115.5955836802386 456.65543028554714
570.717851921203 279.27129596429575
527.7847107844952 343.47643553603876
703.9471760769085 270.4879065209123
361.3675544053383 65.76924805981258
940.9199295253761 563.8441231033975
359.2037409395694 879.3401121474888
234.83408332286956 348.518865021391
652.8446938039142 838.0220582432107
465.9161143517881 967.3647192642135
920.8822126230915 128.24347212852302
392.3067542400466 311.0136515482812
356.5155797605585 530.5268270870038
33.510903469437416 765.4489512375309
334.95503713322597 431.9186988868672
972.6914071591432 242.71983751079637
94.63859162767127 773.7885853787947
790.8584635374369 306.9995289232594
975.7635718604117 967.7316378250222
211.77195515131703 135.70581726219987
763.1430166583024 266.4527413314912
170.98273969062114 276.0124760069885
982.9165383361167 435.0959325944757
902.3028759645601 810.1121122345047
531.4027246353096 47.83978582551936
699.8946471953685 720.4332812296885
464.7098881903707 574.5146525242718
945.8685483958672 153.60149079878263
676.8504253689449 950.5957211161083
455.4384211766411 494.2086452768663
738.1756501537527 233.90581853420946
50.80006280049485 135.5217760662077
883.9825764910356 889.1636199099256
837.1813681188603 357.7533778057838
848.1166180493242 121.53076786338897
602.9702705039126 430.0159841915024
309.35285536270004 746.5415739222642
298.2020545737556 518.0141263721945
699.3766474684203 657.4403178207831
157.20869457212055 336.24114836127427
476.8443874971237 662.428054461995
365.91899869167946 196.42856603670924
495.2230936506802 271.29634513447724
70.82686718300496 45.45559510504137
114.89084261748687 373.1578105004347
444.24480178300655 386.2037272640717
57.43842146045117 85.41798487008504
721.6782298875962 771.5740040755672
291.60565694594 620.2747349946312
108.81525166589671 273.6672431392473
892.6663426587978 927.7737857526562
249.91334682847378 906.8084180671863
568.7979595486727 570.9275093529665
573.1784333114899 855.5333321579767
