objects
38.20368380012691 133.50531434548196
212.53804476384607 858.9532798918096
956.985799152432 437.89840053879647
627.8247561756538 379.65525873971455
134.13554403599124 407.28490376571744
796.7736447760569 863.5020254238051
502.22042450731755 117.75670909827713
909.5362666172914 949.5571072852521
467.17861358993235 843.3856359681698
468.1836715640765 77.19659522520953
533.5259257698871 339.04711079823426
77.44657428875038 116.70190430791607
829.7667617991531 773.8246686007177
972.6268725102335 748.9752165669815
139.97335886683211 165.93705115243276
720.5271452686 404.58800730734237
81.7919030470041 710.9575781736851
439.46083382467054 229.9716308354954
645.123417500206 253.64645881783872
503.0662222719093 599.657368740333
711.8328897164147 543.4762883817151
250.56525832567786 133.06085758929865
792.8622770321099 182.98760462494087
914.3846825449781 355.67606307628176
429.2220282514379 518.7288397285231
323.28022083411065 857.1569162260762
288.56071080400585 559.615952726608
334.5525886949886 475.42729962929417
179.8330409961255 459.75190462006617
465.4948604992685 568.7398029497693
434.79233065978184 765.5589508406684
549.5566705746791 529.9780201835711
265.3608603036457 668.6043450163813
933.1636557245216 541.3043450568729
909.1992684132558 493.41047254527575
695.5824021062028 352.06525127753497
932.24534955592 769.8120687462489
109.96933355716641 817.1912015148595
351.16511818372413 87.06077028996995
710.3989949871268 647.9583542070994
688.0309222349209 392.6859387693226
277.9405558935357 417.5026922892135
832.0281548906798 441.13311966721153
216.57619786756504 205.5858814435091
359.40054043600367 684.8721348207184
866.9843072715113 929.9582758839456
370.0716554737292 151.10997687525614
880.2691853660514 292.56974995526286
763.565799926025 859.257891979966
730.8204670182349 18.013468266340677
871.5474382650257 867.5490319107495
540.4474811053791 674.7956486168015
849.1773102753561 67.33987957591214
939.3409787973557 504.7657276247999
535.369686128642 276.8629400038119
876.2868029154828 188.10991193573471
108.06228231246843 779.1363922644617
213.12597177765244 667.1463473171153
402.97310268633265 173.46576894463817
837.4684322614328 611.85234716119
658.2727471886933 873.3517237130151
717.1195182386175 825.5843847275306
464.0024228166285 915.9874562457377
384.7157489388567 763.6421721070822
257.4530702302224 468.4590875150257
566.9302183317517 123.4647849241623
170.7586825207347 381.74882526521316
796.7524215319927 673.419334609618
358.5641605311373 218.38577128665307
609.575597375612 146.51468527808734
292.96571881101875 627.7831616847214
691.8248959660123 61.39443797561959
51.201673123307195 754.14735565554
895.4624004946489 235.0923849182058
144.25330064002773 605.1847761817622
113.83063878842472 535.8824675184384
779.1289657244562 333.44131568160617
131.0584690294995 75.02782686066571
740.552443408212 288.93603698360664
661.670010222692 960.342442260583
917.402229517827 74.43101222051459
96.80554560220278 72.36786814575137
183.12137301859312 832.3156196046604
376.6706795678128 904.436899932519
220.52688447115702 432.9264126169922
700.3007986673844 696.3418404278689
545.1945124979381 492.47147375329695
747.498466795132 901.8214938484265
918.5507229126846 842.9358151606394
791.770317611956 54.61322732234098
865.1549816958105 258.8285247862673
308.48281931692884 195.70975389380547
769.0586317652425 118.72598910515043
551.522584297362 434.5096987355188
610.8430630753888 653.3733916599614
263.83541000619283 298.06107346672735
546.9995293586745 808.4621419754462
709.2949692409976 746.7240261282371
931.6335386531575 979.4438410873478
965.2629225689906 941.2538275328984
294.6983199232181 19.526973239150326
429.9488145397341 453.54130770027393
648.3748148216476 581.391119064492
156.36970813037433 26.933195784380224
185.29937150559917 720.4174398880675
905.2195689629673 624.067222444019
455.93608232197954 179.54011905551133
464.0477055512407 662.96344478658
740.952446345471 786.0645433596525
928.4854936254333 142.36645273713106
506.26620523005937 190.99425917001977
934.0117669326369 470.9905020326158
486.0060635699885 339.96076651781067
959.5404058265866 577.3887054665488
834.8509409970698 509.595487133755
275.0557467087098 927.5904710206256
436.3867871234469 127.33119941403814
487.87548860311995 522.416455119013
288.6822618698864 479.898614901837
51.93530008591333 484.3476360446118
