objects
578.3519702226523 633.3056695789971
127.73797355461923 661.7141718778242
715.1535271684465 799.5237811107169
478.30590483005966 709.1736964721115
652.7919273302336 407.38184110254406
528.0944729374647 367.3824589293643
409.4658578538002 139.09583721697973
769.593582821518 651.5962734986225
378.1703898604635 876.6621273385235
944.3166800138274 357.29828095758967
252.40718177880646 264.72776058080433
627.7932728419357 964.9550636408436
362.4976401809883 199.8018675490132
933.9162568247918 602.3434774251868
756.6134605944917 330.7181827092785
143.61236734719606 516.3802318595186
221.59191406963896 472.74766385360624
60.17658038040002 71.37960936696314
107.64836907482191 100.51007991526575
159.8041674463917 787.4924697006435
374.0866128752845 696.6801645613793
572.6645595363673 818.2926431744689
292.4176940756471 279.9092053473742
559.2043061149159 215.99358334346056
511.3602204528556 68.47836538068438
657.4987390082572 652.5485635994912
943.1098564498693 633.61781945233
274.30230655160125 731.6067626509264
376.52740417267734 330.8969043829581
712.1472439543746 562.5211223328148
878.8804710131302 125.58985290591212
205.52142889922013 675.8003853130074
100.8742745594439 314.1996122823829
816.5910695689677 30.612370417776436
674.374327524332 355.6734600947354
979.9049331913327 98.1736610736206
609.2100910224111 519.0847919314035
583.3248919967439 383.5650745729833
963.2758527164304 921.3345640040411
728.1906303554126 679.9611651397963
237.69868459466778 617.873985915358
422.1268409284635 441.14900533243804
145.69946383682296 818.8421139748563
732.9685576861361 630.6898300835101
401.418374923227 203.53522174035888
442.441802680348 154.4037185420815
964.7269262330431 282.47864556139973
25.631398238166888 185.876155577821
906.9413213434697 632.2601087205583
867.7426494695746 333.2467060816873
59.469671719686126 458.60761492528457
238.13897732917636 978.1261444942974
972.8957030896445 776.8852664633517
493.4976090768534 839.3199443441398
623.8168425427361 39.34606709048062
607.5209540510799 406.92853491401456
174.1591221520841 150.61260417185426
864.3602090484864 819.5059329844674
313.07476846497894 21.941245784527595
782.1634253563816 17.13175792888415
454.06052186622554 471.84327258972905
31.578233402917775 562.7085650636001
273.8972255568138 944.1096584671515
308.45571523750857 786.1067569313146
237.31938742020915 337.08270123498363
293.03771433178383 61.83060738364699
70.5314715266809 256.1124400737831
734.4705206448978 140.54018205583392
467.71743593318644 431.68110451127876
672.9927677747336 576.7989902908083
18.309290263417832 289.9854574558672
427.8406396283613 894.0943950969348
442.97839026265115 340.70831372806055
869.9946416888305 653.7084398493901
936.4264840904194 834.680952838914
800.6625076524547 113.35499695972294
630.901255189 286.5611558863418
739.9888194573936 878.4941220326084
664.8985404445788 189.46355925432746
69.0540705512566 982.4952048402683
60.208918766063476 174.71175614082028
345.4064174647037 611.2744857379203
494.52446974759147 951.3019184915065
699.1395540212911 234.6066726023699
887.4430236211143 917.3563353318152
689.338564470614 759.810198485839
233.46825828864965 372.6552967386725
50.69594360511752 674.6527392725776
874.3416780507165 90.8675696933708
927.0087307504637 181.55765591799283
515.0932491262475 173.02952349227135
768.424435784511 790.980858908366
828.4459305760058 383.50992347508765
535.8925483318696 309.92555701010133
194.2482026717449 521.7026064765826
446.0624135566181 761.5991713053813
888.5809931344728 561.1744320525808
77.16615216699907 756.1415886896025
932.9707490229124 951.1295875818274
654.5664418255993 321.83186725128445
776.9887991955691 363.001516124835
794.6658366323071 203.99559849177953
389.74161792248947 249.40745595080367
830.1068070051007 688.2774339261845
214.76577325825335 136.37565911930815
121.81321268711179 925.4169390125288
193.8926742102497 811.137691632692
444.19493652129916 243.87568024759213
593.8577506585835 222.71348568164544
379.8188340811216 912.9257063994846
354.9156211190561 47.8168710113501
765.0478793305467 528.6140659003038
571.8038529530533 280.7963168605601
145.77683375888023 66.9194936801759
456.26384368730976 72.11191524967295
630.1848851620674 346.38221595472913
686.5916296805703 454.5924964610436
835.9863235193205 921.5359492365187
417.42946622662095 628.1798624902689
944.639766133378 437.89790102271076
