objects
675.4162268327948 460.06580924138206
478.65038443216383 45.394968594829564
542.0239797135954 394.46389645659843
95.51444122040942 746.0117006956159
924.1835806582582 832.8985221500781
364.6135961766074 701.6594556890799
58.23485137232284 518.5543838509991
495.435179987622 875.2331171256471
705.9672262189799 362.8506281607909
949.4370204949988 511.0185560007737
807.6115222024291 834.1466060517403
159.29637445831318 288.02942164791057
119.67753200119526 910.5775658934747
225.3034309359826 210.6877740411406
875.7577977736115 381.9740310642269
547.4065196431907 209.46210745716223
784.0410697553796 881.2562815039265
846.0168767461406 452.14008796721413
924.4811832812362 559.8794300507031
570.9779608053358 36.6666127286624
394.2055740508861 112.79633407214402
862.2049574739704 180.0723312685247
927.1701515208015 348.30701958254963
725.3865152869762 70.31095138157019
831.3591355562874 112.63170618395651
673.4851849722809 728.2412991610985
729.573844533255 919.9363217989468
904.8942564132977 33.13107031939548
505.23752872600846 351.18259542697893
696.9930342577613 122.70638722201502
918.3202940501983 722.4313487605806
83.5639245313888 373.7277445223362
904.9379706562883 912.4051526885526
666.6785237774708 876.9058818766954
589.7232514575016 860.3684472362557
636.9869142134734 764.467805024622
226.125792007692 455.9463412114791
883.265458193265 760.7029932995217
124.63197450988469 710.449317581024
620.2923990866569 615.4914199433397
767.0319630204698 780.0678590307404
136.43955277887582 327.7377384409678
169.80542344038466 659.925054513555
644.7612313791948 166.06419884619882
353.1466245497702 120.12287778370558
379.9564162377729 347.26108856656526
954.837433867952 385.9711906563535
739.9242499803381 326.56845906459773
788.5976445165343 410.07154842287525
530.2679483000796 778.5583903882078
871.8567343193372 964.7092147022975
55.74616912689599 891.0183968672562
302.3986146833086 378.19529466122236
958.4288298655358 74.2165962246863
363.9653132392383 934.3770530736844
313.86503715727156 497.91135052855134
602.5902069235655 54.176784750692306
381.5206343152893 543.3427420480485
661.669548650646 690.8202831280244
697.5696301040007 966.5105878896842
198.69265409028148 791.7103837475693
258.88089038645546 562.2931266917735
767.6584952503964 502.8476210976114
450.86618962645656 361.9083572832227
967.5050051855663 218.25623923312605
954.4092567777626 942.9588268384858
549.4229485504915 845.2676110416801
218.05930551426837 522.9838614902851
814.426356096863 441.50538472001136
290.2693301597876 853.9168309314964
558.312086232175 503.2834965980269
574.303837531712 560.1530603936069
98.9668702695057 446.9201397152876
662.9215794087092 982.7788173024652
451.676312304129 277.3704673974718
334.4951338136336 735.9787213407168
515.3301530035058 576.4292402893109
770.7043373445576 744.8741714702326
444.82173634820975 123.39817923588572
216.08993448023628 352.96394977671514
761.896370109894 932.0903949358923
28.94624022100548 199.06637457980008
882.7026486873752 661.5299887020079
602.5913658225112 400.1485618825338
29.03894593379237 126.0326065950776
467.27845391063687 552.4958724255922
127.15540792804205 837.7533929496162
659.408981731468 87.3726872182493
340.7898269069316 865.0350369359071
528.0043044537429 280.45500804856727
676.7993543706152 767.9715917621013
119.9435605670491 37.43755501005486
358.60586401015854 968.4380961178898
745.4160736862577 584.6661572058038
218.3735702863872 698.7184455381265
745.223709164693 272.7683517063395
631.7681515563249 116.75160428722481
264.85086055151714 617.4022042672414
790.8526390998425 152.2734535104817
289.1396203710206 755.3875471099077
748.5273660101775 202.4486202828962
418.1401495557226 869.6982405642152
137.90183622313697 257.752838763074
966.052760981053 441.92563054623986
751.8066790438907 109.284321911751
204.06889844456964 309.5437633303583
76.68946381524316 859.9585417828174
428.78264118473766 932.1646837308265
281.4702995402945 678.2318349233229
116.36591315668639 791.968749992347
843.2064404218637 57.09036893029132
830.5411716748076 221.3079898248372
917.4584051155065 520.4740402686062
418.0194251199558 371.8380347815198
354.35832494724525 41.239844317504875
81.14672816147646 566.4833013835101
267.8725488058789 820.4718273195172
737.6320236848801 677.7708046618775
556.9718059628706 174.36585419227035
64.24695255618533 410.62718145709454
