objects
460.28938705321946 670.3098798900317
325.66554260242407 776.6135440225153
752.9620821250637 970.6265602440126
841.5442981909612 793.5145182026317
502.51421149225035 939.1436003928945
766.8326150859201 89.28798421905424
485.10462445870587 636.0731664167765
168.95955584552456 549.9608149593636
851.2496783606939 847.4641905786134
534.6239455701038 621.2765034612045
861.2679506529224 639.1572007151418
747.2935521325338 343.81407639306985
171.39943124994693 219.7102246850964
506.0761454328109 260.22362441844206
131.3573132626209 375.34143599627475
459.7024472619615 519.1309677912378
200.84128583960847 339.88726594236994
264.28367523152605 311.0161164071206
769.643484866183 18.664826503248726
522.0767169777456 791.9910614355077
172.12553737791228 263.46418261929654
897.4359786950791 549.8550350320231
244.7153440257595 162.0590303806967
667.7995708422858 244.09502131632277
897.9967268335886 977.853678982637
582.7748362660963 46.16235787297053
180.0903065729612 437.2034469182433
138.91186442904032 733.9070669719514
342.3105329898691 466.1716440477949
20.585122240455625 452.4788109623861
921.8941712874578 223.56907249232924
889.9134935599158 418.53986612507475
879.983398372769 326.8107681616513
90.71355880391783 944.5116366045029
87.9596325418203 294.9808777561493
733.6834040157805 250.218005645856
628.86101600463 493.3560402998359
282.00013805142294 416.30820713269554
506.40082765464354 729.1216584665251
704.2257710697146 211.45340102974706
765.7391323808871 444.19358609486704
726.6211670244296 419.6927578049949
617.3222285504767 422.2520904924455
711.8716846867876 460.68170716797715
630.6435256182714 957.5912730250363
347.02629280888686 726.8597404736831
915.2095084089691 97.6860661299219
676.6700261803134 820.7935583912104
447.0201508723301 203.22780517346013
112.5583994320796 603.4783423411048
81.76776416163176 908.2836461824006
847.7241542859884 304.40751754197106
864.185039708692 40.988089710910806
570.3708503435018 908.7040432571245
346.0720713007251 635.5177968717433
269.8466279458641 712.6952834535404
156.58483944794955 489.14311643843143
58.70174690130679 371.58232971791784
489.4864510106605 872.8792087274868
665.744427631525 18.786793198794406
694.1306075118662 685.2938304677031
789.8297489001295 233.75134189040574
39.617448768696434 490.92147613085297
454.557887132581 42.37698008799131
45.08592417502526 418.7981636418208
778.9585465264174 316.22308929649523
932.2740309647397 437.94461775364874
603.6330215456991 909.0081274296522
578.985625136852 625.770566934725
190.97388673314884 490.263301193601
421.6518110476371 499.38303298353543
925.1522808862885 798.0622882417591
684.804827369909 426.03868866495213
78.93434853452533 713.211207801759
173.98818196315295 652.8540374203656
612.1245556311115 773.2617519099908
977.2922921102519 639.1578210021586
501.0998764526369 486.7279973976803
308.7460624290593 566.2425646970455
194.52375578250823 185.32355690892715
624.7859541958691 378.72008844322767
88.24632008640128 674.7371246810814
533.1495772576367 151.41699900251882
132.85099867443256 88.26095971727895
114.79083282574456 488.67663754747326
398.48032498604783 153.42107771738043
813.9456820723005 359.820773188884
455.55759989015684 929.7981117458355
246.55761568021012 595.3038818650937
632.4407200389177 241.2728476677714
832.736038960944 135.2782057792932
778.8909786934381 909.3415525682474
935.6342858053683 581.0272455917026
742.9240385330775 821.6976633909907
181.726109520297 42.47869922878944
490.04772518647815 969.0809433397652
926.7969624389007 908.6458640669636
562.5314290660895 300.51095566737035
630.5119128607298 532.1624547071012
279.46762027076306 974.9121489973853
930.3068985295365 753.7184022775915
212.5113858104248 122.94891386783499
519.9464114070892 227.04506207069892
856.6342214906856 981.829201745084
338.84539278059 336.24993979481405
533.0691104382835 954.1305795273961
165.59212034525544 152.91297604570963
561.0334357021504 877.8594429694359
230.16501162452482 82.36132563962178
485.82180490986184 101.35651815914775
199.75918230561302 929.3050444159346
381.0259999088093 790.7247945714541
42.48804799629761 946.3695454081101
45.44687931462055 56.828515946948755
99.21989324078874 105.03004583602208
177.72929249390458 80.77604957574246
495.4783731343217 198.6056208350172
554.5612789094133 780.8080373069273
39.274570491886166 813.3692734642367
602.6985089944692 651.8752455985797
