objects
543.7825096526275 36.49967612987756
357.16139032478236 382.2524008154438
866.6164556134112 526.8448481344946
260.6115329900656 315.0294792949307
753.3957742686653 305.9427076392802
819.0221407314127 845.3727776229431
669.1800892508626 79.95969103636466
79.54889654395046 981.1083670862621
872.0481384639708 308.16543676616453
496.1925617994154 946.4182589751545
562.6213782636308 154.9523016316899
276.3771316406614 56.60571939524374
111.70871282575152 734.3554656173392
304.4883682429123 122.01083620336297
793.7660000924302 380.32349712604577
626.1079231097378 952.195822979869
976.3035622737477 217.1265382004766
158.23683115064443 355.55326792505485
413.4415852503173 281.2850880595818
705.6635919703673 414.1666323792048
21.248538124292544 904.8539981940752
665.4104170306816 576.0486245445451
202.9814803631729 657.7824129564831
132.78201478176993 84.43009401237043
568.9156511870116 220.20185695973362
105.7415949653793 916.9813566403712
525.8824443795808 497.93443790568756
696.5401899662114 982.1352452146882
215.49697372338818 339.12467713348474
275.107645650627 385.66220594522275
685.1371716438988 438.5605811960004
924.7731444934868 949.9652699622759
461.63521906573527 74.32175184720643
846.1633747862732 392.20271661106847
146.3436619098985 620.6956429336713
81.51754514076359 100.7712353675443
769.9532532081386 773.1385470090959
119.34620190332922 386.8988683031312
395.85469175288216 927.6439940714184
638.3211352172323 822.686212710912
109.71614048450678 882.3506394035327
646.6543961802026 155.09413275675942
767.2312982404122 222.270460193218
95.70663825300497 176.70960607432906
385.84551270790564 222.24057727923142
734.2965234319868 124.12010973650052
201.231685960914 369.8469618624808
696.9448332058895 105.40459592088558
765.2925056172592 966.1264392520426
587.2939931500293 810.9470965606382
69.92089264857503 483.1344344935121
931.778718494066 35.98298900395313
585.8146793701376 188.33692838374145
918.63504953838 178.85424263429076
945.7478024261253 727.3470823938496
139.1030402934192 139.52934266069855
773.3509886211685 411.47895635091885
738.5436994717853 530.0811940310055
744.9320941128028 730.3638852240225
374.1847210951777 494.9961921596782
567.838385098087 301.70908750842653
906.0546274954555 338.05230969590707
676.9877128906396 166.68258820647512
424.5835385994898 315.41445490124255
256.22496575666366 281.8448706427075
502.99444962054287 77.35834930230185
549.0030781649765 738.4818596325642
745.0590803187494 180.4368241493531
461.81254030745237 252.38256188376215
492.8392598071576 656.1529624343344
270.2198617852441 907.2604492986222
205.71144094161673 160.8982930999745
800.9285966343016 316.7739967560636
213.07428350096993 759.6597089899658
808.1437766490936 100.58421361831154
884.9690064177155 683.2487735258345
818.1566979455946 157.18226638009736
321.5280087266891 703.6035598502405
618.8730408802363 250.38567064946696
416.01165914841204 54.67931112386239
172.98801466564717 530.7587624203856
26.235353910077112 808.5841016996945
569.311093686316 862.165849340205
880.0722679616757 618.663056357511
839.12938856626 689.436851578697
170.28772695858663 18.308103246549088
387.9872209436793 392.9618436392358
138.2987469383205 763.814221136865
249.82339693410216 860.5512900631568
922.0964308775438 492.50583889590933
229.45585162472355 481.099683862285
568.8382472012411 640.89340131109
409.85372553574854 617.5741548702455
619.835400981052 887.0664312181383
374.5274475014919 191.63037231650975
100.14543502267273 788.1315745967726
466.1986947613205 461.33979732267755
90.22750052323732 138.1781762086078
359.69556938472743 581.5576371881297
402.1777113131599 774.6377852565976
177.85222628507236 822.7267791187929
23.211282984236355 120.4491677532628
921.4117811053779 815.31052779768
66.3011498340822 743.9899337063079
225.33423914330714 819.5911034649874
873.5521915616076 781.7583642580903
760.1812457840521 79.45209146857985
67.23774069313367 902.1573690491938
348.9601844643485 52.953244918367666
78.05534218839153 427.09288002815305
805.5196273275869 732.5517574830951
865.3762464302933 78.7892136057057
729.9894707417069 937.486522141631
415.3523967673766 744.0254160777068
65.58884984668035 549.5805808489524
710.0176353368302 887.8985847045947
731.7163159457651 806.7322554902039
336.09830406541306 319.4759687210382
168.14466514029462 314.160730554904
84.3534603706774 264.83086909191815
