objects
222.05743280737636 394.59581022184983
386.4574275841951 698.178325165372
331.4487283293598 254.88973803387876
642.488605556693 901.4568991975618
276.08365736555004 130.50700626712887
853.4074212337365 947.2216653037443
235.5009686346554 35.93778177482245
739.469067366292 507.599462986527
157.8319183651513 239.00389950831516
626.1100001716139 603.0592905130009
497.3348245762629 309.63299533875033
955.9098525036501 58.271541137912365
380.4194612859035 128.15744122841846
856.7455764653478 104.1095825365819
172.8599414656187 316.24700974221247
683.2426491364619 164.5606336237242
497.04954030747376 900.3103902775056
52.66901458022038 603.4137421853112
667.4579544988163 253.93791878344638
119.69963720289635 427.13066389804675
493.0556223334522 656.477243340227
853.4734297873908 205.56852368379793
863.8857105260025 508.6938445183973
75.60438777845357 819.1263261390725
949.1265169416262 384.123488977645
886.1491787319115 787.5213844317636
837.8209016415173 276.8963078835893
118.14150061633714 524.4137633624207
350.73392088944763 762.0428259215581
189.67253661537444 767.8246971186622
36.4951549576541 225.91181133005824
708.0918236999246 848.5998387966852
52.24956770568953 87.69476501279556
187.901219274188 156.1636971448679
45.46814821741802 408.05651113334335
597.7082964638519 503.72070178976855
231.4816701495539 643.0867646331069
50.20564339884827 502.888866966602
760.9781666847754 658.1890922482024
321.4375879816219 45.515492901085054
53.98549462814885 731.825114738554
518.0247739356789 745.5905741278851
627.3636495290201 392.5371624244648
587.110891760245 320.40245637373266
461.0155277173229 79.62383263504236
554.1308113229318 111.16040628196794
754.997957123923 200.1812563281972
542.9415435070753 255.02543371327442
43.70167115132314 313.7543298372508
204.5272430801382 959.0227113370566
948.1652548584718 482.15687140511614
201.18758622899185 547.1036234954066
947.712641269672 861.4417337718182
593.4868442575979 700.8732589547817
780.7328938571679 392.5178708118962
732.8282679497763 58.55936581077341
816.3208822000378 37.583908101564376
140.4539204175331 75.46248906783387
512.6278550877475 435.0907210755816
710.5277541618306 379.0813186742261
869.8599655266477 389.85613954936406
359.8941889333361 426.1410050811487
103.40861001709392 182.55318285396328
562.9180907348388 815.4241427177855
247.86914536576347 722.4014075205972
354.2232639898471 903.7318430954274
461.12604647560454 584.5405697919613
186.46340219840476 462.54420528654714
326.7421688754036 645.2866289254131
262.5617860396127 233.801020496119
274.1351586518784 917.2839318242292
906.1848834378926 297.7265685469493
451.3532482504921 223.55629534558796
494.30649714948396 512.3973300975098
288.91694904265563 533.9274206709822
