objects
697.1477370044377 557.7868113231431
592.5571713192772 514.6323099178321
933.0502051421404 681.1556919969626
95.60660817189464 736.9494536474524
305.70843573739506 628.2650775477996
886.1312502089706 100.26377387668319
218.37661112488416 237.24207293537467
271.5053593786101 49.577028314357214
228.38538424226925 439.6218521505157
253.1427553492515 560.6773890351967
691.7158840857049 744.5242573267627
348.29363248959027 299.60034324990534
343.11603598905214 102.5981843666382
640.2775977583447 922.5771567416349
259.61753585474185 879.8984497592106
359.82154647688685 804.4137143283967
531.495013421874 197.2607986609858
691.2137032836789 205.55677274401245
414.1725661303276 460.8416169877173
805.1998756588807 844.8169679530413
564.802548886032 644.7741141045555
841.9073317467129 514.6922626651177
191.45908712074328 776.7377761163758
739.7116469481252 456.20000659389257
514.8080104928222 840.2211016854992
319.0940865313465 410.60966594759816
116.37684244515582 49.22631962707682
416.4951385950238 237.8737141049383
545.8562020663808 107.9861777101069
849.3502381148076 623.5025744687485
936.9163291528946 491.7429582897647
80.40617538991296 963.1346290664593
495.8550131749898 524.6623005341644
559.3104274100135 425.50831012880354
730.034176072603 957.0407632231877
662.0068706099851 661.8581080514916
486.7228662381991 766.0634959753698
949.4261161095841 281.3624477074299
836.1316851141287 945.598454616188
812.3034054098321 41.80691793847409
686.3345797072069 128.08250474391338
43.68419060280918 243.66011594919473
652.7134216455722 54.000919058822234
213.95514308174768 931.7603903743975
489.82917662344994 624.5113987705928
52.25647550402363 623.204412757756
454.6850784257316 922.1006921813222
275.04687827493825 309.0984906563603
689.8341890650952 343.8231927753327
915.592500387198 368.22327769898396
180.94204043096647 560.3376510835392
641.1232707853069 847.6827967968335
764.7051629300829 225.41456964594516
771.6335241139831 647.0850484211583
58.838845432035164 411.4985916393606
861.6678662021596 731.6416883218586
68.93505826304647 326.9452393882997
43.81915833264988 93.23737914848658
832.5493124169569 162.99643726910432
275.47593693300246 744.2489626739365
760.0590735115106 782.1134444127155
431.6786502046373 817.0133733066929
400.0178582426534 581.3480688791667
572.2689422205196 302.46979051141255
787.3864096018891 322.9084833845905
125.10329878392429 454.7478835815798
157.63112634390063 163.316064407564
951.2807264438178 817.246896749144
358.986265663025 519.9039552671243
392.63018741921695 661.6402488436793
552.5636948369298 915.4716658014837
642.98523798283 441.107442236517
191.12694997558913 376.2300484202314
883.7335294166288 239.9215264377924
474.35269429845965 69.44019112934173
