objects
639.132387162503 587.011714027319
481.3269949568232 589.4745291517713
877.3793099343178 533.8797164049585
287.0017591510897 901.676556745544
407.3367217158869 583.8516209099056
694.6279158970384 54.327439903459634
450.60737770473986 54.51379657419393
912.3560889352462 41.913751825396226
680.1339434232984 182.45805702012876
411.434196406989 508.1505881983382
931.2054464150293 702.6366565713548
842.697601780318 322.63907912267734
846.1702421467371 887.7583417459641
831.5881025740358 125.39524764695139
718.3978671048158 798.7695942310411
203.10362665082062 387.7546064881594
416.59214172493535 909.55446326277
192.27477742003686 637.4477350859167
578.8233606308505 874.9333773243983
496.635649425563 807.083756801146
563.2725799567589 654.9430572202084
91.88605560278276 404.60508710227555
151.82687292329788 912.4611189330766
870.9695481715643 229.12256039264736
724.4914857312281 344.47134728471315
343.33987237403056 666.4848293406537
217.18295920939642 889.7795619038092
954.4972946785771 599.3403187800375
226.29180603564106 571.0598724928399
635.8076559499672 751.1730800563935
603.9807432886778 68.67385924297434
55.171004702038005 736.3672360921154
839.2638061242932 669.0253969707834
603.9026000548042 183.33070489930668
125.75872142398426 807.1897653867996
912.4337535499747 285.18641970302804
225.58111390614687 119.32555506548385
825.3980261838722 961.1293996883232
187.02784083357773 225.79037853559936
789.0666493846738 501.5170091028928
774.3527563859154 202.21771201664336
383.8595063963659 240.89264433259558
747.4607276913321 442.6048093420345
792.0771704969002 273.8497945950828
518.3381728636009 256.5802134275403
86.78801355962625 330.2317598315433
80.29646322194607 84.0488094459295
290.6400086292655 252.57015333756436
177.70770052787873 475.09010437814874
107.75647244422522 254.9522528075335
918.1847672906098 167.32368066793362
311.7998801781929 426.33753876973014
101.2273456872629 175.9434216533308
424.4152879960458 654.0652841859477
465.0136594122557 418.2201450131845
440.4061331741006 312.56233949711424
491.2572081127326 937.1420167174867
475.94789496404434 199.08411735413824
521.7847411818706 140.33493460539535
272.67886518634134 728.0716389780299
800.0839233867248 575.5589974429654
577.0505926695727 445.1354401643587
356.04314249020666 99.30729942341303
741.6812315900352 942.1543620822392
317.59145948975186 323.122973459138
509.73107721605265 351.99446289668913
427.58266853695756 752.8835823593108
56.85400792921941 843.5537119230048
649.9896743706757 433.01873098699224
632.7471404969044 926.6432604306248
232.99462064536533 297.32741435852637
95.32165492956378 581.8308453850804
790.9975276287036 795.3179766545344
324.3371992683315 186.46696805676214
193.5503643159397 50.01632722320505
