objects
688.6369245512338 204.70103299578804
685.0666335523294 902.4074484767827
954.6463280925111 81.7805026096835
619.62434524455 125.17888064060116
110.27497518234318 64.80789062178451
610.2322019169959 385.015803670914
144.29033923029948 904.4862134339978
340.33285617174715 838.1621289366103
127.58765394424037 856.7003725661177
225.88150469260944 167.38880338340937
945.2203255284029 689.3813406166677
390.5885660082642 503.15639975707353
39.846393635749486 62.7337593978335
587.6744123294709 321.2605680389297
932.545717950614 377.5169225990403
466.90810865765934 881.0386214669518
962.4762334340382 922.1404162958077
771.9731917900539 958.8980064830644
161.07922640785836 796.5158141491644
398.2778142406294 567.5966215978656
23.566585678155363 758.5892421984139
409.0457719385467 829.394948700181
459.79019920713495 661.5384183317194
265.07630104160535 704.9566952642137
214.9479011321304 886.3312994417929
553.6602416055629 352.5035216496004
468.4189798422628 278.61305925153016
388.06529768512956 636.5369623876469
561.5369333311219 230.8432475434848
509.65581147083714 88.07554712471745
301.27504828816325 402.4915661237077
565.4709615617261 443.50088151255744
308.4910449276129 33.10061790616827
84.68618661419669 768.2089945017366
127.23077739832812 564.7658993134653
827.6236901827799 879.93159521578
621.2675945870008 876.8149468958345
587.0396499113236 651.6403700766855
810.7088509082047 230.3602730031712
929.4370216276292 329.41989980736554
149.3471412978592 476.49474551575673
367.1224209861333 138.3679724351229
792.4688462475013 176.40076621418976
339.43542846507535 392.536310651761
359.1583365346993 757.2443758439124
560.9266010094263 285.8713007262717
962.6088788256583 962.3172226853231
413.23082696970545 426.13677214598323
453.1728844319672 967.2537413562297
106.13638878472503 272.0788663643478
440.7653518913411 149.52281474755915
405.5703871274258 337.54888172355936
446.3819907201305 926.8272981825468
530.0676986074593 171.9650062009853
625.7154163809075 473.45104708303137
98.23604792551535 218.4447548554391
946.9331334868459 623.4092537782366
475.6602252871431 206.86656520250853
80.19205661439474 544.1431596012119
666.0972732347401 741.0089995997696
907.729477825252 586.5513890473262
233.37202043270233 655.4268714569113
857.8733267823102 257.8422347398647
28.60185719730678 159.21259172148802
189.53407039454677 288.63917799272986
938.4487553935195 203.84491211324757
335.9390594782457 288.03963165824075
504.25789097069963 422.6278133495668
880.198032061153 707.9415301138654
30.881255411754054 258.7014121602285
271.47897360689376 491.5188635543853
863.0493209388385 83.99865755423326
925.2981727926173 142.93450053768663
873.4321929497823 38.77380905060116
761.4580376426735 288.79239470284125
523.3268163883959 515.7996266290415
99.45780736779469 669.0102514862747
228.26632351028798 39.84305066569435
422.92438076970956 230.86225048767062
934.8962239829222 736.6247139692064
747.2026212169226 690.792467889344
145.26651737682747 278.3606951893302
571.0370037840944 70.53977053262513
504.16745840448897 565.4873992111526
333.23407887136744 448.2138103087633
