objects
130.83633139821026 520.6060821530223
203.28714851285153 573.6267855876345
761.9806681500149 111.62522746636385
211.91995000583918 316.5132608647195
263.71631045363085 765.5998653040792
673.5051716545831 242.0352730760403
330.2829231777538 590.0471628187378
812.1879774278683 177.35377225654742
677.9458127836483 611.7141808536587
263.76883716076964 641.643921423047
387.7305462225471 480.36192756315404
197.18564095057246 507.6529273161617
570.487708994288 405.70267828020513
384.66922123035187 931.4747334119559
430.23522236936077 369.0989870187883
877.3059692764396 810.9684193523752
560.3426805691182 845.1584360859915
147.562690522471 33.210358098817686
166.6256531231186 253.3888797927269
940.913258466805 924.88654889159
371.20853648549377 758.9479432992562
97.84126369570946 932.2584815874916
747.3631165104248 39.30179348376082
242.0622283003047 418.40362613089246
49.841822695365614 718.9868823501138
59.027682965317325 569.083319324514
47.61081660907094 158.85617087636572
830.0883420328967 710.7165959837569
786.6473023831966 787.5700129845293
749.0305785484201 670.0262293696671
900.1103757201914 671.9605168791736
343.38127824792093 166.4467412229653
203.84096312830923 934.5695698390025
166.45910927642063 108.11038498105887
404.5583889334604 822.544168475037
771.999532955174 488.14380833858365
528.7912982296463 602.893682557126
72.84742745105075 661.6391242017502
194.33175865303326 726.1457675613482
363.7375618922828 105.59249145326586
64.13998929192556 245.6235495838937
605.1450827196273 941.6423069683481
700.156024302485 526.5591914299883
407.2112760140247 633.0272902206437
935.1883508557422 556.8619574553227
49.264858322930024 81.53728408922615
806.3196955145228 541.2288221607976
505.8324138211054 721.7701575249833
285.0295629354125 508.7764294774286
699.9125806756185 732.6257590144966
765.2858959888239 402.02113125808773
844.4137282721673 238.57850472760902
82.99714015707863 774.0766212646404
955.5331092532119 64.49094040128733
955.9531861327032 341.9986090236589
49.111525658836754 353.60505315509266
838.3106901008344 390.18787591844125
699.3074793869127 826.6635742310948
803.9175071967016 876.7569706438624
446.47193402990166 514.1825653322494
156.3607747163104 382.87132656261025
162.35768601764272 814.8717509281137
697.9799518219647 108.27684582899322
622.4727939573867 98.83384006655743
591.7592539229519 740.4560437073204
