objects
394.5261795916357 317.22854061190895
45.07127307964598 252.04985276366006
767.5249681910353 643.4316846612314
454.53079013891727 146.0798979758423
788.6092724544864 35.154554840381444
124.68007264793839 843.9459133964116
435.05672681580205 706.0138531249423
144.53233853033552 952.3633724326301
647.7019437791153 859.1786718697424
538.1835758826226 531.2679572972919
116.56441767000504 161.21733885987032
687.9607674849875 603.7549487241822
65.34254133659327 613.3867642806389
489.74427393728104 382.8705875878442
230.2350231834292 349.5039182948104
117.36345999283554 352.6511163978421
910.0052919688297 468.97910408144105
240.61817335268057 865.0619340565702
915.358462926171 657.7087126290702
373.04736262475205 154.35655894304793
538.4171908538982 242.4651176330771
934.9893974539715 114.90318738573137
701.4561464749636 947.0107188686621
311.6641224997041 499.0937771842853
281.47962958207944 557.0472945843658
709.4755536765737 685.6898263212809
277.6271405028206 39.58470816345293
80.62245407634224 85.42063315596572
370.21930527731234 673.8598960333242
516.4091255311158 108.64877891123162
89.72092308709432 510.9166990873318
406.3568776506639 446.12392730847176
720.933917740573 529.684537571292
543.3348912068902 866.9622099204867
513.0911467808377 748.5057614136223
544.9293942516919 332.40480501715047
112.320619445265 713.8176017937434
478.5913192500978 821.4078177646976
145.51210928033362 237.30745449996115
305.68622086628056 333.3575566116119
375.8980935867408 570.3514748652331
958.9167055364001 392.4786667515068
140.03498665311702 70.25830059178902
187.00085545709928 685.1670697374427
236.27696780925146 797.4999331478035
414.3167598899726 797.1710198645038
827.7510255787864 545.2395842677422
494.3924230684548 612.7394565353356
576.1803657386384 626.5999668240019
645.6075298189895 375.47356662268726
661.2047697805655 286.5957884850212
934.3550229934066 180.468061800954
798.2976852924165 155.31347370601097
352.49643403614124 74.91474206377832
867.0076273748828 121.57051239718723
724.1041172011205 206.40305282062528
798.0910120306644 345.5933245643405
868.3650278130619 326.2406439168269
339.6616740761851 761.2730547486358
282.13425752785474 401.9468702941647
606.5798654559928 170.28537404863212
33.46042454789599 473.6185832145491
927.9893579686401 282.6256314545475
292.85702475618507 673.8775155129241
808.755726943789 242.5668398698559
