objects
869.4873583122867 138.4342078187403
707.276640429565 663.2567841515112
677.5600673791145 194.5307724592218
967.1200263159095 612.4593113538606
261.5294777167857 739.0211595298241
575.832433697518 396.67662756483674
536.703865912272 160.4786660164315
423.67170134327057 213.89726385781248
753.557595737842 588.7302043953838
407.5660021209788 802.1795211221064
903.6095484324948 896.8526739217026
170.99092185555006 759.0068862136554
703.9450067135427 880.2053743117777
793.9264803503135 811.1194994132014
496.55798093046155 368.81770658773394
856.3518744182804 590.9611280448962
848.5572702952021 202.09606364169562
869.241398704759 324.8317911443661
744.1281597025026 446.1215414718746
412.7805664193202 454.85631078470436
930.9789416634318 293.3238481905352
578.0675988374095 864.9803770865044
570.9470196020902 738.1480766255823
75.49360675716841 778.2687355504077
76.5112881431554 703.2063329636511
263.08874123135354 655.1469421666338
161.2108131799184 62.42349932278769
534.8039543826143 602.9899448609045
305.03664448253863 237.9246135248777
860.1641228675448 842.906762168676
515.7377160423403 660.8420789188293
514.1342478398456 61.042442523954975
963.3044569324727 538.4510794091732
443.2401406803973 553.5551260645083
868.2994150928612 37.48392740470964
585.637730555554 84.21438358743202
614.2734906430024 457.1300465177485
475.70885152758893 174.75607893408224
366.32079324900974 42.87481187646329
604.9465379266178 195.00706712638606
520.9251211125625 944.5640397186228
168.65311421029526 476.5818357984139
936.578683810399 795.3988713686551
166.33402359344842 649.7953193734859
65.88148700465317 179.81851061138403
51.41558535342054 908.2261457958163
242.41423017120718 410.23926070671047
458.057121970592 906.891678033146
964.1257756126392 910.3564985043146
94.63805360141133 78.3152443314709
634.5095714869143 726.4549401136562
702.5800922513165 104.47576071757402
922.5314596547454 406.74072564196484
718.8812961061982 800.2195664348274
326.1596070572408 806.1900794086438
363.15809004295573 501.81900266087086
131.47711698732056 202.31748022540705
352.39155895153596 723.6211684722404
274.7721209707278 874.1373679545644
829.5086658427756 937.8693972638268
491.75391823765193 767.4801360011136
789.1560264626272 93.80483491164084
664.0513060186715 412.00168988725886
825.439905320675 401.5154485954977
395.4281761398374 680.8404116478533
