objects
503.4642594180011 921.5471609959851
768.5877205528907 457.9626486944356
269.21319855279353 200.0903485182148
644.2078870210551 897.3743868057802
690.5912133477905 521.0004145360232
946.6862021699494 58.320122862346075
186.2522796733272 909.4542394657615
764.0648425442491 623.3286421122044
347.4643501651106 633.3272833805031
277.61837657990736 528.0984573372399
964.5724300160738 199.3024950923244
536.0347582896446 529.3000753670088
125.9509205141736 194.48835787176088
377.30686655177874 386.4260620182962
830.1460450332096 607.1665813736834
398.3431056673135 892.7199784629792
158.7239903194685 275.9161984880592
677.5632069045869 967.1970862743319
840.6059609673193 718.2321231965523
71.59356255957893 352.82662395911933
106.35161673038861 936.2772407662529
526.661473798569 391.64893628536146
747.2322085093018 784.8195353772122
442.39993849110635 577.188468432586
333.2162313780298 570.5485809454841
966.1867730067025 819.8801829044345
272.7204198116477 414.50784179147246
213.5396847551863 70.88328416326605
598.8960731152637 164.54775518315793
31.51060945551699 168.3161320549118
881.8709810865905 125.57032511720547
896.539580266978 233.20517649061102
798.4506293556079 64.42320556819642
844.7013677946484 461.4484778744175
70.96707788947072 640.861566733078
636.8922068034088 718.3824615012188
529.137951993 275.0491396155244
627.5893022742093 326.1062326705854
585.0147630959731 433.7027558186543
449.4046465967388 440.53711809967604
679.2440032407486 256.6982202329606
130.99016342013778 501.2795797438456
555.3560541251826 840.6622612731912
802.3788879837383 819.309422703356
438.142014476388 640.4580971177338
47.983476105324186 293.22718165129595
87.43263027224988 787.1890799838443
925.5863252728069 418.5000648975336
344.3225011677402 936.2969214940166
747.194731023752 361.6592422629892
100.35731842248302 118.7662067260935
501.170351364151 769.554049342253
442.53725349478526 363.0108902391125
741.0252501567675 233.99334092209216
882.274125925499 510.2496591000342
406.1683209988036 961.9640830930009
671.532259084847 107.8009916674288
300.9430474213337 267.98854710389236
696.7390165146097 173.89448108610736
306.23773465464274 833.1941120829571
142.4953605470876 832.9475189785519
530.711776631487 85.21421834999038
644.408122448695 392.28237763852826
280.88463335681087 49.26862775270931
819.5408746802111 924.7326282303828
