objects
606.5224217211781 362.84239379746947
279.4540933117275 675.6314938314891
915.6472670350962 400.389921514137
955.4251967686018 781.1972547302005
540.0557341311575 193.98101008011895
198.9840786071427 877.6279013705638
187.36953811230802 483.1145997347589
443.0984781737302 456.64985780473603
408.1994912013255 177.15658143631333
61.31612832226213 984.3957673856722
522.5003630910197 487.98175197627535
931.8452024799325 288.7323204748743
691.84650844891 319.7786883530326
163.4734104093697 127.74290090095629
350.9513926128051 152.06060862606677
490.50750099521684 534.0952264031986
689.2895882678555 273.57659852217336
609.045792217791 687.8912222657646
272.825548448767 362.6410921597705
275.6415341214821 41.55202834790595
239.04983397863742 166.55055417836618
435.1853557593274 364.0915188722104
879.2691142741924 38.9343889096683
874.3689798198454 869.9684367808671
558.6980279159548 968.0037905603454
80.45608790753445 744.0688009914808
18.884256812423242 751.6627426251299
854.6710319694026 587.4033678704039
133.070688347971 39.8355103422795
300.52557430596124 359.17849767405966
167.87560903926297 333.3304140079194
593.8139348274964 416.3950373389751
300.1610425642613 211.77126676012404
376.39577913376195 768.6868685300157
655.9010796117263 943.5026127774644
724.7086537242026 180.0823456446188
926.427044773181 478.1589210763622
858.8124053544002 215.58601979928
957.1236014733378 31.06572383068567
529.9523556138407 42.58272785944603
553.7496645625992 488.16366968830374
53.969419639492315 893.1967435514648
247.26036563035575 512.0899772738769
686.5278823195443 564.875265447068
973.3041874633444 353.52769123215285
893.7746631824855 566.7701234352556
369.828074970645 488.6274057135089
661.0735874885524 153.4812895564467
565.0336646961197 271.54273450894885
666.7506818706389 66.03210279163689
115.71149034016359 946.4099018915812
347.8335207214911 979.8512477445091
855.9035520248772 504.8156065155694
434.85039253365363 630.7565492308389
524.686499245607 225.68628600713552
392.7662965783347 914.2238940315505
45.33483484281874 104.69471413381157
392.4660347840376 696.4075613299809
21.763575612821786 461.9614265915634
159.57858475560835 763.952489864685
682.8133028778946 734.9592958397711
389.7082697661052 598.9767811448644
214.91556922749646 412.86411270424975
170.52496571175345 25.4136817650528
921.3180261917424 703.716992374697
568.4094422392847 807.1012728141222
912.5288592873329 892.0921544762588
459.08927917405913 296.93345040849164
349.28156879275787 192.21437914374408
70.42881077528355 511.9061273618884
104.27063756072133 88.06529705449746
451.53566753199823 663.0872718024777
219.17018352207657 317.9145498993923
223.94111314154947 379.78690934244486
224.02165968827094 462.4799156292715
104.31277069658398 815.4011456947254
219.25250264234765 841.584092980921
152.38366663821446 195.1753808179176
470.7505122633989 901.1080865091715
784.1095803320517 347.1967829343301
539.4134777441642 875.9115393739125
936.104288942629 584.0840209502397
165.03839966062526 429.61050682605196
875.3563741882557 524.490177371829
143.88036298777618 502.5777421571019
652.6959119732696 396.84132336239304
802.8217874105552 964.3261808438014
48.056340015511225 745.653192298331
418.29900261281654 961.1365042562145
705.367417390546 474.82084258664815
202.5471097390443 293.8421952616281
897.674522712453 247.68829368649426
106.14556955171669 898.7205350996626
126.08779720444028 262.36191274807385
814.8597684313959 541.9503574075732
246.53737730600847 717.3410556364751
166.67770790147506 719.0374722335005
612.1604319593979 907.2881410910819
723.3787992363654 943.5818319810732
433.35785881593614 22.691766296867144
937.5436112666241 637.2436616661256
245.82234560815553 882.1241608822249
386.98012661116957 218.15448848301475
458.7607114336327 185.40612928716902
319.20159233413835 108.66677303789805
379.2159981891723 291.1272035155903
265.6769920896371 631.1535736902509
638.8937072627706 739.5630869605498
774.4019136583977 483.8474796499374
902.4568080661103 936.7560999950355
25.85645853912241 859.3459956101179
226.73335135782105 207.20554023022038
172.44355924436525 536.4482961776232
531.248104733749 804.555475281442
280.7133338198761 469.77454122029
658.4442367094013 238.93473465899095
465.3503980237353 52.11051645654196
476.1263930658021 619.8118861444166
940.2222874204994 330.9247451739687
141.57421184994763 851.874232156401
60.89890294180991 358.48914532323505
514.7151940634166 433.54071946515535
635.906583555574 557.0354840847237
841.7459752129489 89.96313826215962
913.8999629565006 974.5279605376579
339.57484426151876 531.8943581038386
709.126936365504 981.686581995349
682.0552032512047 435.53303119283436
136.85910059526773 789.8394082777745
335.24764172488585 30.2384463919335
828.9836789618998 128.28836784675576
412.7723931117917 734.2651127163109
785.6556452940964 545.0375022580116
202.3660149721602 680.7527597896112
410.6324104423312 444.22347122318314
482.2169040656967 459.4214265006179
686.8563253266494 693.8417732794055
860.0032458592776 163.63336121508192
36.954899583143636 514.8946488288966
255.27870296989056 847.219439356035
769.4939100772843 581.54407171678
181.84701534936917 918.1010668703535
69.66233805735975 816.6435975774333
26.252738437550825 333.6688852711001
633.314589183724 804.073208456142
129.89623230147026 170.853555488423
292.2477922397601 330.0146375827947
967.42476665474 208.83410578486533
893.035131272787 832.6889903870612
318.8093927930126 916.4271496571587
743.0981930208998 456.98404809654477
928.0626387750449 252.86643658928236
373.6207670619238 877.7972591039334
318.2397348810341 760.8918284295689
540.5945381203985 720.6594803110914
461.4207661106607 247.60525470919927
262.14638434563017 238.10477112808763
139.69408311225018 335.0418559937594
17.354411791589094 178.15209503957064
478.7905988776417 811.0925088217383
