objects
906.7500350004326 28.924193391311874
498.0654348067533 57.95554851384264
903.837460039339 624.5146097160444
699.4522930296313 224.59797263492885
320.5903742842849 376.36314705667445
834.7575769372734 460.47374626626925
874.3090720349135 447.5593043947273
669.4864235899489 598.6619922388265
265.43522881767205 416.9206025777501
445.6329404393994 476.27281905210845
769.0022594138859 422.1720742028486
929.3633944654869 518.9660440072925
99.73509123888714 440.8388171228644
764.3781827256475 896.9625358067979
855.9522130599781 823.6806522432926
281.9481764207655 552.8834273020186
633.4032514580986 438.15451275848613
574.8269597618282 777.734780908576
348.582139315097 377.6728343945371
489.82572061213017 115.9196225293907
705.0449081211219 91.02655241945853
967.9886689678499 650.9926674166342
885.1203389502048 70.90291816105605
108.35208560281286 276.7941660007611
939.9826308373939 680.8124561880692
103.19252221129796 145.81274112181035
445.0034294682305 601.6402834836156
950.2941175489087 566.3143105768324
147.01773495409947 838.573278700763
143.446961707315 194.34661582451346
336.9180619954722 892.7326456865289
303.36107804804755 985.3879292607214
511.8083901024796 669.9975862078878
395.83827095873266 717.8775480405773
971.5312726273621 822.5538746761234
350.2250072309428 322.0666115498674
830.718601233776 980.3444369012471
34.99276292928756 217.88137675683316
443.9925545258602 15.644902234883746
517.0089051854994 160.97930177252536
290.7166249587697 350.0218883582824
259.8843109972682 754.9690697490411
667.6692999588356 638.7647102535432
932.672018120223 74.38336272554216
44.24843049389853 507.10914109262865
944.2638833167535 241.92025001354864
227.00965497870493 853.8494792716075
314.3608800903379 804.9946582428349
174.55828005494402 463.353726174286
718.0438336733224 603.1609625966582
221.9919644177836 794.2939366850834
519.3700300217762 238.5247340637127
869.2564263123804 321.91404003961526
195.0969192766939 596.6123766313611
36.79949122092081 36.427201459472094
355.9739413179359 450.80875667070495
661.8505221680099 289.33668436241265
195.17881655941045 533.6876999622702
428.4668709758709 278.97595784341075
367.3082446987189 792.7575644999289
948.6195912674926 408.52281862999683
882.522836010347 810.0597981174687
437.710000713882 819.4874796695354
595.255561874182 854.0907857798724
512.9201901877449 496.5527091014519
555.9078252948078 171.2439618648879
944.098830702321 895.3566359900228
882.6616918071794 524.9761539989938
638.471334439433 197.20335703057648
664.3604553013647 793.7523147548202
79.1485228560851 107.2768375596951
314.19749414306034 296.3468705131353
749.3872268020439 189.10329158617373
873.3323051561582 381.2892984858904
769.6812900193322 554.0057192355816
435.3570653298487 138.32880677493463
934.006177609574 214.80800999894217
151.6572126078913 67.62352192440866
735.8570630288093 42.50800125236663
267.37731274272903 115.09879445384094
132.3742343223535 103.22813255227922
825.1506456350606 114.14596326906026
325.3780114552097 442.4994706578615
610.0356813245035 235.24271491562982
246.72137889813897 728.3235426694122
920.9455837618256 930.7319339774165
37.89607778526307 758.4976290585778
459.7574949268602 337.9477205223967
581.8970298880877 500.2784667019336
801.0212835687312 277.12433927303607
334.48602379144796 656.915776837869
273.2140108349427 304.0194164016616
206.32352886086844 296.67646280198426
525.3295488427822 394.251147197106
909.2446052920062 357.3587108496223
272.12280616428046 918.1867515368433
398.50150549282074 669.7001011107086
158.80786722730215 738.2474325801342
452.1663074797804 43.115698355794315
14.255992944093936 366.9666505211813
510.9380201485439 303.90072740056786
758.8967007358133 942.5818358951349
303.3372190031606 704.098869217861
701.0143305892085 881.9883050730353
202.91665988748753 565.6116559974311
170.35835696360223 270.59039438435804
178.6923478861625 714.7156740131645
794.0561188869256 404.6430285290553
676.37781453525 754.5654059617194
546.2742614917805 843.0428943275438
196.17275044292887 361.972579878119
746.3656373844977 972.9325335131921
248.64678048214537 886.9554019061557
688.0393707387412 508.4011572585761
384.21430958648233 85.75722676325834
599.9010014190009 897.6866394654636
873.6833274935565 894.6656097384584
480.95874309559775 953.5577319086428
804.9369002953334 25.52749367023496
985.7764481563382 239.62605905938523
97.29118079477979 920.6332589818737
291.96066724951504 755.6679547420554
549.9238055988336 944.6283992101123
556.9149384280718 213.51207744469997
279.2895635881974 381.82891329280875
637.3874700608461 381.006210477068
396.38831931021207 33.70983467055376
193.95194960086772 687.5118992608112
831.1053321748333 542.5726950239691
228.202466375428 27.89332826471685
143.45925990641507 139.32655844833124
182.13861914190034 87.41496870990882
114.25389680341559 956.1222125006007
187.81722737014235 404.82029799427403
159.611280708943 929.1784301531858
831.9853389632552 507.0821957064866
361.51913464563256 40.17116791512294
828.5841365527941 718.266122738849
142.86585766644163 783.9005438353091
635.8214549732496 75.69696986345726
380.2770111194065 880.4287271457006
819.6463969188113 317.23775934228206
756.3517398479897 769.1107940133817
747.3790234440291 15.45284180544289
29.128022978445138 273.4810798862233
285.80270360749137 194.24718360034177
327.42006609929945 478.016174249761
816.2812999851884 879.664139380113
404.27648885272924 805.2494817516904
62.32639471927536 793.9646669235888
355.8722292655929 576.3254634402199
158.27429731954905 659.2676677945589
261.4565543037111 252.19008183600835
442.3559091422167 948.9007971619243
386.9915243249411 967.8528898566999
851.999175112295 688.9323458276364
479.0121088919537 563.979639253028
713.8829527339374 735.1370846457486
165.31559709785486 897.1606106171398
548.1605529637737 891.171717899198
