objects
417.7838761607647 529.3717353005417
292.65464501986855 324.17561056815
644.1714576371762 484.70617962073726
323.4420068311616 399.08455546227276
973.6262471016536 241.49981135412693
602.5307482114733 20.77373631726281
385.8241088377857 565.6690435178191
272.78328816054255 681.8928946098571
462.348296757018 776.9328767730963
613.7734965038925 807.8020655140373
146.59117809553817 337.6237991612818
977.6625955168945 978.0223045562491
497.7225160647296 455.77660816278876
654.8604841050465 44.87778462975231
584.5364157495121 693.7567074692103
228.61536899996415 978.268526122125
631.4218570830266 751.3659023498569
815.2925032803633 93.58786905690235
37.24242666320556 183.81630941952432
425.339445876754 842.7714880015444
521.1585836141637 532.9374956571154
664.4390892867198 729.1605286785882
277.7620887134307 192.1362721125367
593.170471305045 338.2810525468773
894.6591709471788 730.6305289360613
282.24112922376116 890.0933954850708
896.9182168632615 774.7782323792425
919.9419829925216 456.92488755191295
733.6733096121278 693.1136879851808
23.353295539956672 900.7860512816156
817.8014312420663 870.4954547150938
224.02951252049644 636.1304785693638
903.0571855668722 560.4785206585764
363.94856861966764 489.8978156647407
36.95851924744166 581.3509883844963
382.5446552722475 440.65415690116663
257.08902772897926 832.3804929257955
187.32881836397988 92.86016963158708
31.79328061315507 635.1613391018832
620.4865184118344 60.27419397058571
178.4874819157129 666.1715839811252
321.530209943678 107.74091254712484
588.7229779722248 461.64252372153044
697.449200527581 145.5945529093357
869.0047820113675 943.2404693211146
929.0026601402296 795.9300002218437
576.9570325681826 571.8051303101379
261.10522845496234 470.00573953052555
674.77832821277 839.1971625239273
310.1596787732513 776.4096394487151
118.87367011125389 231.2110187601644
50.40737601089218 955.0013015809817
120.49266144288855 271.5623146840655
280.6278584440535 353.59684769935046
696.1592357977778 420.77143328471135
914.5049626548824 41.74068829011763
27.25811094991316 98.2011042581559
207.98354221574706 428.40735367252864
727.189812604584 63.57099519858119
405.44197921415946 761.6274939413282
550.4717552676772 174.43793512410298
179.90662159456988 371.6865392484486
245.30937585429626 528.281272509665
655.8342138769966 372.88975500799285
633.9030064369872 574.89273661295
93.29224518907033 330.2760516064165
668.1751100475478 421.8743512687389
607.7760456787928 277.3640967739969
156.87336047144524 883.1301425162919
619.5262738182423 416.0181600513699
211.03931609266806 688.6318824575233
977.8410573649466 375.59948488921185
153.10793408175365 769.6121103670976
553.0781530032446 336.2231901475647
90.7126056398887 223.57505335481162
19.404832375227343 54.078120725182785
21.021712408401925 447.15861987558293
891.9230341576351 854.9871516578781
235.81954033164553 664.3709919455075
249.91772828881273 97.14467926037898
732.5196605699377 20.157564201086927
50.935717057100156 656.4908520898065
966.256493137491 183.5373123626209
396.13873481566645 982.0941707570837
378.52778641864217 903.6183872852888
453.77574992808644 188.54961331532738
662.5103626650928 757.5063739840062
952.5936373599101 267.82998540220916
622.2693363002473 932.9505153481355
772.4384364663248 464.4700079588457
812.1503266185431 510.03990309241755
168.7209797061319 852.2836615530342
693.862162509512 718.1257184274598
251.22762464719145 373.9871439525923
131.3767114342208 963.4942967068612
298.1663339150624 280.4269453543746
394.5339491151043 179.2586331362643
450.7742552458917 697.1642100467965
803.6588559835435 286.7018251517399
78.61886837386699 693.022781557984
369.1442806699732 741.5208953415564
307.8952810779084 371.62154766780174
664.1053790520982 617.5080089527133
86.67800093853754 621.2925209150387
356.38026162264924 529.1408124018457
28.849297493133804 480.57610603723305
205.5810822393641 209.78470809803784
867.8316613925703 69.36948293458082
342.44121068993866 243.99991031674207
776.5511409769817 107.36554102708465
468.1520972990334 927.6525605388715
697.4341598514864 237.16816309827212
759.5536911697491 937.5253819498485
291.23941782812926 844.7692027531753
926.3468110030103 938.5284093884318
416.73338892502983 474.556374640156
405.07280736385366 368.2941304468104
913.1869627982395 206.35415375228158
661.4512283376833 180.10584142523308
51.348582451643445 830.7457085008009
968.0005351775792 50.8565759432955
884.2393773932746 695.0866109591894
593.6597048485141 760.6027581401447
386.0929588725698 258.862836199714
957.6070901011536 534.845786007063
557.399846037814 517.3905767107823
967.069499376542 469.3416427672915
119.28418642516091 161.22464760473972
358.5316012371619 935.9005189435776
588.7785384903635 257.0941595848664
276.7056111631205 617.1882762971774
388.55644034485107 104.65591216875698
724.4465583300191 504.3392774312502
442.5781116907599 953.7578017820096
699.1051637509814 388.37085564543315
593.3512423430068 50.06706226600714
789.5917565783703 415.64259703403167
902.6290997067919 897.6261591318782
844.3750038870198 309.741782579147
848.683331595163 793.7275218225243
353.41590892096906 119.2337659913269
767.830935696796 134.95506145615528
219.54758940163995 718.672554794302
153.95578380462402 925.5796216639441
346.15718994659244 690.2090997160864
233.97409164982815 156.8292839257236
131.2112942621104 696.0142824315731
362.8168554474775 162.3315524788767
691.7788331690634 333.90872609095163
975.300748032931 898.1387840858364
811.2863438686549 32.49540686151842
800.0691471500343 753.8172561195618
972.2554097019788 711.8902817008411
14.833148865898176 531.2440532245716
254.2796289469952 581.9927592631404
507.4340226576892 832.9800382256101
583.4213355341011 150.52674217585195
889.3776724404262 969.7106423849788
297.73460764590095 151.72755947768192
872.6843058129499 668.9108980926953
