objects
297.98705503502254 201.5671048200375
272.73513680575405 242.5351099068535
144.41090133417993 513.3682072640056
246.11301249145956 128.67625124342322
144.95680687860755 48.78895932148879
173.08247408320867 153.1578623115335
746.157775250057 373.18120086005865
327.3028436062381 298.9299855081407
762.6033616680398 654.616479231485
800.7620792966698 961.3717675750049
762.7653251850348 542.6430748103228
210.78287900558988 172.273122555767
394.1105473733115 480.8386690052042
602.4298743295947 396.69060689197653
122.54005443781656 222.43474469602782
80.69042547976055 312.9850904704493
482.8490120569877 670.612050888962
218.90124119868017 671.753790808702
357.74005360299986 447.99096186464607
682.1143589605666 617.6850879990761
941.2632404283663 212.4305008142984
853.9982715343169 73.1965428298313
699.1696429513343 318.35404821406945
919.5076385225751 480.79618264932736
412.2956074169828 339.35070405380725
313.8383458688807 894.4940601976176
454.74788302145856 916.3529289948675
763.4842516057887 294.89649461700577
461.4451022225052 409.0670968927839
286.1275540693418 484.2053260141124
724.0796342860281 863.6563323209983
280.56109415590004 760.7986505990684
567.704409872148 238.36999337454034
43.58159856946486 221.22175573331089
440.41388287810963 430.2087372363727
369.6741161984931 276.5657141643027
123.27559900573341 638.8359422847598
78.53995228868274 355.74012689795705
415.61310999116023 761.7725258151889
230.210373893712 204.8637515320874
208.1046322481171 118.38561083042389
369.74351963904326 183.84228879468728
835.489053498278 946.9379292538483
289.03384054782066 694.9620643176962
978.1546277536227 120.08004540937215
881.7153324224811 963.4778878933025
899.2065964136782 328.93293563358804
738.9236776389688 46.84728325639682
727.5986665484734 724.2225266922162
70.10370796506196 258.14732782226207
180.01069913563214 943.0643240013375
670.3726319793545 423.2669387343122
902.1137481124765 435.79157114726627
72.44830780142264 446.29945954329577
39.60789676921613 945.5940911990425
694.3881831667604 680.637770450943
294.9783455284903 517.3640971391192
19.710418045734205 316.10446051768145
35.1937038476514 831.5059892633857
325.77853565741754 345.65203626192806
356.0140490186615 304.0864725927969
84.91611315226143 113.4452548325346
872.0465911186482 571.4381886933999
863.981005520284 526.0419578627891
837.072213955655 896.571678251374
619.6087875108782 567.4076895660951
314.5001999394117 709.6231785519321
698.0272870244194 930.9232033857833
54.525082663099276 665.4508842237291
339.5689427554258 99.3883376918202
606.4036414765249 197.66119516100449
616.3073759920476 951.7811480902521
471.9581742859335 618.7424226010341
764.8193890108424 932.0129918130021
549.2332457909827 694.6302652592202
138.55378733681144 96.80695537175569
552.029803210952 53.881120038207435
810.4738160758951 144.05925056096606
899.2939775527875 927.2874385747999
973.1199514302269 639.9122739239169
859.1436596305623 221.14164324678563
557.7247612900853 184.98792764150312
245.41482479899122 869.3060213806641
586.0653237482551 727.3969576312782
130.25111104848327 138.1133489052718
611.5696637272587 505.59787898660073
662.2671829645714 849.979084273933
102.20398797152292 340.3638024292682
740.4912124356998 269.47963701706124
946.7102816668717 653.9197755389538
362.52800006929755 534.0251735784291
327.54328753332186 814.6591765601241
412.72044266903697 289.15290595511743
92.39065222027773 807.1767283903342
381.57313299870765 670.9833717741626
45.1732906424886 23.593553760238823
317.3463043052466 763.9203059545365
941.6003871591353 902.2832358205347
968.6267556954882 927.36967655346
296.19037930214176 22.67795387746508
239.1072897840779 790.4402487721662
924.1794883956951 365.602399375334
334.3117125745176 606.160402975397
439.4193339387409 833.8681822875508
194.30720604870146 574.108323217341
903.1654046169333 25.995959202198122
22.760292601204284 602.778293082541
352.53708648023127 585.4026615651495
550.6707735760752 794.553375806895
62.479238953761914 571.0511917812518
595.4765491474343 623.2815957172129
85.55682259982044 45.039436080886766
423.913393644911 586.309957731378
390.7156959246515 918.0548258691952
392.03212723735993 715.4566928432954
182.35142691149974 642.8264537621994
750.0017739733621 203.43155279414933
704.2514026746594 883.2419206492987
831.6804145419591 719.2088761892777
187.44790876131958 366.43042107164496
149.97093350983232 742.4216119075776
551.109575148954 389.41533587212643
114.36650065115359 978.8020120806291
781.4904316829201 260.9551033100839
806.4874048297371 383.55293993280236
702.0413744653674 205.3385821425781
194.35187273043846 764.5918466157107
208.45799767835632 432.1704080394203
887.913432502401 786.9461355914893
718.1119739437813 476.24408275660545
534.0747785282067 448.7587350347139
768.9758535025646 892.4200858891572
453.30154703688197 331.2353060898671
919.4483331620086 818.8602385072319
142.15800143833195 847.5220707441183
732.2899868587143 640.77919723226
719.9334450753685 759.1568317999361
277.44672066397703 405.75397200508206
43.894734917114086 92.32099014745714
734.6602329766008 681.7224716473374
148.2332682917649 409.1021086683263
360.8784231995508 640.0396574726219
615.5621889661783 853.4061393543304
937.9730711432574 980.0797684344182
152.6590029940532 973.3217252412504
308.11243267621467 152.79151383678425
648.2751564053211 566.4513038875217
886.012936431268 115.02899169859512
431.87175342999336 946.7852451314105
668.798547180408 926.957180335217
139.54899170506536 807.8327174616027
137.77402322666057 710.3641780146278
421.49738327406584 900.4893015157805
331.01074928890597 404.2660011558144
173.84280984221274 101.68795116955445
234.77577279822992 344.6795204987465
376.2402912631927 68.57160427641493
72.10459718435996 159.81946698196865
663.1513316074207 785.9962042778272
641.5735797626064 619.5289656323711
