objects
92.7735169171785 889.0671713121959
516.4613912603695 142.81520929942843
910.2187501198209 781.2461273283643
757.2286505415314 662.5462756778693
285.1370072509558 632.3385402338739
128.74814632184848 811.5429729674831
190.77278253665222 619.6726040721386
49.05526744619693 412.6933804146191
841.1480742422559 549.9539286627806
652.9043256911249 407.75829385286454
661.1054517183462 514.7696991216415
481.20672115198107 618.5903936886933
353.37699323401137 176.62245982991195
353.06262925221193 472.3921579845772
202.78515001907945 761.7019712165082
923.4715169076084 102.04498359191017
298.4151763809421 389.6050003624194
264.0312192398738 167.30028949137122
609.2257219152347 727.6368832305782
811.9525151103801 803.3045732578487
680.9441597466408 804.7780585326374
245.43967153595167 80.92352871234604
927.1617678207025 203.64975550926894
709.7141789740851 312.19538901105625
944.3281631364932 493.78409575969215
542.5547902069759 484.51385678682885
157.4528185065228 119.23069946277838
263.73964042395016 302.8056716450024
553.8926333345895 359.49467992672504
773.1638103047381 63.4389641639368
248.53047230421697 831.2342445670026
610.1593168519335 258.5179656967226
466.545968556999 705.8849319547187
322.84046256327065 904.4716939903489
517.0571381448168 928.8565332450286
925.5557304965928 602.2345314269334
670.608858748452 163.34260872330736
772.1535410176137 182.37402978989522
703.232795588837 589.4630391462547
845.9888684340243 669.7813629082327
54.490209015369906 774.9513414777468
56.21845919888327 216.7443270176848
355.9362008146287 65.57490290026843
415.80159690592654 847.6660135651956
138.7775036838403 687.2248986734993
819.5568215064555 404.26225534530556
384.6533872787573 275.1362623954061
58.23968200730121 599.329142578136
520.8657229797175 258.9411430332213
327.35556462502626 800.1315230981471
693.4595916343242 956.8523722565718
448.58616992263535 212.65259434195605
882.8611060432734 878.7666491284807
156.20004153733709 409.9801109497618
787.0030477408342 262.2758782176368
