objects
888.8318909520432 441.7810420860487
700.070456668657 861.5819452936188
78.63945528859892 658.2577376168613
438.56598409246686 657.77811822217
320.2713126346783 943.4505769974595
191.58956953960728 534.8456112866945
282.9759541137271 146.75815074863726
64.78444786523312 52.25131619331387
245.2304596622626 607.5911672771051
943.1349066034327 81.82285117648476
163.286744859066 111.14959110813322
558.9970575977 241.49571106210868
143.4160701606413 817.6417246485161
192.7492816752516 339.6427462232425
811.9906361855589 819.2525474326824
541.2212420748341 652.9996698503676
880.9607724770894 879.2631882320022
930.2909035398483 172.1680801498894
445.5466516999916 201.35586220040207
165.2642657443192 933.9904499496932
733.064717731434 755.2512130809713
272.1736437304354 767.6452598619336
421.11533876189463 97.48656975514906
545.6973896345091 909.8573775241725
924.4018833841731 575.0027913752177
298.5022866522212 672.2151425213697
475.21811939914505 280.9738663970354
447.3965500637979 799.5227426733679
699.7140862266118 405.2857630656987
561.7288414990451 461.1804711285355
455.57415083856984 448.4341971747929
814.0714799313128 513.955501040383
825.3363662246956 124.58379146110505
136.40693899411016 736.0047288685332
898.5000485490247 301.36062060929373
333.2676045529675 544.9470451146407
277.09021717870166 51.16286542169266
111.32575651609028 558.8047884657021
638.0572518054882 221.78151647806925
756.0214012966317 231.80075754674826
647.84784302233 757.4030738244223
460.52733756480006 922.4136852417744
584.245575634964 832.4416700221283
253.69425144663595 401.3406886110635
329.26290790475764 284.5187582462453
528.1652613613529 103.04016112507692
702.1902018391291 123.23018391411011
655.694114951955 653.7791366662431
77.0167408305139 285.0200307886326
705.1683888212583 511.04188794817765
374.03263284309975 869.6633012728479
134.708620187783 453.0599777223307
767.0484453483683 350.9159686249842
53.960896493122796 191.18997508109987
564.5631398454441 544.5638508630975
