objects
275.8373981359032 933.6997181175707
505.95423405133596 367.8038350152474
67.62915815524468 693.6396476091088
627.6731417886716 824.2475689689968
872.3523591372472 893.5349957108095
204.78630812136825 182.59723505665167
154.89534786310264 572.4489346878596
817.7598952572471 687.3397366190952
42.4615149906393 50.37884450062438
710.9779714491871 755.7042094697729
95.3386052781966 135.4957600305642
286.82253911698757 819.5499221902164
726.2760071492654 118.6285248067598
670.4580157189508 299.69346628475483
413.6349141550423 432.2486093989795
929.6153510471094 145.02898360509275
193.96989796440536 804.7344838889231
810.1956838521539 818.7341272174808
298.9506154560285 458.62889906218646
330.69155455210574 100.69535252451578
52.118927435300996 249.54142925003234
944.0689431461137 845.0373077062685
486.6811916996573 738.2502572383238
882.2934338674887 352.75138136544365
481.8941062702838 875.2214860917838
668.8590557077544 494.13792439739274
917.0417663911616 62.454568616324494
600.9120592761632 192.42250038317005
112.02225793045668 775.6936531711941
456.6641793539405 125.51422657098101
554.6959568735385 946.527700377674
287.9020472292551 635.4321030280782
471.76929358673186 648.4611014559264
727.1060277586477 229.46342381322
317.74338049743255 722.9056648357666
261.4291267761769 315.6853000862854
128.98649557767865 340.7168147344034
923.6917603424828 531.3981108246078
560.5906244974917 49.67719852425493
152.49768566399342 687.7204623196207
391.40937114316876 669.8282656344819
548.0828648740479 503.07514554111253
834.9479913032295 591.1149114725749
47.947631699449545 436.40514007171316
846.7420501495851 499.7949243581163
809.4560894600771 258.697219356505
720.4224688607901 861.7391486262337
645.0468611189813 410.3743911457903
229.27245549664045 532.9077839405765
77.15084500140702 917.9533183471544
946.7623128258505 752.5687684581914
793.8783590321304 426.20343133133
662.1985711787204 603.0070537154675
789.5735786297894 51.45803356494782
555.4285289164877 649.9444772989918
