objects
889.9542313087396 619.9035104391133
796.8791987284332 934.9063125763424
478.45773055337423 324.55196337062944
738.4416662986597 485.95624392232884
304.52296881415936 586.8461980541113
796.1827604657523 592.5463893096252
443.42054716188704 77.89672886484301
309.6317023454932 762.9524702113406
355.23839411415753 712.0080925502763
821.8152414265896 782.8951442057823
573.5155512690468 125.23541736063154
618.4976645062237 272.50511532763767
502.6323464286237 428.49449077368365
52.93200023691972 904.7395075883181
164.40495303338014 183.4740366203212
772.0589786963627 394.01015930384204
482.78306119150454 579.7659459273807
659.6753902050879 483.6121527432201
857.7702865384724 933.5617834126832
837.3920292947322 842.2923268934252
739.0490081717103 622.5872646399586
632.095073641854 427.36867714063595
347.27830218734624 45.109296180852965
274.63252928761574 35.79557060293575
464.09171187686894 831.7660784277404
400.8027831616884 609.9886075402906
283.0786976525213 355.1993185787059
57.44764259834902 128.16758286721904
855.1428184472395 204.14623897430673
98.4541098954418 587.905749861704
666.8207171654083 647.1341320773918
806.8345514550442 61.200449881563415
880.580206878398 767.8678806539516
158.47766412252744 803.89717035635
110.69517661977639 506.05419905303
720.6025338771975 828.6298022674597
820.5972629574973 432.4970066679177
613.6709807859905 847.4447165332441
166.824440789819 55.92463651265258
106.58823640092291 38.156486421571664
489.2157232027994 723.6434503298038
956.4243384222508 294.57413969661303
363.3020924938031 852.9809885430242
482.03000058410856 30.645200050850697
657.1446896251786 801.619628665804
240.57179716812558 404.7393489267232
158.85468832214758 946.4902217361197
615.5734494806054 710.5421674849073
230.27134355240358 99.42866334401276
513.2572490469463 500.687917109884
804.5500103779657 653.82950203717
631.9818198749163 904.9408897469302
234.94031634397146 582.2965360982948
452.08269305333397 187.84671625633374
884.0401808239037 371.17154466980713
934.0415974550823 205.27450942590193
884.694072579891 433.8620637360987
306.21651378301823 409.44180734380427
317.8406946785773 99.49135524723155
872.9980913018962 505.5233790898836
697.7963910554193 743.3048122785303
88.06290081310107 685.170107131735
550.7735906696257 794.6489256557527
136.86154938842427 347.23497099638917
219.09058777065295 733.2543561114168
713.5461991862268 214.23182932689582
522.8001660997926 271.1056193191379
183.20291625512357 659.0688196492309
594.0093495125865 550.5246767641331
715.3131830290012 892.9695439050603
