objects
948.6652294415439 533.3377873913444
456.1371874079028 587.0882875457793
728.7263217181977 962.1780658300379
848.0766024286248 797.4980078429701
450.2529440017073 660.0747284698808
286.38400783618374 494.3456887737281
238.5281092731619 940.2951265501562
165.15967112935934 519.2993257762474
497.7576890830726 154.47165418757174
322.3108697568537 879.316927353716
437.8563025150315 874.459291959574
674.0515167645077 91.63594864061668
844.7330164217042 444.7559530594843
204.80078735699703 273.20674210004603
50.02791287261425 201.7062172963079
55.56607739165051 606.8213211556439
128.67327393314184 824.8597043495641
948.8759827988646 946.6900367039184
40.6002126932766 890.9435494292995
480.4704901367665 476.4125997124066
895.7517086543959 37.96403254700287
400.6321159671292 529.6051737302455
184.52115707434365 92.29608567244645
701.3731676577926 185.62896106755875
379.987563385133 716.9346743904533
570.6082419281677 911.6301321321406
921.6834565640555 675.4514631303725
466.2358368183773 774.8533246509925
40.39351201157284 757.6609615187788
855.5222085420512 150.36223803771438
526.5298885251383 644.0932093021308
842.8236826949019 587.6288411224496
784.5358474284058 707.1262150830927
50.63122228592441 49.383816216056985
46.872954121771585 950.7035630406431
40.08354200356477 392.3286099077708
545.8083398982944 118.6831498364059
698.449595014148 442.42831044216246
843.0094941211828 510.5519193419971
176.02640650934492 733.530715194135
242.8345723571853 601.1446980787473
123.59935427175176 641.5710790963662
345.5285044134816 781.5246404289582
845.1945450812606 90.0181438207918
738.4573405983444 83.68093869707363
711.3739899650881 837.6595490640325
653.8542715518195 826.5001108149265
560.7528314918933 741.3113018003804
916.8167039532179 163.52554080154405
501.3448451519573 863.1357339374763
192.25033023168933 435.568683789964
845.5941435629953 345.28383847624696
375.3619504781968 153.5492767436167
468.07963223953317 278.4332792811819
948.8876223629223 298.43925115387486
184.90920833128524 588.2845357560204
551.950609339691 207.14687222001663
507.88951456218155 410.2254394977389
399.3803079263074 266.27393764889644
94.61634346638763 479.4952173513434
618.5819612451908 533.3088955909045
199.4427724799747 829.8052465546336
717.9146356869163 539.7458526083974
309.8179196436127 236.95802341244777
765.005663209521 443.57269373359156
50.12682504545563 679.6450370424413
45.57903133044053 130.77032713751723
618.094987274766 956.30268325037
129.5267023852868 418.30875510771625
147.59519624991367 348.34737156771496
