objects
591.4815955475271 395.63185504105456
717.4186246296272 209.33989756860592
476.2827154049065 672.8996060478751
97.89659484838455 479.2610615145773
533.2412675166282 112.34192515397879
412.1357777822025 403.5895059847676
851.8980813803115 142.8235999712684
74.48265997220776 853.4727978160531
632.997926581438 604.3959958244857
561.4062712106069 568.8719967333483
179.23549126770268 286.92076902158306
55.951535004594206 932.324890409419
348.14854445845464 690.2672996032966
924.372071474758 716.7044797574948
911.3975240488452 316.7226216586593
703.993681887822 773.8278155079154
528.4334086891861 835.6914736626156
342.23825203548313 61.876533114987296
918.8926757098649 633.5261814170066
184.0235379622714 711.0048732635454
284.98366229919435 232.70461417693693
500.5554469539786 501.094612652282
453.3016224311916 968.9132626448616
560.7747371670977 964.5148115956749
715.8473041724293 470.79876740666936
541.8776683371427 36.68341483286636
653.6256372296555 947.0969188559294
714.3140583131151 919.5169357535179
681.872238892686 422.0346318783608
419.67201448588895 804.8235761306513
805.7863764425407 508.96517153329796
844.9596201667628 630.3795399083862
758.573765745554 418.3383175919973
270.8932621594431 831.030983638756
780.7409202382672 741.7727300277902
203.34475375948693 869.6749459207601
615.5048027800547 720.9539386799103
357.1955216260043 814.3303230057254
912.2507017095757 97.50235439525105
416.3551889506937 477.7554857170639
132.39117901815249 362.91733032135915
837.6668171182014 405.11289003796924
283.9404517618244 368.93932802063773
798.1204165092065 859.6394455137981
223.19113552513645 794.4215462919044
792.847666680651 336.6029343722418
703.2858960051486 665.9684604615057
357.4543014995718 320.40975870896597
175.4776963150458 646.7466992226704
717.1984365365328 329.59766860046534
866.2786778979223 214.10402273243864
99.8889730270096 78.87988567904054
680.8833813236527 148.9509041317783
449.3947447148172 255.99657943899902
767.0857542067516 103.95502206062906
939.7628678140147 900.2072984613162
478.9424154153135 783.7379306708943
659.5899019574111 539.5606519489523
118.13700406689438 618.6569656999828
588.1323391795974 178.95496417599307
48.27332159813884 318.54144541688
82.81580985962651 703.3773799400353
387.98433069926034 894.778455438289
713.3144726489436 58.43282757617165
254.44457761610693 67.863522844747
391.0178972689701 545.634318351778
918.4449460727548 400.2595380117659
428.76553248512636 737.7804740996074
472.9431465664769 419.96156625886454
376.89626315941166 250.91766027306554
