objects
202.38709633533085 327.0282528638851
250.72211071222785 948.5104119134244
332.91565152484236 179.525486718515
232.7124653519348 470.2745673152933
96.69167367993552 878.8624590267273
356.45668780364434 390.45002649902995
950.2281805074872 714.8355917181524
308.58438838028445 605.696843339915
795.8947433740442 688.6030837457571
281.6665709475208 34.088722570620675
740.6383529733167 170.221940023162
259.3766185786621 135.49571558939473
181.62810314986166 258.57155897956073
920.7726807635792 449.87932326344765
145.42323699377903 698.8298809039755
261.1064586486156 699.3477664088958
763.9760241435908 870.58830521731
142.9998399293625 95.28692464495137
418.6148628426111 891.5992083815008
69.95196905102281 816.0934232670002
363.8788368749085 123.93382977521088
801.6617910827558 375.18822231068395
681.3554298347024 218.52591393357753
631.5871105350759 610.2762249361464
702.4133343335076 110.14210870744529
514.9671865037042 111.45257234800192
390.32510109367 468.32543968749405
725.2390904007817 431.6178292807186
867.0082324965616 921.5418448699139
773.0196197144146 241.25217406143665
385.6898592908565 331.9661233561297
806.7835155582453 100.1061367348577
915.7064534416309 65.85100745473451
128.72076367030473 184.79953840764892
124.29751133311524 431.1929129218061
609.6989105647874 145.28405953870214
464.3564388992364 307.71852462246636
777.7826535061607 613.20863899328
192.2925651576771 586.6378370421866
186.46700988644594 791.3443895910902
41.247654357317955 376.95673444616307
609.7320385103155 965.3551344862907
877.3117503319755 230.4472695932594
452.11518817474314 370.84320437439953
871.5401111783196 808.1339133166528
634.6194899821669 368.46260890792075
492.52242680266403 508.210383925515
713.7535357004131 696.1346896654629
487.01691472471356 944.5087043741199
802.0311593053013 965.9370542075187
199.25053394671045 854.2373502078065
306.4189261848158 271.6665226641996
228.91583940318415 80.87546914594125
738.4620398984051 358.14985844027143
800.9873558578677 493.9292934790882
388.25979459276965 53.57055268966327
371.19142922251274 722.1793075821802
686.4275342244176 501.13442458762125
843.9441618126148 440.165352751967
947.061743421238 175.33805570850208
889.5699753810576 742.3214803964775
896.3607200842285 387.381440127142
168.62819744157198 39.5918340783565
290.87760454961494 536.0635406248568
631.1531452611691 31.949448162460754
541.7074037043844 365.5510148797026
238.46533823615022 398.0321803158815
244.5629004243752 249.66270957217807
301.13938591497276 889.7801227064987
35.650459966881215 74.87627903624114
