objects
203.0835049230761 423.79333768419457
296.9755098143654 404.5713422144392
385.1621773904227 892.0286363718291
803.2700844037943 482.7527640926902
611.7585120741387 158.57937761997337
959.2515728736247 118.27812842507359
153.6287829520307 334.5242323583651
761.4106448493089 406.42306738174165
721.4045558931409 733.967350838552
690.1078211633737 831.4472490133406
613.2839533135189 299.52041660124837
422.2306343830145 783.705594210134
856.4530209649286 690.9664261405945
62.569557522864024 527.422157106734
871.443822283894 790.0840505494893
517.3208092196055 548.5800477737813
590.6515953275602 470.1984624840714
553.5174493582961 404.0162804242378
239.40249577301125 507.30133694880215
519.1620650328282 452.8505793325033
199.033688819146 764.7903447344877
120.61493485879643 506.79474646811656
952.750579673886 774.7428053487461
57.08345084094975 887.4653970171721
450.91605569527195 846.4930973721864
154.29278215390192 846.7690355224081
767.8021618697021 901.777418149995
797.348196808526 844.2215598024172
597.9344698990946 554.0672642129229
688.1671537219157 280.29988721408137
66.45437666233263 320.4950473435833
297.0531573119879 732.8837209493573
657.0773745964165 396.36238522406796
556.5736053286734 255.784331915711
842.3177748986582 932.6814011479188
239.3264654842816 118.9303132460438
727.1957391767558 524.863664348871
328.5731079192302 247.9983640228427
737.1171328130981 74.59724633122356
91.46628750914275 391.19125377194763
156.69489221154583 925.0460405159113
385.6076963233737 444.89302437444445
489.27628796527375 123.94311479792233
921.578193023724 362.2038039569232
318.79714380938407 547.5538729006388
538.5144188322951 726.7609725748667
448.76613816852097 368.4577462801576
715.0784629310048 155.18635371161787
494.980291517765 650.8388237338904
256.7048230967723 584.6393691960457
883.7610498059321 155.80095251024886
176.84104449629885 169.26628763871352
860.0269722112753 249.47157942383956
807.3443601262446 749.9338142111634
563.1878014970315 854.1458980592408
365.9104715333422 387.87137635062015
413.3483594002403 59.76258779279386
962.1664276144124 517.7978336861869
874.0826741344639 516.6439917815538
806.2771020154192 42.36633652008767
135.79980233758926 106.1514272367285
347.96078729281487 58.29022912006196
635.0379734223769 90.79989164141278
126.58929703726719 262.24770080443244
655.1431627816273 465.7283925624038
399.70721949767295 670.935045822621
914.1119570235123 587.3400740813024
342.2563925874334 954.3541490959335
910.1943086437859 962.6790447676743
941.3824970568877 886.8132202284311
