objects
471.55237901692675 637.6381874252229
230.4632813413458 583.4671957224765
178.98666343819988 69.96697641617996
185.632895862176 809.9079516143642
679.9591330215428 759.0566915840484
861.5028036970024 539.1628730970874
269.126185473149 162.03221431777993
136.8003445512606 238.84004219368705
462.7154134295083 341.5266301038482
509.2484115449175 72.32593314427257
313.9984028879399 676.4396178482831
823.5406914603144 886.5638987232267
652.9514883540259 306.0195360870096
716.3923342958626 919.4566736690009
783.9657247418177 100.36111787706182
927.6342723385968 788.3957376077002
435.4363467601294 463.5279893072098
456.2360712730939 805.7972979599014
122.19513569266937 400.583889450949
370.91226318057716 890.2268117870387
