objects
979.1309284964442 716.7938643995383
260.75680837768414 719.6001980348761
939.725419258034 109.5997874892616
941.6754746086957 665.6582054285906
963.639664466577 744.9747872323017
554.4098450014303 584.2247293322166
911.3593795046921 397.491671119472
818.3743339760684 154.14609785297208
656.381821396701 369.89874145208074
949.8121083591864 621.2781818687374
518.8863975563268 898.757009408408
853.7075557865478 538.2291137906011
669.8915657511583 297.4083025452684
184.74900105985546 301.8062035474983
386.3831575718596 885.7570435621857
647.622121127485 78.7524597291416
535.4824529969468 397.9808572842015
767.253377165875 662.6497197478664
61.69730472404363 313.0565531813744
425.4745023758751 63.97759672004146
790.0489485655511 409.8833694258601
477.55173133951104 314.2072566267289
954.6561139649044 841.5965149751645
146.25267874731964 583.5752320921357
915.3879308512844 231.21805101606742
911.5745242052217 871.3354754931902
180.9953960664835 616.6177759938977
383.46021724293877 789.4662582470552
575.1188845527226 147.8729135750886
150.48247175336942 663.2534108289876
113.85383966463318 398.6061399101829
494.36671108693247 337.60960916712526
564.452713217077 734.0237192209105
112.37213163714159 105.74923001418985
737.2578812137587 581.503154282067
777.0775998995194 493.6168242871424
311.3424468789098 833.5911350477724
132.04354321294068 130.64564868512807
217.70455155650495 686.4133088747416
62.89602349623161 670.4061703815322
30.892489178255303 316.34331749589535
220.2324273437664 831.7147903753863
702.1920238849947 723.8515836135172
639.6682301410344 869.1381618745099
464.641171743442 432.55571033841676
892.0008216770547 606.3666460589308
984.0917255504539 835.7615879741287
202.61746690322335 424.0265738844983
809.3786030197026 956.1002330271608
396.38561967451653 692.5274645056091
266.93723535780947 554.701789567599
342.5832927625427 254.35691664261532
898.1020217607938 151.20074347921826
416.029742086234 528.5433934624932
333.5930186409979 222.3907029388252
116.61175515228705 854.5029319533695
423.68510121413067 774.9609044229771
609.1131817518523 394.786030277477
588.4079302289155 661.2691150951242
527.3264917993289 131.41067274911998
770.4212567588786 961.6562742134787
213.24446851724636 92.12913195832368
408.1280226721653 280.93455455958787
443.4341524058671 580.504181148125
501.32647633855026 286.59412758447303
657.435947559412 122.7261941451577
750.9701844485842 25.47089261496432
267.4621515187407 186.3010681787012
726.9284433397082 680.3016404232102
358.0622195748353 433.54147193227783
357.3594222375238 109.72079596225626
466.50089424584496 917.0677134468696
943.3389250159781 173.49618262086608
296.96910849053467 916.3872927555489
276.04709360399016 482.033313849393
583.0601160645 518.7068764106613
755.4731504595771 201.6319777046242
736.9696314367628 979.0730439747584
568.8162480600856 804.3647300571074
250.6115510783598 270.06614701174885
790.0372488305685 799.4306878868341
834.8061360315551 363.26612801268595
660.4593136093753 211.29460039271342
168.69083798205475 728.5547474492968
612.7404502140754 204.38070368318304
426.64234164851536 26.82953549606124
792.4121461193372 686.4954235937913
870.0855674210551 736.9634087212697
353.058319971046 640.4283151616153
780.0699554133829 128.10137248893832
851.9543308675063 698.3061619211778
871.6937469738583 862.230117685753
561.0695124155384 953.5588937334575
876.5277135880572 395.99390646153427
247.3152228174418 31.31826749287232
623.9537037423642 681.5821223983804
808.5558675278871 716.4037803643895
137.0175264898609 243.3020291804784
21.53209578637069 595.676912998643
641.9378353490421 708.7524291611829
693.7805676763173 639.2325365736624
257.4212657170418 802.4661377726723
63.72178026636389 257.91441514955676
234.83465202449997 356.0352582516976
80.93681783056823 563.2858111196208
118.41982592620639 731.5173547712742
980.5092568239352 460.4097751612861
689.2045159436311 674.7649240541302
978.6254198793624 794.0442685314493
958.0726893112286 243.49385463926782
816.1671332894304 50.581116778742114
603.6150909717767 819.19985999435
382.490877596356 562.3543851648026
320.51310011415416 34.972428638906365
621.3115977278484 129.70460407155872
377.98581880961166 518.7345854686314
763.8938301321151 163.762956551723
801.1501983966529 876.9538722949443
798.2828494517942 18.823377983201244
61.148312632614264 112.84560276184324
398.6874419569223 335.90453848951216
70.46791162088935 454.5664721697831
84.92591613891501 328.778821069942
838.2632222870034 332.78693839034827
164.69177820734342 388.9984289896099
322.0542111079984 383.30596587197743
813.0851011329112 277.1099312528622
585.7854776475141 60.88294338799754
375.8491378676639 21.876775035453136
771.9732760314306 877.0935923786174
252.7660260858266 73.44399557077382
69.90406829820735 847.7852551517713
167.01518586842525 794.6786626864018
871.8727631603979 440.9433240505465
424.51777826946267 109.86210614125821
230.6319213539049 122.3076084801183
826.7070858631326 658.6630736419504
693.8091896534664 270.57196446083844
963.6690001823025 423.1795054456652
813.0163421198067 233.54396916687247
615.2091193436713 932.4725630383258
120.12416977612189 895.4428897171772
176.88251244253496 206.38923761607225
492.919892617366 776.2928483130622
954.2095568404991 311.22753163818555
861.0293838497711 571.2232970939874
970.0751038801152 45.49981223678172
351.6213811125985 766.0986235078282
546.5508851269005 839.5688161437553
90.00425066980789 755.0164294688847
518.3386266637358 184.27150763219774
77.94993732053 85.22413453602816
740.2833508514732 423.02012802574967
985.1401104347593 661.2970096996937
628.3912516405506 423.5295408819516
175.8769432280172 531.8353652385723
187.89752622772048 42.6979901997515
912.3154746552497 33.756840130649216
321.81028839464074 464.37342855364085
333.35315282753174 746.2910362142225
942.7325898875263 967.0807810841784
408.880606034398 246.01733548264272
486.3551341582583 703.2529749233071
15.076077382462378 833.8671482727169
105.12703102515752 151.66134952848222
