objects
347.17642471010794 501.4733955091233
35.92461387753466 189.5318711656655
530.7912467843598 555.9736018108009
894.0513321787378 221.37744053568883
615.0558733513398 827.7722757490365
637.9896744651752 437.91383264968437
40.6942819977244 375.6966059853569
484.0946065157119 743.0979085742763
99.40100417799306 606.280280701034
735.186778813026 189.78864070041703
137.4578148867244 330.9013310164214
379.4139870071135 374.3068991684227
111.55446297766578 750.934298075028
487.5264774832814 964.2178968191752
961.3301352689434 437.1948383767519
595.677738290628 963.7479408234425
678.5635497899816 36.102353278085985
771.2714268292839 71.72110157141552
176.50285342344722 626.0733275315107
920.2910010048847 78.39747223652404
407.1899292803907 688.8533486597499
380.0831382327346 224.89096579470635
192.81258450578127 896.7277527278778
544.1702714574799 263.5283635359112
465.45180902596917 872.2175743727217
