objects
657.5537171873259 177.88310371426883
665.2332155410757 479.37242236638764
222.46126132457357 821.3181884977671
210.02011149417854 106.03527685607509
354.5517918076144 923.6656428710791
300.9936208526243 181.08884817646202
826.8195195422857 332.824979247806
737.669220214936 913.6233910959877
366.9477206555945 259.9172537948693
54.28662099783578 805.3212020722963
905.2450256559586 551.4345616454683
468.11153838044237 962.4154779862473
951.2946542685378 286.3443443534843
830.3475676961049 112.76232195994199
916.9378731369553 46.97845901004119
455.9220071446564 252.18559385240656
516.8979452971834 733.729463173441
314.37160500476665 399.5946569795082
422.18426010856007 905.3050777689318
262.3841180224186 750.111933865845
571.2082321610818 791.8514656487928
163.53870058095515 220.10828325044133
561.7843509531534 427.5065759868674
650.6834568167426 647.1633545393844
909.993515702423 908.0554858349524
