objects
767.9373938033661 739.7886371976626
486.0562267886425 760.8517337422808
797.7027539247727 935.4904243043724
871.0329588333833 148.41028443903744
65.6555316089841 831.6601239092906
548.1991022775304 674.8046128929269
172.3175398386703 804.1348810795912
178.65596779357747 240.35497995992222
110.60722457480597 606.9464122775391
392.7919886030298 664.9866924838552
734.1913334331019 388.00510688345105
861.1290210043484 642.0474952349105
803.7430589419167 433.4212625098941
668.161785121429 472.2636314289882
534.3228332022898 277.6239882580785
115.16335641293202 393.1447239698842
641.6546771058626 162.8657801076456
868.5529123543846 316.0011169597937
780.6774315884529 518.0629393949577
918.2166425482591 868.8340862531954
549.2992969924408 486.8460759562791
594.6095110066871 727.719022267078
533.6990808860348 583.8954806161912
410.1587914034767 516.4393503898718
555.1930321832805 345.2458350594085
