objects
385.2643532114022 759.8688542968054
321.0987422542594 380.9543134779748
258.4453901180183 833.0772420988019
781.2508389650197 91.28097233809308
530.3642346272275 126.42618542277116
443.7245071755463 675.1590694359221
129.95407287200806 859.8031711204231
524.8854638928968 790.997565002306
771.5015926054544 330.5851212732324
164.59538667036315 397.8928954008012
783.7629286101352 945.4128323862403
266.4012154205077 310.2842819127677
419.52963133080203 424.83076101334535
685.040209402918 862.4934155492488
924.1484008085176 58.619454000088226
635.8661252115171 608.8860663398531
163.27315333384044 193.58368804208817
920.7060259820371 915.4224546051997
107.20030929018922 253.50501520346523
713.6909541038333 44.5551279683745
828.3374347231497 863.2972705993186
456.8016272256682 188.7729159606426
135.13134054691167 633.352349371096
546.8566597564227 234.7498246375182
791.1820571260707 610.0672306088579
