objects
881.662285439947 742.4635554574154
679.9521914187972 731.5971853419452
876.449023541183 535.5363443409635
888.7977042912028 864.1371079696926
400.70104547477246 268.330002805344
320.8067156023668 540.2456786577347
955.9247514354738 338.64095474383447
64.50639650688868 886.4953796724119
174.05723807662355 297.21462147930663
278.4925720886781 785.393296261186
849.2934691476911 44.06666646085034
577.3963996302099 420.9639403872011
762.3522521975747 119.28225531533269
210.503595205524 666.8067971877202
915.2841819604344 138.10677746085125
221.57773270355312 102.96873736506247
62.62337666818782 701.6644009172254
429.0350453797022 885.4009882328094
377.92187238380717 359.11293506470554
91.75213030177815 256.8722461015172
738.9965307518053 603.0255215262597
738.4650166360497 829.2521654560519
572.6175189918376 222.29667432573217
678.2591940740491 362.0188303023724
889.9279263882512 260.9524101678862
