objects
894.8172274710539 299.35774488712974
567.5549189626147 735.6949631126572
374.41678662524663 308.05956686671436
302.954285779625 328.02541484946926
230.8487227760565 255.31352740059708
731.0285179264372 745.5690319498337
757.995636480472 313.2388490527628
614.3616485331515 497.9022294075208
571.508028181447 112.46440503025809
266.749448117361 799.7659715795448
501.1809867074781 266.6716167304672
714.627801461376 93.37265336908254
151.94639315547624 719.0769076116978
859.3913495436476 399.70109702250113
479.02954512491004 749.1921271272973
593.132932958819 383.3879722400957
51.04272366043055 860.097521621623
479.8114674146996 582.4597551430335
391.1997125449637 795.3846761523591
283.66247393146506 646.0020844696415
779.9401786860451 166.9922441982186
89.96279375673781 442.78325728458384
741.1605060071909 601.0704832026215
819.0858474906743 914.9528641837904
830.8019525938001 265.1274684243031
