objects
380.5535036042029 87.41661729040226
126.19681708627594 414.362946028269
860.2072857879294 780.0795844631244
914.0182470784841 155.3121103383536
414.80148138213303 156.85861317788584
810.1630384908076 375.2011420672891
326.36443572113274 150.5359994900835
697.3037685404968 476.06849459069014
476.5936560427313 118.32729758376428
106.95610675766615 267.7762906230788
293.55831352014576 775.9412686947377
384.7310709288938 542.3294889364226
463.21140960098006 738.81414959628
469.6200051899488 240.20570312538052
551.6329102482608 158.8230354361557
548.8456711935484 289.68110998429535
573.7636138639238 799.0737484744163
559.0158903798034 942.5006384624523
508.6808966976108 368.5068203101717
283.1320457542733 345.8315456754614
687.9481821540603 166.28371310914713
124.50137394442103 535.0082738871017
365.3170217397235 263.30997825278547
647.4724982693806 753.3431080294677
684.6959567302699 680.2517574981538
