objects
428.11062848798105 306.2516850000503
793.636984396711 799.4021215476382
922.9261063379138 809.1550102989149
534.6017473655975 839.0551919716947
56.33011781937463 872.7445482151531
766.1139203108734 538.2884959534779
893.3638663150961 88.45045476534222
21.158063521762656 182.87683645874682
863.2511816020635 377.4958915428529
797.1185446091438 343.58010217847647
871.2611385222992 605.0222352674532
461.328078389578 242.9795158259477
86.56468921074568 754.3366476920119
517.3937372993794 460.99464201835974
486.57196033035524 736.7531223553169
489.68597078067984 413.82843269881755
839.4974477094985 555.1049605592444
140.42500153514965 854.578882303444
913.5570925508886 587.7261337306684
568.9228688553886 620.1530002626531
721.8944363857834 746.5765553286323
230.8580930356592 564.8587709689019
402.0394877913779 524.6268419014881
817.3946892158449 942.1440722240408
261.6323989841829 229.51115045763723
646.1857840276148 894.0068568926336
253.939732848215 928.3934361613485
298.7213793160017 198.47517559006118
132.5864170973002 316.6478586492309
266.8372017355474 476.2634754871237
692.7005889838522 935.7589525209112
917.500532384293 248.8304533583338
535.4091883152126 750.441900553784
677.3496560157998 662.1018814980798
410.8415395011678 907.2816200966313
137.0728783243512 592.6101601576269
343.6238799630875 412.91003844310217
251.24529149590802 825.6709176546055
882.6075531073272 910.8352688926801
529.7324367556108 547.9059772664583
270.5846031815581 734.1275331369453
387.48913681009816 62.14704877950846
951.6006911098129 33.38983012481572
193.44751406339762 339.0007577622068
344.60268266316746 252.3730126170602
904.6467067764698 429.2355192128679
932.5474752485728 759.3822465087649
846.4978673206662 422.9868326908305
182.56198628077482 875.9499688318988
547.4109653989669 241.55054414497445
914.5646721938114 362.16657143832043
668.7114375327241 29.673771482034383
98.62652779368895 559.7631679443455
701.7655609612999 559.1166793681986
579.6724995676536 972.2073505094978
214.84256341683164 241.04597225116225
291.99579234153543 132.23869750283495
26.951248712369967 475.08724405062276
174.76027483612933 942.2538640957113
325.6673991034267 624.6492824492137
125.51889319550696 48.25541433787561
591.570956232579 667.4601611125563
414.34824343872464 603.4864770418209
589.7150969107904 260.7285018620418
709.8314761763547 261.83251618150496
973.2968008706714 876.6223384408611
582.5511045491384 365.91347817177547
830.7346886506938 476.77847962849916
563.7924016403064 453.1950071167957
927.9723789773082 899.4509626248873
441.6977236990871 848.8812681518451
309.06593583674504 308.8996645336512
434.4053757769475 966.4464143357461
290.6497250675706 692.7542572707558
36.10112433971419 696.2033371718586
326.2096454825383 461.26567832863174
527.7843295415587 672.0284477445953
540.5085187666006 36.87248770229643
326.7339709054598 359.7098543099324
202.24493713219053 147.81159375784242
486.3562561017102 917.0215590678922
322.9420179255217 46.16910839796154
959.9403250344218 71.88841590077523
764.5928338714634 37.27945448714675
648.568970171839 348.1552141566824
672.6622763468707 406.72765750673517
751.9120180620085 388.68240605433454
104.9434891158314 795.543183830381
453.40916528760863 65.61685966876871
612.6509345228852 422.07525303560766
775.0461073624322 691.6652691680531
228.0679025306572 964.3825819521949
693.9544047482693 873.9670942791746
647.7611954488228 564.4457345373123
538.4263208921641 414.75566797918077
505.16781170188 255.98756454930447
732.6752613612543 908.2893932681823
607.031989701982 475.6461533632426
227.04796789884048 483.56210705934956
642.6780078681052 201.77606443564744
892.9453957940323 179.61127450332745
255.40463539102825 671.1038206743175
127.95661488382044 978.8026216404587
680.8158911499761 151.2487333682798
786.4162056108867 102.2057651748392
79.4420578011648 383.7088496109321
832.0578857517672 87.10924025361814
46.92092440623651 558.1699395841396
362.7082786473024 174.03865883250248
410.8311394956443 476.01706181662865
563.0690747134162 290.7784835041304
626.8265506354624 139.20467230116725
580.1354796062234 932.9249963304691
330.7069587597409 105.98623842657199
974.5888051605702 966.0741734943509
564.4201310312039 809.9786794453086
797.0051775853435 852.3314913179404
717.9090519398363 458.0456597217566
880.3745192211994 509.49805802667237
371.7364069145121 772.5516421308698
219.47412883802443 303.3627792677823
829.9968948200352 201.04237767891146
881.4096275665684 558.3096056847762
464.0571452307678 529.2069283518065
174.38816668369654 608.6524783249703
330.24519270005504 566.7358051350552
674.5357931255428 74.47642633662662
92.33298909715447 148.85337882647343
889.7531560077792 467.5765968632395
956.551524842135 376.25788263576004
681.5215679192629 223.78437109197006
887.7096345453137 128.66693686551133
249.86786139872592 39.175097831630005
956.5411922283838 255.58446010387726
123.74819634167218 636.3709415151565
687.8573649107905 366.08434391413255
978.0032139801758 312.39855725791244
904.8378453332364 974.6813521764584
704.3151140210254 711.6976056300223
817.8018576861397 593.3916578242165
297.78817121128174 269.2849726218997
490.24182361564783 178.75383733746898
853.8362492286792 882.2352645790409
455.9321348831838 611.6421424679584
154.83532546068483 168.5279318111383
414.77267223625165 746.4328268207206
626.2475734824844 693.4238685626872
507.7725227284759 135.07338763626964
165.17473117412302 31.473776639277816
92.06919427273516 189.81957506311002
504.79503292576214 598.5209520558963
386.7898054751274 698.2984855004307
81.6890927101413 977.6586860446517
721.5406863572445 811.6670804891086
731.6640623716464 115.80377394638822
161.99686761315988 369.96344863354875
972.1392490166317 788.1631130066071
827.1074585349724 819.3642364547144
152.83673062151857 776.2583150323399
466.90849658231235 379.40040261133777
433.5721908261385 792.9175118944574
670.6312309392348 611.6393816014069
756.763646700847 458.90712179320155
184.58310898909403 524.2816138235632
293.2317018110923 422.12332769079285
672.0976239742571 824.4865140288027
405.03261985673765 216.89128726400156
838.1963769671487 675.8320263095036
656.3152811633148 481.47403978794046
72.35085834292781 290.33957758241297
