objects
407.01207544222825 147.94160987525564
46.227888878221 41.09292059598927
322.13890811456696 145.1086621555502
710.6438093893377 637.5161398458025
921.7429852945038 308.6216970251866
68.0495087699878 963.7725954249868
502.50338960102613 273.32781893818446
648.3237207215814 129.42525450560663
310.7226958403185 679.2896013289105
128.91996449645293 944.5307724649404
425.31608112021706 247.15520417517698
182.9659670361433 483.81632170148464
76.95526149207318 292.40700052841424
154.79825277129635 34.05897282165401
761.0210600564382 725.6176738589352
503.3421457686904 444.3360518100142
393.37068601402603 57.49747196519005
208.08110228241847 303.1362379263415
143.43661434490346 409.77443989665204
760.7357978877924 816.5390039854252
414.95484797372796 299.51992180453897
63.99218695737161 533.5583470108271
858.601538122508 783.9059989153634
290.5377946818169 240.39985932471862
449.4907555670007 158.97293573269494
68.5825226889742 370.6969727167244
979.5118633981111 603.9157403764993
293.24839524366064 50.08521919837011
351.0780656281093 74.2237548908125
936.8613839469594 517.1041271762442
767.9442484332999 489.05968733319384
342.54788340075635 180.3148332945217
318.48419052860095 963.2144960397324
283.86949412556055 425.2519008356046
979.2848912420251 242.213864095629
241.59082905767127 859.5973739418747
706.4988438714453 147.95659264589554
645.8059667918785 247.31719917102944
418.6504442324201 659.6060341904323
553.5501363242255 667.3785887646102
155.09234023434033 825.3996288125622
310.77229619215314 101.78119053542409
557.0796301737947 285.23461471471506
75.95148172050995 922.1897432246637
750.9375119581333 156.5403426389337
734.2961881381959 566.9431695417301
790.0094842966595 578.5948421057495
300.3322902510006 502.9725668155391
533.015797169563 222.93432582776921
492.4002928667639 168.0018309866348
483.2714067123357 664.8379497896232
586.3460158896305 886.744323273956
368.1190824707537 722.9437274945902
28.370598332818417 963.5599387290486
853.7538532518518 344.47169545166696
854.9094136155803 86.90293490867205
536.2522448629719 956.9168398638716
543.0359710002134 142.0175881858306
184.90230912141678 209.7080816612351
851.7686943704966 232.18411844557198
843.2447452474113 725.9627303054178
146.06711126586148 639.1687882388553
873.5468886715345 888.3736935152779
611.0103625938092 523.0143154920103
578.886320212377 750.177487956857
795.0214987831426 868.6028619301004
305.7819701862321 883.074446996543
193.75324899043355 887.4631946912616
487.62115203771975 842.339822165872
660.0268306975054 625.1609952932135
873.4661354752975 581.0725884273767
367.40938861242597 823.8456707358738
688.4645756499024 294.8774021522288
894.79545102488 437.915382979075
809.6453224881674 912.8837211018157
625.2562983065543 794.6460268224581
319.6050038577485 549.8175346504303
58.78395072159388 176.67198423207896
552.156080944261 856.7088940919161
388.5045383986122 104.8518783034358
865.9925457739829 272.4219437536825
185.79335774544376 977.5769311728227
885.4938810785935 500.1139507745248
282.06646979290514 327.7262537399396
533.0898450661354 472.7461768547794
804.7630872425126 339.34078987649343
634.5911318617364 749.8814421582867
789.530414698901 71.71143822556053
151.7570235204993 106.17954671380102
880.1086819698106 538.9993748040333
521.2878987271985 778.6495751204131
137.01543466814383 545.3626850303242
675.0681762898686 178.92373930695427
688.6885723303594 745.5984394300793
687.7815180366504 912.880813420216
118.51869451194119 375.34544474034425
240.0530036689105 393.81776522457596
865.2455756167752 944.9896763537741
618.2962495272794 439.84698934725213
252.8141263280854 303.123271890711
481.57855646157043 802.1711672198047
719.2428844831887 675.7154457306211
836.739450498977 836.1162312213545
799.4044280815469 742.6479397719145
72.67861241581686 693.9054368327254
151.72915013628202 324.7611402249355
33.35105634289171 859.0114327793436
92.06507452519153 82.02073088245254
397.2204164695399 397.5326405369747
850.0412654050406 181.6334913820271
595.9413499186264 846.4798008315172
117.85915218257179 775.0611582363213
400.93518145137887 582.7992077649466
383.0820478891632 677.609431049375
660.7781563919881 439.58380301014245
537.1056640194753 422.6004861991256
452.07135655232435 424.80504344055174
489.3252975781901 94.6973612630895
975.6627054877054 808.0253903142533
945.453802858363 774.7067003120073
289.9157598438154 839.3740615627403
971.9376156282311 463.9007479453002
88.62490572212664 645.8877538454714
245.95276341102132 627.2883636023023
393.1466094197787 339.20823630092116
831.0186937545112 621.3745953860351
392.0442463136441 464.6887198887703
168.84079235480172 149.54142555158668
885.4167217159978 720.4720817915423
263.1023007052269 139.27034500134826
554.5851257616341 84.1360402368881
806.4844287531779 965.6698140400579
935.878340354536 705.6736783900236
642.8278284026095 582.3448495086602
321.1951758364803 345.7647768099878
929.0605165825215 858.8855734186103
959.3354147868856 377.0563529943004
582.8365960638047 599.9136544613691
521.6947638721479 717.3498835665412
733.527047651808 862.4125911322484
240.26505974127835 70.87208851319227
746.3987589765948 771.1764598458121
739.9525160027418 415.3346361767557
485.6616011767699 216.7727321601647
971.2158344752468 979.6687600973929
607.882602662618 202.32140112945189
844.055538800533 498.78541402950395
442.5031178644921 762.4258148461682
452.2086629219135 366.19363610570906
316.1192580483645 386.525768139209
963.9221584008387 289.3232257505917
680.8792245432934 843.4593787368683
240.0517035299036 242.56032528833828
24.633905174361054 903.5492565763043
86.05348031217679 132.5726782762165
648.1478617640017 74.33961416641019
214.03893945270008 939.1126825923244
155.68761565644502 870.1615590680747
262.2462472429852 489.8021883101321
338.7274096135937 453.768265724488
533.4201787861048 538.7598777240984
749.644157686925 531.9924460554081
875.1238475823292 32.710832110726855
60.202270476519566 450.06837150033675
146.8602844591855 471.80249979782263
220.29391660538792 110.68405503007082
743.3549011043384 364.5941770153838
489.7390427209705 530.2341238107657
59.03831330109119 790.3093333417517
198.05987354599952 521.7817411165657
