objects
749.0887456583894 752.664739998295
506.9213529492641 184.0718647119909
245.93407102541096 882.493325103152
515.6730152082306 226.04771520834916
661.2813759339497 315.0475350073797
777.2363591343993 838.5243279977423
711.7603275732521 674.6087801626278
933.0789319741601 84.68148529853039
894.1424951404217 402.6343832877222
522.874560369469 570.8567749104619
406.2694067348099 679.5125111375212
298.80808219036385 495.2167046099065
182.31785014722237 708.1776366300293
277.34911011429153 681.7524321191489
131.4091505848098 322.7326226256439
370.2398208787511 204.8656509032058
231.75265000804208 159.51241059410873
742.8413795054639 629.6157849216612
65.48099741093897 826.6881608142238
912.3522529347662 911.6470439039285
169.4696589856223 787.1943424572993
620.7995465243617 852.3273887413479
355.0517413522314 608.5275428941717
679.5517573931518 234.03003834803522
618.9319836950745 936.3589434069241
247.8427179699973 549.681436280469
513.1401367672455 73.30397139348204
404.9831334722337 800.0549522594598
562.2635853865303 281.64237853237927
648.1963647766775 783.9453165456744
838.6969688881345 373.8126173071314
97.88384314910189 73.95715777777488
49.49344396475415 592.0229839869648
855.0098363542238 736.2871793997492
592.1975932484801 976.8331106052165
145.25989043733043 602.3656266806355
21.568752994500134 49.43468394481996
754.0442536114816 966.731495042581
590.0638741071001 419.9654586814138
672.267595520344 705.0038995210457
407.5199459678942 543.868948297968
536.6176786843781 688.0024584701005
193.14603674886646 92.79117208113308
203.54025213442696 185.4514548152404
668.73499022974 634.252600527695
200.19638635101873 344.70014229643533
138.59280537721966 644.6648617557757
829.824313570353 970.0297598699425
765.3618678038475 367.7202778687121
488.12224344857407 338.0706948182849
910.4468271531623 444.7182683031947
910.6629481889569 713.2094082358082
652.0999206949743 481.33710735582366
329.65819704332205 217.71773951361988
638.2572844867178 34.017148162048954
656.9781637860078 828.494493170655
360.4752185781821 431.9321481488737
904.3610197080893 139.32546706213236
974.9870402844514 249.8750928682234
743.059944461311 801.4117381042563
31.57067177539899 705.15767854429
460.993642107883 166.28356085921595
128.49808295429526 814.6613091142666
572.4999497111081 87.5624760956432
661.432809944914 969.9643545067943
638.9918518970713 204.85174796190918
233.8513599832264 974.0043022111216
123.55964563835028 556.0841180843262
385.60164202667227 403.7454636133148
974.3802929599639 174.24443188160618
184.69164231160866 418.89973596021184
733.9112061878699 325.9646384080092
20.547723022271832 307.2530475908621
942.4055945271862 317.0654088871379
233.88600433861876 474.2767944311032
188.93577507978964 487.1865374264108
103.95340025897394 487.2389247752058
829.6036690248778 604.1850035844977
297.42442734081675 556.9378682973327
323.04669046528454 925.9505311566197
788.2151216364548 191.2974363963114
232.26442591293932 755.9566468099441
133.89362641226703 39.651710942749915
369.3798079459288 67.13122184601562
57.24403300955548 924.6667214629888
21.725415370270653 268.83207051348467
157.48139767423024 254.2785552125704
543.3469248634934 840.8346567674525
163.40427873060594 830.1980334843722
906.8761243613009 970.1566467865548
834.9648212666084 870.4630452500105
938.6469490223595 359.17541150027597
809.8838485092066 552.8923031880286
241.0220234011271 607.9750549531622
605.0653707038967 169.37759659306192
796.8746259878766 425.27387670933484
393.20366912389426 498.6521494079948
309.5391158552119 43.69006276426022
203.17968073721906 895.3841205918502
743.1152805318961 92.2245800375654
75.21369953563402 313.6621162425819
86.65025511158595 726.5954414608711
446.4930868191841 946.7802667888267
329.1094506989648 754.3484976021354
921.5982193792227 237.38284196074093
310.43953345183974 713.4198849218159
497.7272459432955 974.5843862692449
637.1672634610723 408.36144476022986
367.609395698138 360.1021781240179
535.9134853303281 933.3377598457067
951.6854956977539 641.9362802325586
761.4536591762991 456.3855817278181
461.2593723885763 661.8601550287697
802.5468973466209 755.287172022562
591.0333908842334 827.6685844985697
493.81359118888344 25.716940650267848
969.6431569986481 889.2922816947428
835.5906358790015 512.5247761089992
758.0097827634502 902.9677249158561
613.8748580476469 682.4915664765576
706.2058302604066 430.1936588627228
592.693955444596 504.6834396090107
917.3256088214874 531.8094588521203
422.6744375081486 130.65162312992436
640.4802366040722 280.9091090884752
316.13019994355045 615.4512832197729
384.6957910485804 862.9872413100402
171.9678202198261 162.05994581234717
904.3048741970198 604.4828226240161
34.80535037508913 970.1924056971937
341.99631644796847 654.4546450060858
867.9464482314955 650.5839152918319
950.7796236931641 138.58817811046302
29.901135985770942 112.0242769157899
783.6016008881758 61.355115004430246
515.1197669203312 753.1559006713175
721.7203325735333 597.2469606290047
939.4033742276939 678.3595089346886
640.6095052481725 530.1989332814393
35.83095925596073 427.52620522307694
372.0193248581586 775.5989978613596
630.5829780379268 622.8034035020132
947.4566163245152 844.1792759671386
564.6993851691868 549.8297108741626
583.0663369991951 626.3862302904981
26.389489620370885 839.2122839516722
470.6039240926377 545.0074460088173
226.62377356589482 424.51658195026494
437.2716623357305 858.6120733277289
123.15021034700482 170.61041428937682
940.6670565577787 771.0007137485247
691.740559646642 474.98854736129636
703.1508200871083 927.5187563214625
358.23250942696177 699.0812015903797
82.04108961756282 545.866852001059
467.26012543304734 267.0005566503633
707.7657414943056 972.5995691580205
89.44613293494612 656.3735622553978
937.2731524642077 22.51572599441956
808.9307653714965 936.2978277949077
256.7809411462665 834.0210853072587
967.5135555605292 412.1365784742823
208.1917416972123 546.2917994279268
711.928113013204 49.35305641851265
948.5484124008567 595.8176904028222
28.222175023091673 481.69285140522817
786.6084935291409 492.4820120329725
637.2173168390642 584.2898885973397
691.5775156410142 553.1347756620844
880.4437092806255 311.2138207814996
