objects
531.280744899112 309.4559864679409
102.64360167932517 810.0745960340367
458.5032731614022 554.7135345787478
841.5050792060849 743.5538958101569
626.602288931194 57.080050995356
297.44506390345225 668.8101779483937
415.9613537394162 533.2463863122406
979.8698289152385 903.2036147962783
340.3525335984152 192.45718738143046
115.80801217396865 230.96027967898598
643.3193706729782 220.5305485326727
218.3873248701053 362.2898303547183
319.4420787109803 455.27414474431987
505.5500693619547 847.1682865925354
843.6111614991634 43.76721175803244
546.417551694957 109.04402109203602
669.1672585692116 179.95726558613163
458.4990612259085 78.23905985284779
722.9478847420526 891.7382284511114
305.00327616082683 889.8548980654382
961.29657680331 689.9752639201505
180.70949445411898 637.8777247694625
964.5083962556454 391.823314525587
859.5731939259532 219.8773286116899
587.7769479417256 941.4125448692332
66.7216174882838 125.65935168716328
952.6871838461346 728.8571838821069
141.73431904228963 980.2012533216688
143.4660032085981 105.83013313373365
27.20280204811924 770.3335005888644
815.6220712548263 675.4773277577641
422.0355994562162 413.5106665779007
507.85160000540156 349.9146126719208
170.8265220902689 762.4529142642411
43.058798334939 891.9585351028851
699.524013477291 796.1283872254917
203.8177091423972 306.3962421982129
735.5554791545173 843.5568949759866
516.3173567446966 51.77498259950555
758.875462656731 141.52255326622108
864.339069558686 294.51497671101237
919.2652789658297 889.3329908339335
32.88325943826397 407.3525533112089
904.4367531736199 744.3609183615317
874.079136913681 413.19837701315817
721.0129222350458 977.8593019126412
315.0059730303238 535.9143341067448
273.9975293373135 728.404668634988
251.3734059535528 853.8730076896376
616.5569645033257 585.5056179279288
380.789079527534 39.03592298944105
794.2072048595404 595.1939060517442
924.1929224328367 497.37788153581835
515.8439342246166 779.9698048980165
438.77384622005707 450.88458975022144
414.4652889205179 90.94826354758666
460.1863289164336 621.4765959140638
680.2402735385185 347.69641875950015
144.81170003550562 843.4033365926925
73.4290421259712 407.8673955851754
193.5244716946422 510.27776941682674
917.8976307116367 830.6181588165352
779.8396756567345 419.3394842621085
882.7007101283497 957.6436971041178
242.39760770453407 313.48374566904766
33.11016059918539 333.03947406039157
807.500529890325 197.68801013055585
193.15184403052035 824.9523177220483
108.65390933864475 506.34744936190555
403.50817676162916 727.1081439397258
904.7430651246774 660.5066052195267
180.3111043899026 906.9810216350896
714.1100874617547 438.9739761454691
624.1694081501438 880.460231407802
19.794533538973614 54.205165193080404
189.02287540324437 168.50002637317203
80.80208025863124 740.5323923848052
585.9458466044446 638.0519534088156
199.13889340403375 398.16742840263754
591.5511708307783 243.6674518896398
274.0923803785278 789.1398476075321
558.4970758608802 913.8484286881172
53.7691011144805 949.6731394429896
678.7821414527385 636.7102596971572
505.47657151814997 208.96303374185663
400.83056324201203 651.0080418221404
541.5844694273369 545.7468950796282
874.2459967472371 88.84789286303206
495.26879306976366 969.2638583539688
582.9015246046625 871.8878155956633
135.09325239299272 412.12355285907296
21.242525843354418 459.9551630316543
206.4499901406073 700.7600373688632
565.9112740262507 276.36226574025767
93.30835545311783 348.78980744076944
262.44105155301145 201.25461827263933
637.4507431470466 654.6610539582582
692.581693929079 578.8401243671436
103.75110868376478 630.1639210431247
912.6996272260916 705.9766410719927
572.270668183546 569.2819783105391
367.9054379304479 749.3438420815222
477.3178839156557 243.23663768145184
779.6194950661097 358.72636518183737
370.4576674956764 552.0535535808679
70.16185665918245 28.44873701350853
756.7677290342936 723.5651736390481
436.4076098793334 806.1200304450152
777.2811240699325 31.8051196511119
218.9811557915857 544.8710241995558
601.6246422608536 737.6326453041097
444.3864069478187 172.02860832462557
400.26222060300796 201.53557329458638
306.253399097375 932.8581880011112
240.97318087760752 144.2768571626125
751.6950536856809 497.51652767310145
733.5136032366606 105.06026107234223
376.4047656250152 239.4812173949779
451.1752177444736 692.8512574355825
512.3527853303568 416.63336719286747
159.09728144022705 443.36524953836346
263.2967384419088 466.26455843344695
543.495890847773 843.185558701685
431.59796088918506 340.36491302804654
647.6282961727009 383.3894451927696
941.5547919472251 606.2310399676717
660.7376267667613 30.265929340271278
722.3358924808978 42.123185115669976
185.5368350157018 36.27414757754133
699.0811526381602 935.2626678679461
553.4756382641486 159.17097751642976
599.6424447792864 682.0336784185312
439.6044580168899 899.433272993246
799.7145759170247 159.25024825561368
929.5337267532279 790.8902201667319
41.99890386514762 805.98003954204
616.6514492809821 443.2079927169023
334.9027759645952 353.5527489163646
773.0855610290057 860.4397397782355
501.14918341756555 485.01802563587955
748.1539551177157 551.3038985752962
713.2261462751005 394.27427852417577
441.07451024045054 765.5176315004107
790.7348766638826 820.491432931169
250.6538179237239 968.0604777498947
828.7395059853388 384.4435524766863
934.5903404344289 140.38996209099392
609.1722154134593 513.1608320907325
365.3648379387165 681.9256635763147
227.78348016854608 632.2524333196137
812.8113860238974 944.2920071455677
281.4764440017907 429.6381676509904
260.43900496315575 392.16426479505856
646.0709664539014 759.1701685287013
66.16552743446772 658.3297132526145
334.80596383897 47.87786069492523
879.2098834934766 338.2530837249176
205.62929085723178 233.8272747855191
810.8799519051464 855.5986549385532
125.98970173803204 560.2761889989043
846.0216411287639 887.1129936257149
580.763243453666 416.2978906349075
966.89351394901 455.9044837836157
815.6214797448749 238.49177699448077
110.30817198320855 946.2978850398126
333.43156934172276 282.0133458863991
974.0942566936968 947.0118111270529
923.1247819683065 399.43410726250266
142.4499625707592 203.50248380216118
850.0366327534781 258.11262029996396
