objects
813.9998644969758 761.9736271293186
399.3553735833477 677.6435144138904
782.8464226347797 297.9122141053845
550.3567510435208 246.65107190443183
830.5009480502166 190.3998412450345
571.3048437124925 337.8396688258166
834.2473069871029 464.088962207554
412.1304234841858 580.4725854290097
855.9475242437479 597.4176765151182
106.53579792422919 321.47575443573015
114.36382416287029 276.79671215540463
222.82535132418045 123.36299943050706
541.3192409370369 734.5735847390163
622.0961780420777 178.7699742295855
92.40094020642204 600.9682815833083
464.4392940027077 738.3914389509254
461.877072163989 143.87744385604464
247.2147663037362 467.7993187177531
802.1549709740434 812.1662145238695
682.9464108930453 58.45878360986757
293.1508166900603 199.26031518503368
941.0338290823164 882.193474967289
889.9410545549254 547.9235975000257
317.33664802891377 132.91343419838685
102.28507736585595 198.84233249444256
239.6717062179388 645.4447969496644
679.7561061270706 623.0535447617634
513.0064244336588 910.7250643713483
21.179375075032382 566.406216206287
271.49419213330805 274.1121181693116
325.5528162530459 844.8662054851527
62.603804466408235 679.2848134665124
150.96866843045197 51.73647126287391
53.92903121022033 898.7083689034486
775.6595258125535 36.797180913020455
568.5048015054333 110.72461445427744
271.3398943870774 760.3436636018174
802.4962699267476 525.39827862329
327.1002975903352 93.3567117234659
892.342846957721 801.355298979899
316.9910678086984 339.67609914108573
311.2581283692064 592.371102106466
208.14316103949523 769.4660748549896
475.8350769500619 437.0746327593547
614.0935950614097 362.5509640717947
102.03265377967733 561.5071114711823
716.2086635477932 580.324932618469
414.5795261296167 212.6963803788348
55.20797767431698 395.3364690268741
516.8188395293481 571.9074353716883
624.0863978054851 965.977876788902
683.8656128533407 345.70335266764715
61.83007387875155 322.9620157687672
439.0464581993063 60.58967267024289
613.3767504874958 854.8946954419234
431.56807943025643 347.122866209121
918.0727735573721 330.3355880703026
520.2948010603243 485.15188333615725
547.9124568028511 388.9842485380395
842.0946129485854 857.3967687289286
289.29867447584917 717.3216370817759
313.15912151232806 963.6828720905376
508.0139550366283 610.558260360927
240.40659028399543 205.40857962022227
937.5376645664818 956.2858575741336
881.6986346256932 841.5500958966447
63.747792978473754 62.88897102105872
575.8390271244042 760.312381699143
292.7789960986041 496.33797153099783
229.34063685409373 697.5662257971994
869.1655667372814 34.64343382411939
588.3669821856317 922.4847014342424
940.4935580745462 521.8684284983109
458.930869994335 476.22552917937264
425.9511717124084 263.3726833240409
620.4329677259504 471.9550351419956
130.31295181373585 689.0055096868329
454.4560095111931 959.3014349326505
802.8134149604109 917.095170550191
865.9638281656976 914.7514383305024
