objects
636.973007290413 766.0137302387498
411.7590568159743 678.0729535563286
661.0736685012815 424.8980985842725
193.9197444768032 806.752186673381
397.60683694609287 817.6932234593254
513.9794427475869 148.51972605341751
256.5822771994004 320.4076377019171
457.42338967088125 733.3865009635578
920.967146610119 674.3484250712045
769.9678054751641 126.23360367303106
626.0108155621689 367.69293944640305
640.4565992493225 148.24304350669226
113.74404842885832 684.1581552809719
808.5396115263203 791.5494664297083
317.64598799508815 89.44006016507583
327.102267692572 419.68282348685074
101.20684070153926 503.2307861432989
60.15748965244137 979.5495046080734
55.699931382130174 78.98700072536496
757.1354870050029 783.2837438257645
719.7422974714884 111.88258350237206
939.5453212910256 552.5636881196168
780.0564548412686 724.6600571405229
919.4404173147085 182.70004145005393
76.72867002611561 409.07052489469027
86.09456970278346 839.3671669618998
437.58069777019307 387.0492882335272
458.4327441177225 146.78372475534178
537.2265432851225 494.15824682534094
417.30690220518574 163.1317952035261
714.1095697716585 937.1294018170506
703.5718542100565 468.569420406174
926.4487205556737 403.354489032458
235.8194146176122 697.3474967595614
397.7341265584456 753.7204326638346
835.0983197394714 762.9542477254275
255.70567124415234 587.1975114726905
926.9527677300982 348.2739316473292
669.3747249905713 213.9088014557272
242.3648910415818 519.485875163911
401.5508537066376 56.35922603685998
64.66564863134394 241.16373700419712
550.5190347681914 171.40885363215472
366.97134826447143 415.66305925823247
522.1300596600049 663.8608990670007
590.1061143025198 497.8421001280321
541.7250445383779 393.53619304527683
958.98024976679 220.0227127703931
736.311912458828 434.28689783357925
673.660776891237 607.89494722097
487.8773045292788 310.08632731909495
961.4751269269689 735.9706723213517
588.7417116099721 930.1172832453448
141.36924765847948 406.31018990011825
212.6910868479532 487.1018787791466
754.5263645819809 578.209372868613
557.5621457733497 687.2017365521966
841.2913082527785 554.7366024546283
353.3499847722933 886.5817941240235
834.0425847635262 261.31422645334146
569.8925829179358 287.2142209078318
284.28458538998785 679.5903667319768
665.9334398515617 979.5590311988598
720.2853369448069 825.3260167003158
294.4280888769223 556.61640462521
784.505479041488 274.00019323191555
569.7073434331796 84.33862620026673
65.68964919852299 368.99057471196414
497.1019452494306 792.7372987999192
402.40715959126163 934.5426937654173
268.9517269263933 769.1583853607405
323.2560154986518 485.7852414643916
205.02727617725432 570.2219266054301
252.69150609537442 888.2706583764879
636.3563400888011 933.9914235878638
152.39937502545698 805.0143647239918
903.4112991786652 626.7073886422435
225.33432187429855 852.667023494353
246.16014435474466 282.3807579403714
832.598232447989 951.96918315911
