objects
667.7329459682492 424.928117377225
429.96174419524846 894.8757825446072
365.75565025849704 431.4193505103413
366.452258978816 941.7817513198135
274.1331599106235 702.5023548682863
362.38066046478 549.1448966435415
85.75706454746562 149.3218935667112
895.1383256404464 509.48996744595445
226.07410842840505 669.5468908651217
252.10931016355718 337.58202186278226
647.0078401575751 833.3735194945323
521.4979744870467 304.58710486720156
39.50904953903641 954.0931773298819
909.0129652935813 588.991815518834
663.2204899876727 364.6892171754711
557.0258361420343 816.0198055136813
473.4417956377856 285.12975709948125
824.2066798738713 843.1601378203981
23.815231911138603 893.2027898816818
46.3343975745542 198.2967704276637
363.8272356195178 44.82428250381072
513.6850782879649 508.64596115839623
295.10845862583653 778.2695043211338
254.30679021431413 752.0279916265566
866.6943427875813 796.3273365528559
852.9906088437914 603.6577567559926
61.567408552083236 583.0162470137143
213.55467262553398 965.7911276940955
691.2826600492294 686.1831949612061
911.6078061065681 973.2833759650559
227.07423869544834 389.92899395003224
576.4434729176868 518.1369526594183
108.81317196289741 821.5945814835363
380.0941869943617 636.7059326216854
741.3316995846707 463.32930428304627
469.8029609888672 568.4400997470578
455.584114809992 773.9387456097015
254.77306435861342 242.47279916965692
456.2824003229553 204.35303856651498
176.80247910356042 519.624380179168
941.6500085278284 120.01911761571482
378.32067561523195 90.65684856164393
98.89106653319946 686.2192308561249
920.9460653855568 345.0352151100306
860.0702100102457 654.7119958619442
799.0125979531846 275.43148078576877
109.26195494197414 876.1958469118057
56.12662535029381 450.3845446405925
39.97258379275397 706.8982881410262
128.92191414764127 717.4338061472522
368.0038101344953 702.5051639513781
828.2833408962938 238.54388564538047
30.65050745771751 106.12093800478303
862.7681467391861 216.75808552932853
755.2609114145547 585.618166637249
423.25409209387306 373.75541006401266
153.40934915293985 175.6314116087284
214.3866745875145 587.2426349439328
777.6958625517443 229.3942005718367
685.1962679892049 727.3063131056086
744.8890012535101 383.1796390905663
621.9045594070011 54.48092310226485
535.1485827072705 25.183147736763004
667.094995580647 472.09991873132094
155.14075418946177 295.4501635052069
480.6800876757339 694.2135392048106
815.3912193315592 967.7695531446309
876.5384286509048 872.9275071062553
31.578431778145998 300.4171952409451
566.5116298972894 322.208567098728
291.83994408271906 858.7608064212131
966.5379435834519 875.654275438438
297.1334719400622 979.8801901172221
148.38335710135914 557.7723649302874
725.1048546556706 909.4784311028968
623.3649752031675 794.8159929479267
784.7456945564496 647.4158332895316
728.4100286698367 164.22217337115495
966.0423314998081 385.0004079213816
783.3259279901383 31.97401719351535
