objects
917.2840714376019 113.5945267376786
738.5251382931876 514.1805719787156
812.5593393495298 261.5337004232887
218.49590536860026 613.3560896184516
335.4336581610717 823.6327689868906
133.5871303209514 29.701994978072598
748.9797868900162 278.81518460655934
622.4742036194854 742.4516378500905
261.17193606404857 556.296411245342
575.3497868611323 951.95040935918
416.32834272178104 440.4652383404783
32.89357706764268 123.09237723851953
605.9834870906419 177.3458656965585
385.4328702452377 653.2748562591188
117.79243499099755 653.2097973080174
352.62897608883287 61.24851744450817
786.8216295469146 401.4924304877581
683.2334148411901 634.7665899328127
572.0400608586649 108.14656216381452
952.6109491022133 592.2086442325638
799.8106504770886 476.34661619914544
87.59395555487055 492.74633812273555
732.333263834765 699.0771708708215
66.26907745673752 37.575143021979855
373.14295947848376 210.7562615896661
278.0255342083858 808.8594746183172
753.064480142238 879.317672203898
286.34260228375064 189.7921468087116
300.0891052210681 101.56023407011952
642.2311555261325 882.966715553954
931.906461050983 270.39202448545086
439.2817185662824 294.42191031037623
831.5927534591859 824.6139449052952
720.1758813647278 84.50810636783577
716.327721511783 564.2950079203724
443.60434584970835 629.7696627062003
399.3576246838897 304.8179004890507
76.4273450634854 912.3226160210831
94.42206051637264 386.5918696083417
882.6362321786447 23.588719535648096
617.1907017671521 50.68031131096983
102.21369166531078 756.1820590829091
347.0152488494553 431.41438751224905
118.50742837161805 447.20339082339035
862.461741309033 375.00411161083
853.931984083259 755.5604049648331
437.47693612635965 252.9237680738624
734.8483730404632 167.10309502658419
489.12429646449965 473.7075273778031
405.79475938686085 576.9192042112652
392.0150820388086 156.23226318799962
300.58707639304635 866.053902848305
685.5264886163973 831.0527673131617
386.79509528376065 898.7792537030258
835.0347402931893 897.958159726227
442.210287018874 409.6261128039272
156.6429085913902 836.8956783275596
105.06416007421012 809.1007163603238
864.6095268196274 663.7211207396418
737.5752153910929 828.6899255291122
463.84424425939824 82.6146413688918
619.2483901649125 242.82494388280497
39.04612197445567 219.79708031757914
522.6303739116339 320.299789571319
133.4155991041594 958.3186952254471
959.659661320062 785.779308441992
228.23331214730018 95.44054813950687
663.0514472921163 214.1801638395431
784.9212054923596 691.5166602599321
565.9386645638932 885.4429213370697
242.54137700379192 330.90890080642555
976.702461281415 40.95326481190014
420.5632791816977 211.6292082802786
479.88651974845806 799.6765593882177
319.3986839518715 720.0042347972183
922.0541919899625 831.6312731755148
862.9471554493986 510.6735561120142
550.8941758308879 347.58824209807085
518.3701887887935 551.0982878702422
30.51080990742647 856.6168834725391
