683.912 51.4179
544.248 739.518
425.674 360.544
157.118 923.93
346.441 948.604
188.036 769.121
792.939 51.4033
753.146 368.49
501.669 842.141
49.1872 54.2103
318.704 106.233
100.116 698.451
626.632 148.688
881.669 469.099
470.565 950.605
895.215 581.085
446.796 686.757
808.64 653.463
412.017 51.1742
312.185 479.663
51.4171 539.5
893.291 215.758
672.614 506.52
156.324 367.241
478.785 578.585
571.111 51.3998
784.237 760.71
595.734 607.237
379.699 216.697
739.457 147.082
682.397 949.402
57.5965 302.027
482.509 263.111
641.071 358.089
160.959 256.841
893.268 102.952
655.55 839.547
519.52 156.54
93.5508 830.711
787.39 531.218
280.374 855.725
161.919 49.5391
336.744 700.763
753.8 259.089
203.69 154.343
275.311 266.079
594.316 254.596
47.5293 950.724
896.876 779.8
535.313 391.948
452.768 468.826
149.248 578.626
309.168 592.453
782.794 897.977
652.683 708.368
316.92 369.702
199.372 479.116
51.4214 189.942
559.971 500.252
705.188 608.34
