582.89 948.593
894.563 519.913
143.964 108.727
577.692 198.923
355.169 834.064
51.8505 652.815
267.529 524.878
842.041 419.658
316.695 940.498
895.342 632.711
301.945 630.465
289.085 742.536
137.692 239.73
686.225 387.964
204.202 948.788
891.757 307.448
637.256 49.2211
162.34 767.706
373.181 227.744
51.4204 307.11
52.2217 877.199
106.972 402.799
312.213 130.645
463.733 479.052
51.4154 493.931
428.03 748.632
633.89 618.241
680.907 892.761
680.556 779.96
261.365 228.33
245.581 843.843
696.85 174.235
491.775 272.032
731.573 674.695
606.751 307.917
468.714 643.422
520.361 380.44
235.196 51.4271
891.282 948.598
788.16 108
392.183 51.0918
51.3962 764.389
49.149 169.834
779.839 326.682
893.292 148.933
501.402 79.4225
704.292 499.309
216.414 375.441
893.36 791.465
778.713 836.562
353.891 438.043
599.433 460.885
317.813 326.021
542.707 556.485
778.478 949.362
792.582 568.122
540.347 785.691
154.934 518.043
48.0882 49.2174
377.799 548.644
