547.305 309.659
892.942 93.2336
597.823 732.826
280.185 551.351
385.401 717.097
405.135 828.269
51.402 784.637
163.412 159.678
795.873 440.044
203.534 942.13
99.9607 447.737
144.516 848.315
95.1118 250.028
803.262 161.654
787.623 890.739
371.684 50.421
692.979 140.666
555.919 922.855
592.407 574.619
358.127 265.966
631.849 234.985
480.552 447.73
50.6607 147.289
592.744 463.303
893.423 612.362
626.051 49.8524
432.706 145.294
50.5981 943.491
521.014 815.519
796.664 554.098
108.385 50.3691
151.553 735.943
210.694 639.89
309.469 895.677
169.174 536.821
494.204 50.7337
795.791 668.859
397.046 371.897
480.671 653.185
838.933 328.404
51.4003 672.849
893.317 495.939
297.963 428.73
632.605 840.13
723.323 755.491
273.913 733.922
382.547 503.61
699.216 610.915
248.689 295.064
58.5191 560.273
560.159 141.408
890.519 770.674
699.169 498.115
681.912 386.641
149.941 348.608
893.063 229.44
413.163 942.366
893.708 929.079
733.976 282.732
272.865 184.885
