objects
453.529800987323 909.6569680780104
654.3708436906661 689.2432250475069
873.8907737572981 610.8463136118374
924.1915903742483 661.9367009101148
572.44083583481 456.2464008872631
717.5500396846983 843.3312264883066
174.49869536673788 271.9832921011876
813.6880044120807 136.325313846599
53.85508675979031 705.1349376871765
448.2781895991288 210.17278985130014
173.96965923733256 492.30955266923127
831.9074214229405 736.9972553467001
320.70059394425476 340.9719801207447
296.3203782469136 116.4098532629488
151.8545009814094 742.3371974633739
879.2147115815186 520.1781977117953
282.1208021266394 699.5787628725698
329.0059338873391 179.59334961043749
739.4716584948236 939.8968938080046
213.46572091598745 56.15652104571204
700.3246959616799 741.810893411232
806.2899440542296 441.3142496795178
533.5689348930556 346.08472283435543
155.04467797233622 406.60306169034
165.27385413022773 851.6356618844901
240.09017887017848 759.9525521383741
900.9282953487167 113.37695315064545
447.23708155494705 843.6389114283947
325.1687849100319 565.6272748920608
946.3734437256253 909.2119154310716
344.20838341564195 459.7334096627921
696.3354220447785 510.0308080046361
457.02015652482936 963.3062578511773
689.9225429801971 245.73269320443274
614.1472148751931 279.1836913177429
713.7577715787933 659.4655143121661
938.0909735783706 850.4936922369241
361.8872594744802 22.38403549697404
816.6539778680856 244.3053473592887
597.8139418345384 661.1404517063223
676.1542821696429 124.4331064976983
372.6381249834399 627.3758279110372
610.9732062939504 605.5006521079988
840.4569221051584 72.9712153767383
255.00843390445738 643.925009340785
187.64408146119348 350.81424057408367
461.72291701943976 487.35846548573016
604.9135350842495 955.0529016372278
97.13031936599869 45.583411320210885
924.2127275970485 383.7514100685652
808.8008334685284 301.0548343905465
337.4592484384481 872.5189638466775
522.2785257083682 799.5320376296174
63.320292922572804 565.5708713300968
380.3868792956955 497.354018645396
797.1128883118467 909.9014633391866
350.73565709834185 831.0738085029483
97.99868710872684 134.84609491866408
613.9459274208043 547.0215026460519
69.63572244549174 917.573960304862
239.8333310904046 917.4916613395554
742.2330502382094 22.378003629020114
218.0821210083281 458.5749187125717
412.1626830811892 778.0586020068248
576.6386776383991 328.365500698844
951.7700105524543 215.4952293719831
36.52497514055345 513.2349927874408
892.8886984682007 68.03545633021892
473.5830004056996 329.1922038304581
551.4510851037555 580.5252653344232
680.5772419385387 408.16970745047036
438.98111500471396 596.2576224730963
820.6257278578621 778.9601283581585
289.9159542275986 763.5225992322033
618.1992037249736 26.849833783506032
671.9413574625037 939.3083032624854
145.7368556752001 540.6441874485806
866.2183632660814 162.51529776172316
473.20026252701894 71.73194579746263
740.0066564731986 317.8306700369418
682.9935739491744 795.9123141291873
202.94493849334106 868.0953422290103
32.460662643537034 190.12043108059794
195.02136470846852 134.66038898657922
380.57407972791555 861.7766606285496
855.6384099973451 113.9500103826889
894.6508461970088 309.48396299780677
80.2726393750639 968.9271178707091
344.0059772945286 761.073404055595
274.96569402172594 533.8466702007933
24.671605016418297 939.6090332239954
394.53014290675117 179.97289507178527
108.32249906396474 262.78372130685517
963.7770148286029 482.0364264830001
105.80740130770513 499.83248832986254
719.8799417162255 560.005222814397
219.5698339090241 799.3001956771478
503.14771590216475 455.7757384385863
865.2285033174327 362.1140139970222
94.86850825399011 597.1764576241411
485.98024368041206 626.2498988694518
399.57345350863153 67.2518388345105
786.682377684863 737.487018954414
92.50706372868183 374.5507229799288
154.85470949057685 603.3553220393567
262.8951879204661 489.8496679529398
779.2580141634991 381.3287308551735
853.680023871869 813.6421058449446
325.4374799281002 696.2756242961909
67.71880440556862 267.79354442859375
840.4444600250793 579.530228290223
53.72383844288596 353.88074156225434
562.3883435544674 72.78991062167609
963.162996779397 172.84174440321698
31.71763646342724 405.4171105493105
211.97239248742852 298.87336837651463
394.0298414626455 437.26509846738804
472.81777429300854 174.40834588941397
344.3140800427637 977.3007786172567
188.53906409281205 548.5409552282939
702.6803627579683 911.1099666195673
264.55747439250723 346.8921119052488
430.69117296790716 253.35183839843745
287.5352475447283 161.3571877496022
513.7057086274126 301.7288921615687
360.5032325593739 134.3002846948195
324.53698109470196 412.30326760589895
541.6015316285722 114.97633377578721
936.6934419731678 798.2310587953289
62.78229312660078 449.5182686262157
118.13671537730632 82.75449224791103
648.5864737547822 859.8408947776235
471.83357196112235 387.67371009053164
327.46299189724886 651.7128456952037
524.04422713993 891.962032085573
149.81293107700782 190.0432063596361
683.5022539412008 457.51060368981047
81.76021131160493 810.5069399953728
749.8993290532786 477.52775625296516
805.0391542990712 632.7241928568793
475.28214371869706 116.42795096868706
589.0188643256039 373.80632045163463
408.95030921660157 977.8934981515818
55.47759837104523 134.4465081243656
205.40041807260076 413.642192688431
