objects
434.62560763304367 548.9623685043998
899.9142332376111 77.52164917018301
719.7978012990787 749.1735272697973
460.3860634902427 877.6394311651003
946.8563495896062 238.77286031514376
666.4589740745704 575.4989153640232
958.5788033151721 333.17830505926275
390.87351740254235 488.6724780478616
439.3341555830763 105.81728622823162
464.59723948773404 961.9453150638585
684.8130803183351 353.8924586190735
90.80060677804025 669.2172627336253
789.8293357569034 708.5317950866415
240.10619941685945 539.2082544748164
623.1437879022594 375.82059202470253
721.6005981047014 65.04341963208188
337.67529342218495 121.75334498850405
745.6619540040069 664.1165960964281
293.0145024039122 603.0670004366536
334.22236835932205 845.8381195069579
222.87083715671486 133.7841509605467
656.2890240805056 861.787925732873
941.7349518225918 34.598575319863016
967.0254965537345 781.6393635265716
681.6600840146541 236.93891605994008
209.59574149271305 804.1918759362342
936.7156639340582 549.8816848285647
164.24351417539054 749.1132525282753
163.4405735651867 400.4219699655026
282.10093975274947 839.772596376661
895.9570264410173 941.230646628437
488.82637848262584 687.1967331570943
227.56494238732296 384.8834991519826
568.8065311735973 283.54737543157364
45.464014872966786 740.8259975964903
587.0109460179333 229.70613479078816
88.63329614522905 370.71700485401334
231.5597695453713 652.5083847889041
935.8471357903443 861.5345496140321
425.0691636242953 278.48054021337344
600.5364168193688 446.10029781168265
548.1842871832774 515.3087384234186
322.30743958474267 280.13734145981687
505.05194035725174 452.4369852651522
456.0365958321001 211.73682299441697
524.9301862110766 594.6079310494978
362.2727649892997 951.4324119885496
253.67917126292838 342.4943327260723
947.7072858929482 174.7953728232855
31.075265412962466 73.51383408506143
888.0491246464843 460.60963884888633
281.8353680889463 76.60804908929987
509.8779254969138 279.1229072173231
888.623285338368 289.6117414654176
359.41222690018816 416.588357605105
638.2388271635724 607.8602034844617
115.75654221617101 781.9321883810129
392.9192175864236 235.20560044500314
824.8366827313242 968.2966861986845
197.12468959321973 189.80899039732742
685.3480444814926 670.411770902757
154.98822884619864 133.9241687912504
429.0924672384042 792.5346785481586
851.2658099429246 433.86386146448484
369.5494181611215 598.7327662190727
269.9988397508329 485.71845628670116
491.91073306018654 29.252538338261225
532.4491523724028 968.6736161527755
834.0624181473215 395.4236785741662
766.9798376612142 893.0374438242965
797.1229607465319 326.39800540109036
50.39032840574838 964.8804900644587
345.5719055400967 536.7212592638381
532.7440896229631 919.8399095320879
97.46232241463434 829.0115275751915
283.59865115969217 419.9676633269225
141.79940641688648 469.89284799434785
962.1825954709009 75.7048699933174
749.7500311119314 586.3100834873392
871.1360394140656 627.5569356358603
967.8130854669612 577.9144048674491
685.3631161377394 723.0530713480805
825.0748435462472 265.8077658078221
21.227686398455514 128.85596856536597
448.4450991161073 598.0937888227556
314.79062348826335 180.57307261053774
785.7460997306983 211.64892339535328
340.71731496589365 462.6474940310001
403.99400259001146 33.17941011592134
103.67230079283556 599.1384516400026
770.879243914321 62.91344121293483
29.7518655444334 515.6657680311995
633.1982489933106 151.2794109295807
26.491114441582727 175.34709088157746
819.788822670462 743.6885730795617
95.17187605306172 947.274561230999
741.6062778600765 198.14363672796787
877.7641120435557 722.0370088143172
165.3033512864984 291.34910714834666
638.9392345685623 753.7630771623069
836.0730799369928 574.0996314606159
727.4125529292284 922.0983030639588
606.9388720286292 29.261405454948974
768.03606120602 258.4362826203693
538.4133171952251 739.035820275364
302.00243043330096 958.0393000993897
163.89284372773528 937.0129150586803
186.78122876578806 24.31157609035685
75.56455294328345 181.54599313713152
491.4713869696626 326.9673907007467
714.35447156927 846.7826136289699
87.39764127748883 253.6758474104352
878.1310540799224 555.0809627148471
661.1963926422492 793.7491138619143
908.685159144126 896.4714220838167
107.57299195611759 903.7645568761699
790.1437212397769 126.59546219089795
712.7261832559668 634.8488192040388
729.9737336593995 322.2243900664781
212.50972140006326 717.9427312307602
287.474754668956 378.24570524279125
282.3606422733411 769.2516634168463
196.04830481442855 565.8209573936269
867.3491406316679 357.16434149314045
196.08968640205524 882.2084782524437
330.34280614653164 702.0003649071039
239.4229053620012 950.3394776147275
584.094570000027 344.7389734987493
518.5453394783996 398.3512686974694
940.2485406766795 972.6024068294136
601.3214703453086 120.64198529336257
462.0177351239575 163.07476625372914
32.525512023322946 833.0507917782777
648.2124096358066 461.5282745400435
825.1466304023389 496.33893683976225
609.1723411617031 928.3229842896275
511.6157350147995 150.45577543572068
182.45076093521442 660.4483598268718
309.9617660735963 510.07679719970906
374.36819251318906 159.47921125816725
950.4312928980981 391.97138795125863
36.12464392868132 453.56490743707076
870.4373338689776 105.34288575983852
843.3616251949992 218.25307003960643
779.4613325760042 764.0656312608495
