objects
759.1568548236609 65.83945544025086
33.89628690637337 610.1166654915688
377.777553027476 538.4277685095512
964.1422139596116 974.7941582163345
166.30778354775413 902.0551858939207
406.2991659890307 379.76004540874743
979.5332510520353 97.57191680188389
874.9241826544848 623.5101832187595
508.1249476336142 403.2811121553044
527.447219806045 315.40842448505305
430.9373021148432 466.1964767718294
338.4631526058513 249.14223946514994
76.52577750258918 695.1228510622057
655.3459819355944 789.7438174300756
708.2753844898854 631.3442504932611
600.077242146749 282.0631338208664
215.04573290959888 706.268013080616
238.30031857100815 398.1614560174157
160.3592794807935 46.095677073038566
583.3295370975662 747.0834823665735
172.1118438164054 206.63248175548088
362.68556425571865 322.1206613496855
386.826012084851 430.0393925956123
960.850143276754 616.7672556994473
27.274893591340728 193.10846542111602
427.4893621968647 251.4369310917085
499.39032906008475 216.9967581415124
248.29280702321256 559.6213651118028
146.83665933493307 304.2710740286783
902.2448540725665 847.9176525689206
754.0083021460179 256.3063320013577
343.5191430442825 557.3266079602577
679.6653968442897 642.202323228496
983.1324705012123 54.30154793207363
775.9413443200017 835.7219931283198
783.4680137654854 740.2562438441631
206.8442752781593 494.4302993417866
843.2404389595013 433.95379681673086
130.44583826423445 101.92966487045844
437.4204966472303 750.2776382415005
316.4393242180138 717.4760714940824
875.8411309524047 748.4374860543702
368.458115193721 62.826506153550284
943.2996412256668 24.774524611834842
184.35515044606203 425.26442225372836
219.4753404770026 662.8238997407386
932.4857682427074 632.6326212105984
910.5869065108099 565.1159010868384
272.04505156823143 389.9993147513803
203.13419691804262 153.21877632048384
53.574025174681886 648.0071058310256
265.65119209817055 59.71593383361289
764.0572289435426 954.3125822093098
341.619756887434 356.35121962535976
263.09978561608557 209.69916767181311
670.1238091373206 494.32186079945706
897.3078738579246 972.1847960658645
594.5324096828687 830.7909089118322
642.5805325292758 297.5362212816196
853.6980397791069 824.2636135755552
623.3156699288888 192.40566165302508
862.2222726449936 483.6445895515288
677.9275010244195 275.581781630753
822.624973020606 504.8563806741954
805.8405119116878 207.58414614802547
82.28787392170585 585.0784759574155
723.0396978936145 945.3274917296791
835.3760848506773 702.2575168283881
446.383572251747 159.1014054363684
199.48848524836566 354.7662848402673
358.29915800084075 21.452754639107265
322.40271824735504 476.8115797293064
658.6121660133985 582.7823672094056
693.7237388226841 352.2386038376521
444.540741368994 373.6912229952192
715.2441504443244 18.197235510243264
96.27943876115545 978.591668513929
521.7155915008681 16.05267159405314
405.02997744835005 135.51802112423357
22.20316825650189 352.3793544748113
654.3926594482657 150.06643872770024
526.6588607233663 836.0315848624932
276.96222875895376 575.9701243260349
624.469080309308 759.9829928446522
244.4148090020094 307.24413729288005
57.74333594647963 947.4682620910542
976.8508029306165 326.74184013566713
865.9512656461272 777.2632569136947
133.61020409818033 606.7710161933754
853.6859784192678 913.8768261778249
915.959235823497 792.3635915262915
51.4590083873274 157.2342568996402
284.57456470161793 879.4542660036655
152.98580360207686 803.9998980893879
797.5828923183797 481.7713722779009
541.6382058462888 550.4010084528638
818.5400784784437 163.75133693281802
930.8640144500039 469.2538942888989
531.2637774896265 514.9625128942632
415.5547809612281 596.857030383342
802.8149663587037 680.4169620003977
266.46684308231715 795.2617997870783
598.4887135521304 793.5561711948191
263.1161950847916 751.7294117422949
584.1693981724454 578.6709379655616
771.0870047123058 538.269324991214
576.2661991070556 714.1150172581636
787.6954153250942 624.6657690485647
193.678563162598 822.3179554162338
903.8876390746201 263.5919784725829
360.4678088780535 762.4217801479066
669.9659785524507 449.49483138134457
424.1338588799232 825.980392812114
428.14879875255457 325.1658045697725
636.1282939677299 522.8412812980705
226.78509435405468 177.53692338702058
818.4201303688668 588.4221565138872
949.8295158063538 859.7602191634813
346.31525744986806 283.5908490245332
752.4785986332112 658.332305907447
333.6194789305952 746.2994183875966
483.1694383410279 300.88463855805395
167.03743444029212 729.0343664984788
671.0788395452253 730.4050205646697
432.15527455791187 871.4526446035566
863.4918299269929 194.50213397288215
283.1512464629435 234.80830040350025
827.2985105822697 368.16414813175226
285.06573269828345 540.1570299137011
208.6140083058149 603.0147359956894
