objects
788.7406541518599 950.1949433111012
428.1458168193499 366.07435351333334
27.90914775099436 263.5127533171209
274.34678766362026 560.1840716255656
581.1425081402049 974.7138864524486
359.6729756078648 149.4253269005061
882.7052412038597 565.3553009973906
522.7078436966702 358.9875944743788
126.25151777974462 339.97408901940804
746.0000783825932 227.75012610802654
452.2555742250907 730.5213181889008
292.886832581728 915.8224919595023
975.9353831713255 212.81512029065468
755.126998533882 452.4296522146316
247.5202835230457 845.7998236879836
466.92642887439916 759.8224120751462
611.3370230611449 926.9900557468675
286.9887102229409 340.06296145367145
897.1724397621717 183.23173934338956
445.2747002043603 84.08139076405404
709.7509203827472 145.34345880582424
687.0194476000897 393.5067594441043
559.1094883954922 524.9173032839344
86.66490420152492 550.2228358469973
666.4743432963421 103.10769915935471
417.818103225696 28.57049205125572
709.7209470163855 942.0766853288401
760.772049716674 972.7830104542267
129.72788181066366 483.11188993347497
575.9970552019588 553.3241468903294
558.5886817248742 719.318474506472
387.7214074347876 830.6691064487255
477.6178139539733 574.2898510386591
873.784437389152 944.1337692181329
146.33639687236735 447.5134290317868
982.2349096012687 976.4330013892665
897.8049487626764 81.67582229582501
806.2981978760954 782.1482623590688
818.9408704291556 822.6971983926268
179.20614913184383 509.5087771475571
64.8492496452227 584.6257819446303
874.833806648505 287.37808100106645
27.798748760142303 181.774719185267
170.41534026742008 252.52732045889815
968.0055349796121 111.23169508342819
337.0322734117549 298.7575825514395
818.3077169074347 355.732283871886
232.3816950748449 951.976166052725
200.6697299729848 762.3978860707194
160.36522894065453 85.83988695721953
261.9493645326961 900.062717697374
647.2308354541638 739.2519814539572
970.4803209156064 690.1773830146162
501.671970658733 450.5207326087482
787.9696085561459 246.53717931199787
830.5472687264463 508.3539626330443
498.38074700673707 914.0831952428023
763.6485535923929 894.4742513515807
111.45795713923873 569.7309204554516
512.0553859234942 530.9918077581442
935.9396893592703 270.2283245078971
850.9347113754952 694.5843032561279
878.5748352599239 25.92809825012337
177.37161540445746 825.3691488961507
657.6052419928809 434.95245285805066
817.7391488051244 93.61327645382532
563.9378537725416 32.7863387161
968.943439615015 24.105282023342987
621.3078434274969 968.4123868268065
323.3506306391531 116.16686286278838
576.9486891480691 202.9023519095092
318.02465939765284 541.7670995585114
763.8563527414804 89.28238169080294
537.0231429403057 803.2669552485543
360.259026313895 678.6543619957249
442.951072063165 575.9004645574707
17.231503897249123 914.411517607164
822.5429593605569 453.8436391958548
804.05220101565 871.137361188371
702.5806561493412 284.209153854218
42.025042912214026 712.6448142811664
158.69219693956225 24.291418896661803
453.29098146855966 689.2426274989081
961.6055687196033 550.4127894921885
676.9952171731064 667.6963840740519
719.4609462790455 636.4138651247395
178.9658865748326 453.1967990880906
975.5652488176089 170.20866668405986
571.4133497631176 762.8782129856938
33.37645063212873 118.43875706807088
930.7378974477784 614.343236082135
698.5794495064509 53.10458632000549
72.55108292301207 492.01660550049047
373.88145281501266 742.1727924534978
558.6199198857228 117.5460736679701
754.2883932819475 485.4745644757738
446.8150519526227 332.6368949992228
299.61880328455214 836.1734958928561
30.918364820448737 829.3523487378703
384.64618180030385 103.10345792086862
830.6617613193579 21.461309358422646
858.5079492375285 901.8755831002594
945.8808683069728 73.89786356572174
602.4727750011647 605.486805353841
465.8474290358677 885.6408374286717
67.08269281695074 199.53099150644982
80.01814012139074 831.0947329671158
27.467781749296087 481.0071064550064
115.82718533059936 891.5111205107434
78.30515192688486 164.8606451317136
325.6016432772871 430.6493529546019
51.4688453229666 878.476143983726
356.19138908108647 610.6155689355552
350.8184154984906 870.3207848466315
138.6761101894288 701.0499552187275
464.2577415372162 31.611609868054213
978.6969997223486 400.17529985520605
923.6905895578958 37.90485020998573
669.046473187122 856.4925050349049
407.1124919105287 621.6411094465741
639.6532820941981 69.83139084943477
189.60265801935034 63.82823757804995
379.64989116860846 331.26997179457476
194.44719019001667 181.18275013327857
399.20220136129103 412.08204503336754
220.53539438782158 320.6119585553692
558.8427780923079 246.99762354605704
322.61431595987636 486.5845987005931
136.48276419626515 63.64473625914634
370.09575418465096 980.2598868539378
