objects
134.66019988002176 297.37477077374683
895.7215679786158 668.2675032925548
818.323016095574 167.1905708958102
661.5569990483336 37.311156080477645
962.6982547800321 747.9162651768606
917.6153488099131 826.6384572092204
140.02297884369054 131.39031256150892
505.7369518504601 842.2711214853455
292.80164833980257 156.04574285756172
416.0791469371487 105.05273837282942
483.9236920772573 682.4739180361015
860.5649057833053 790.3420595356107
463.1979697321621 522.6872495740494
425.7466367668676 899.2117210437576
702.9150413651527 820.0027330681144
64.07346929270464 840.1961333724405
741.4355555380876 450.80902462732183
579.0529750936457 825.0706375016291
650.3211608023023 897.6866416435766
39.265008814610866 348.90830581770416
862.1296050084001 125.26021245200339
220.54033552018237 283.3455806160894
537.5975753133487 962.7917728254257
967.4681568867172 590.1835566620242
194.17869228366362 173.08146565609914
426.2184142203964 747.0099842852821
693.9379343218999 145.95206350366828
620.2282052296958 555.491132284127
647.7391202478585 298.89721121473013
919.6957830164954 292.4474556411048
984.6237910555692 141.20820891399086
97.08019513214172 435.3835592511049
873.7883009467039 716.9808389233041
794.8581632363912 681.38394409878
375.4196999186479 754.6633542915715
835.9005414824157 308.91848954534856
374.7655195031282 505.4045229156586
391.37350016463125 961.6136410002252
361.8524690202017 570.3097939038647
417.5868865095067 711.2179808641392
731.1569275962978 159.68912891118057
174.67793591133076 695.3293020596544
966.1309621041008 974.5672394065725
394.2780010055351 428.35352508795427
751.974525346044 801.8481911563748
498.97235695244615 785.4919786651286
111.42168236977052 528.8785341647446
859.1711622218577 414.9665409616407
694.8836944232374 900.0737491174946
607.0028177698132 623.9115693609848
429.1622311891476 857.675361180851
190.474745713085 918.2257651407059
380.6458766981737 787.0691513795125
806.4485477471361 895.1091797864301
79.78350980762703 357.76565929102156
755.7511790611726 409.96497613009757
435.0637173596276 236.51457687682117
804.1909729315174 757.6707164367506
243.24271448383755 162.70228238465972
909.8394036714174 192.40941757963148
301.23117899663544 941.0023068625668
902.2012578700335 263.2897995036529
297.6067425018605 601.2012843270774
818.460493851916 269.6346354563729
509.46577845706696 984.171826938976
270.17014008208844 809.1185580319506
627.3168742019004 240.24065702626666
623.7617516123606 448.4020683762911
25.815101000380054 73.23113781203418
499.63263275775927 59.278173329444996
904.8821986242599 909.3099096008358
163.65412033268458 195.0790097209878
688.0862820280774 757.5558654934989
495.69725333692634 609.3838616331578
690.9169038259263 644.8074903410287
560.0197989246893 908.4597201679028
877.4041798691799 327.3870601019157
262.7297415791933 479.30749497974614
18.893805325027074 920.6267299057018
29.605966438776175 187.05410075472548
172.90727247975553 324.24674856636557
331.92954195895 823.4063427647083
724.9935774821223 916.8038414616786
715.7856720874253 382.53760002353846
859.7129594409553 631.2280177392595
230.42763252196613 28.196479823702383
120.43257903552664 705.2196313388414
89.24809202721504 913.1650746415849
154.92870778066532 414.6541973366234
530.5017258434005 359.0198230554444
801.0134042648385 984.0780737797821
330.51402110060616 124.2738938314972
160.59469701565848 654.9525883242511
613.9033805197964 22.260107197048058
363.8053715539011 613.0780110925167
366.09978952377736 203.22346199194718
362.4440781737234 868.8894040522955
686.3921708238761 559.6346913852332
816.6835499210397 229.1360957066573
104.91361974460129 203.2558793393279
383.4285982634141 122.78120997170986
229.21934247195526 414.70415858714165
578.5055626341551 611.417597766138
35.28286827992627 567.8081913711969
511.4059812787425 165.91266077747997
850.4266971877042 279.78455187680817
452.20001773036444 610.2735764465741
574.0760438111507 492.3757964541844
763.800906408881 18.563503361318475
865.7475253881726 199.7601272601285
159.37226361047985 783.3728408899767
720.2683375986252 949.3499576773207
660.4405324855813 472.21396080114584
137.59143965588547 248.29672305036348
202.49701527385605 455.6763436279253
887.9834318264284 522.444087636944
102.92756448284665 123.39359333549736
23.18149724334236 651.9348696750073
195.4335170118084 409.5687009371629
548.9639550188461 81.24356835683369
601.4445202813523 953.3120392480569
383.03722118668037 392.91194940020233
826.8539149219883 436.2724583632271
67.09119686746811 959.365695524038
620.2742519380294 748.982394506571
495.7223204686442 712.7344229314871
637.1287259615505 643.1543392270662
333.12245017173916 281.2816147769186
53.69355861806754 27.45706799938802
614.4902226629537 191.14372201636334
355.1543297136248 235.05938761427404
50.30708477246827 761.8064738069407
651.6746677437675 516.9387450788723
122.36471388785525 65.2838759544154
858.4171390883657 671.6243494762404
