objects
614.9300941169307 246.3966191598131
769.9822260986414 19.102269591654455
927.52220373012 486.63239180882266
702.3036812705429 724.1236561135786
471.242045155764 160.16247826730145
579.1161385639147 138.04210677962993
571.9438344222117 735.0949139274952
694.8198832321298 219.43943860014784
698.7606653013579 507.2795437537585
437.9286714979638 880.5792734353807
711.4462684964584 632.6928982975221
440.73104753921115 575.7329853160958
891.7045949461879 116.45225373076254
578.6270951525009 259.48801309357555
376.87918900735497 774.7550070138806
494.7907267331137 340.3596603176347
913.0986582126558 712.5595423545719
729.34447211112 336.27402047505046
755.4992642749155 156.1009261947107
827.0203707533799 947.8554017261671
725.9167017814516 147.87436011996678
532.8768963823707 431.7132569650583
32.597796282425946 196.03607282743508
63.77822941915562 392.075029849147
877.764030276397 821.1025837496618
345.60331115266035 830.9943484997723
766.5964358644156 592.1086936525785
972.3709963648805 456.1343670541894
791.9656246106138 313.5409224812573
348.62609535764096 463.37724807828295
812.2944428376851 244.50740413668677
967.3084476344293 900.0298351012486
158.048925222155 227.23079481262351
210.42228168161014 884.3214585935267
183.42589148541936 726.5040834868146
32.9919332585533 933.1466388039167
944.204832569984 30.59610564290388
939.2559991710367 172.47175306501234
278.6487588345642 301.0184795064107
581.7443417182408 68.24214979110293
37.34983460628193 70.57385117289441
197.33390104017488 228.41002057816294
101.09404882272244 905.8939343634078
436.3898432331909 276.4178885854003
60.72835877758705 706.2905204149658
516.4842432821166 691.5660098610018
456.190921145257 66.16836525072428
802.2991004799857 737.3187031688109
724.3261145491214 285.13509487051823
932.2057171179003 928.8896427227761
768.6922500632946 916.6757394169658
465.67515897133035 311.5419162363048
399.15116451196434 910.4452483621491
317.0836208358211 850.7155316271568
474.3494777219777 874.469427089724
643.8918562440117 140.83124678168127
147.5996014954054 471.9831394149883
462.3627659186092 125.45939057429155
609.2753418858863 945.8140548304766
427.9702242993162 532.8694967051382
534.8031218477424 374.4784277430246
297.0315595161056 802.4420160844832
635.5237593883713 549.0468434494505
247.65064628144842 459.94680615155073
371.5515479372054 51.010634143834594
374.7549011646541 505.6694961838102
799.7217437141292 155.03874194520026
849.1480416325273 105.15523308327737
427.91087545219585 89.11447315646181
342.6334936388954 28.960096868626774
640.6352353894539 664.0487424656326
40.59036129731622 107.19386643059907
716.4809514908115 426.5697794033197
145.24843058595644 981.2199794813745
145.1333286934029 696.1143700386858
960.8806153088567 764.7497332870244
946.7964884605203 552.7796678534453
607.6077268460111 795.5305401175918
357.7139441834799 79.09674190630734
170.44885837938835 167.90836914421874
890.8709653441153 428.6171233132482
292.47024566037226 619.1755342224584
807.2791610594064 85.82277472078252
681.7458695857234 153.52382181591608
470.1119091253234 231.62276420941387
406.20101279156114 800.5094622209715
668.4426138503522 635.5804998883167
185.9409009992009 779.5175393037927
513.8482761724583 315.4121454290075
553.9589871851707 56.962343982074486
233.8327202602071 399.21994336264817
721.7309535037551 772.682592086781
873.7342972903346 751.4050558213493
742.6627514967201 191.9923545777126
560.9488048397433 486.47259454288354
203.5515954752409 489.3877290823804
169.3011659622159 667.3884033729117
140.03725207984044 543.6036031076642
908.7146814023366 374.6010939223447
237.41476748684403 78.17325698291138
982.0385166125383 227.45160830608003
620.8171901349822 492.5647464444936
958.8407588611562 145.31904669162984
46.84998149703992 226.44933432347594
69.35809464915496 819.5596351151731
85.14659727565008 439.17778798570646
377.8713037161706 737.1188702227387
758.6012690877744 98.37240334790702
462.68524897992273 726.0915717048886
118.04452260532516 478.8162930981509
648.2044558103877 247.39327337875025
719.3422642640013 872.6511962781925
790.4702148775083 959.304297668245
981.7345601663094 490.67107567911455
313.5218682829862 153.09302161358815
214.09689510713105 32.57473368570956
340.85691771196895 267.36099707042985
476.93289868136236 28.73090968354953
155.85093151825944 74.3782346895182
788.0075807831315 893.3953254366716
316.5030323598458 700.6083670551919
922.4489535129771 335.5078063223321
824.4025267082906 858.7218910721193
257.9999669144622 715.3715353491821
529.4924545699635 894.2316263776695
601.7876501033732 332.0004236984284
757.7023386716278 832.7903525333684
834.2303073593431 525.2204411773723
243.80420753616644 869.1815803107811
208.20542469230486 446.8393068958205
942.3667346399603 812.1118342365203
252.5146605376864 16.925027352234903
515.1116836008852 578.51676396371
138.98828120919623 135.99848595508206
320.97692962593555 929.667926112671
