objects
198.64543673503294 958.858970242326
35.687091629367025 902.1468337103429
843.4252538921245 72.81664185654023
845.3749821296476 480.5311347541069
502.0698804808924 643.8820794690446
876.821983336976 599.1033391778187
763.9899148978052 42.37837581911677
912.3901966406136 839.4118363114256
58.421447277455485 303.73858832395155
649.161017942698 110.50896156868313
77.11973858627411 29.14768995446515
153.54048700775294 324.56948652756176
776.0875009281762 348.7851507356563
871.9890052763205 464.5313374846437
714.8599298944521 531.5243424757865
74.4405124754207 759.6630210567849
46.735287403771785 977.4385435750205
490.3524541098917 427.5867567591252
359.64281218617924 377.54087569126847
786.8982908695087 440.7177024825983
532.0234845872112 230.36560291413838
349.19499830022795 219.433227483553
408.33655184436356 406.16194184138277
357.7755281047985 849.2210195415164
26.369058243050667 542.4460210005242
273.2168491136928 718.5148481130371
431.9116237636913 705.361225683964
644.8683369410903 951.0652896301035
910.0965221077264 78.00314808141144
717.8616073052294 630.0793693702321
558.510434752364 746.6310771065231
718.6933357867722 766.2033123895656
361.5607044635351 579.3511063363444
479.3013245107073 44.49738494323837
634.1775063350608 625.7311226297036
834.2829247075271 865.3178852768498
187.62433205226273 559.1399572943179
954.6467833888652 51.755711345791326
151.44877090443867 920.8239083214281
599.1917859665454 486.6016770333285
449.59234147987803 113.42661647519084
856.2584073931686 267.93136804651317
868.7008056835531 352.97190861667985
290.5876134944907 243.71041534693885
894.147644254248 672.6523315681374
980.4940077728071 778.6183085233614
788.5054358465685 840.9511549518087
107.89676311547913 411.59670367293205
968.8025490401775 19.11119407053412
598.2528382908079 58.1462829259674
501.9262400797232 884.536119335469
817.1595834452047 511.58354086548974
790.1824894601755 72.40260913586016
384.4515699581657 153.52255775887738
796.7413632433108 700.953758555785
141.43662659984713 621.5320181536104
182.01141685131947 824.6861570437554
849.5415444165434 697.6612419455304
327.2269572869663 578.4633846441762
593.6577637776677 561.962738399507
869.847648206968 312.41102492689214
477.8333968874031 97.62735734678213
27.98934938675378 838.9992378580125
210.57030393017428 337.2300184544075
485.9189462167519 818.0455260130293
547.1715707812838 689.1606207714404
45.14237873756069 438.25713225104073
569.1852619590807 593.2620781347998
229.49914512539758 965.5970693561462
189.23364544289458 452.0770257836327
231.0200798791554 482.0135565359953
229.9790401458815 694.1115414376515
499.0835034889468 265.1709703759799
569.7051684053313 397.5232947586249
465.00017613302765 892.5968299636415
681.9349421892265 958.2480435131661
142.85941216459995 398.4937246863404
19.41599343204201 289.49499483538557
899.3690728641485 15.763146781341241
84.07197014960752 58.88860186955421
731.0643713197165 365.65475341940476
289.54380150527004 600.5230828066722
553.8314958112022 271.152032873666
866.1734897546331 863.150121187466
272.6226678504049 275.832017492621
163.94674771438343 276.73531658010245
617.017301871369 681.270258275278
292.83671607300573 463.7670934814755
626.7063845378419 228.32525269735154
121.56180511225199 791.2110120877214
650.6085376354243 866.8882342317156
975.0297698600493 603.1529420282694
672.6412853639285 193.06398720422652
203.87226623050935 147.6325809661054
770.0754878108622 869.1787406630784
654.511100410994 272.50226669599004
500.79322891832317 691.0221280586226
821.9063687998326 821.2067538965456
117.72775597829119 659.1929102436471
298.9330444268958 851.6336098593064
290.4579131368894 92.43562354327642
403.6947113664575 646.871303253614
587.1146941687608 854.4890817890312
44.43125546435462 756.5729582075347
77.25495290575687 540.4399988014358
129.6520549805988 20.5165219686531
439.4396954699167 424.34927983447284
172.1905615520437 105.54207896560196
952.5603073043944 896.2078554109477
805.4824162930377 580.1729706716869
290.97702065713094 673.8131042086346
268.57671285818617 932.660484463781
471.9829112803427 331.4805405148502
312.27512781014 696.126053535753
608.7702090026087 750.3993957230524
462.89196338864787 514.7635042031521
58.90433739565994 652.4040041581285
441.71044418947304 487.5372770760353
966.5420353241087 566.0406380013368
850.5920208646131 439.14269717956665
231.32656025311007 266.7764580810835
446.43803035424617 930.3916266048261
934.4574238452442 937.5785161990436
547.306032363919 368.4388126418569
96.72610770127321 173.45582063225356
177.65304227876405 866.925007906685
641.4992242205361 32.83022684482259
23.92656984980402 36.26812853953665
894.367195061276 403.42996193020207
330.6975945258573 957.051224154036
265.3257327149816 425.05172192123314
648.7165980390076 719.6179996687649
529.9976606620648 929.5499869017349
498.6631034000531 213.6635711769228
731.4769839382651 17.76883896250839
