objects
686.2428001761496 167.1610688957528
257.91588944034186 492.2966641084419
802.6752043224134 250.71546692679007
481.96885172679777 38.13933295265171
207.0661435105199 319.46104767632954
452.5218414859942 910.7072682331183
719.2399739680895 309.69305125137157
966.5617600832364 772.509441798142
490.7678524006558 307.4338595237073
462.56971062720413 233.90980872417882
271.02555181581573 748.9102652316832
190.62599873446965 119.1556882784396
737.5488405570045 510.6659304983344
756.9846512631486 320.2512665275389
297.8761131372542 361.82075858629474
814.4201119765785 338.8089492336401
751.9419611175786 956.6186116436835
614.5066390022192 619.3003670503603
296.7520763275971 943.8767326871438
337.82551786477006 298.7188306296578
768.1873252778273 923.9456970487975
273.82443799952136 622.2306990101666
858.8760598589884 90.66819833612242
493.2090012621301 733.4951300972302
423.05109435787216 483.35708998075233
246.30851022234737 642.8019878827541
727.0563101934258 232.3817698335993
205.70136860397952 24.286811108055346
228.41874643693637 972.091575060483
937.7337601973696 212.40951712502599
854.7095643596103 343.7572940547403
629.4536991972298 853.0949596068469
967.6104006949813 950.0967468919434
329.590939940193 235.12295660091394
441.0134232430448 533.896039904467
445.9890772856535 328.38055194695374
600.4719836451051 542.1028814868384
899.0851217197873 62.45943947643582
572.047125311094 105.05909552937587
582.9142958083623 324.26264720346745
548.3929067263903 19.97494605461533
64.10504857134433 634.225493863534
500.27486912390395 767.5014174023686
961.6209638506361 710.5321186551928
173.61644162849544 616.3198029802543
556.6061017592676 297.1044130549105
426.04610148100255 973.9806528097047
64.8497998495997 314.85795224106727
415.26714973044653 432.2770701587102
319.30908306036486 866.9995513858621
833.6546134227774 250.9724758874128
300.41598027223074 821.4779230554393
434.44712517228686 279.7357266944434
914.0769114775269 236.5848562590295
275.3097754438357 38.19971591656987
920.5316063763559 629.7785646059092
979.6645862443686 101.07598191206712
263.14989683407845 896.0419347885614
603.4914179579639 251.72525698469295
417.9215148247671 356.8065511361762
929.612636718025 388.3213541847579
518.859337387763 793.7630387203802
830.1912241668133 971.0999388891753
145.49602544011233 211.32542916864165
666.6134865059548 89.41019217679201
85.41664489102608 153.76724873904303
374.3751996139142 934.1809502891757
106.4390472241985 289.7947717539083
750.3814284260352 68.78372103462073
406.13359465020227 91.80241400139525
652.9792398754668 581.8881064970744
785.6013856957504 507.4820069408427
614.5589617614066 87.27187113556269
767.127584725108 240.1056409286244
654.8037920261021 719.4916281605621
182.92258601730148 890.3047115581023
851.9602209770267 856.216166664452
792.1926191364078 131.57820586834592
830.5010261443903 36.33896814966456
907.6261581241963 193.96776677678884
544.1926689897617 361.44647242289363
430.3304242252813 613.0707840774207
702.5069208574398 127.24323703865637
96.04348331009957 243.6138819753041
686.239111541574 769.7953243635651
404.11875764668355 810.6644396599565
873.4654537401373 42.49422209567929
410.641363186941 40.485880468732105
689.1295828511405 558.735582966898
746.8616649755901 198.86252640597024
964.7172970556871 37.042847230887034
312.63395265690383 493.6553488083778
461.8273830532054 379.3195238803859
662.4689087112077 503.46670216728796
524.1245934674963 690.6548775461972
687.2254568440959 313.7984145234167
444.8091229397408 208.11565032634158
158.8148651319662 91.40666258490982
255.77251802408924 802.6882029303373
61.611364616133386 862.3898943229796
845.1464068508287 769.5278519829749
123.99886437652418 825.8884311159861
850.6533764320983 120.76845830015921
251.8020197885534 296.2677711032199
331.8614700209113 596.6644130024081
685.2568510085962 619.2835415081934
140.69721973648714 505.0946142348427
112.50914200391139 948.226560376233
749.68132302162 625.0490651734492
704.8636379365706 885.5629512172457
679.8334437758031 381.2398192421388
478.27182585858384 596.934460435955
70.2529887431729 362.0245088958583
28.23886668121408 826.6094631217088
785.1309922256489 718.564392629764
501.41686416753106 975.366451635202
432.6151648827083 848.8389409542166
759.8688185407505 133.1371023681183
601.726063056532 366.3007078320079
550.4851939070842 187.9889640507173
206.8823621565068 812.1366310072096
375.19911604058717 360.71518073924227
591.303500357126 199.52297494828616
887.6602689688605 613.1957717074072
776.5450731976598 393.969896133333
37.9408429039855 423.89986501978746
34.67286821991806 71.33609021436034
22.05771738187635 650.1660658199861
581.8219688993402 748.2493500539449
285.6311211579122 124.21093532889428
912.8986266722999 711.6761246964395
801.2781274821734 434.90122350204274
968.4824723958199 496.44654345055625
932.2470524476514 428.21226658468777
74.63277288957785 935.5928817938398
