objects
785.9011021936341 720.6495417967993
887.0447389432884 602.2666743398206
82.52551985921961 473.7189426534318
201.38389449192314 141.46994141745242
158.03359653567767 221.5244382618334
243.507397012854 490.45645077512086
210.07603055445782 800.2843534547924
367.358245033031 811.961895213298
133.1380786111635 304.50232959724076
294.3407612979871 412.50820849861043
695.0624494904062 533.7072235042318
604.0783806479238 619.9335305681122
845.5975838568048 950.8905689567571
933.7643308831496 385.83211213734694
808.7555069765708 829.4217579709351
347.7721409737388 313.08945746710054
644.6084752353358 158.76810265078447
884.6814416343915 222.41310847561536
135.05109193703433 103.09231815834639
866.1108794720396 85.5766931278036
815.5334339183255 576.5229558621975
712.199914274926 106.00863168726795
941.1854176317638 334.0505703450919
219.50334890410235 870.7442790361146
490.78335398190325 410.66987807147376
242.22306387202696 755.4542484022884
818.2949958588403 948.8749542546988
434.1309260423455 596.7622283697414
519.7932439415944 748.9019266131598
548.6299501887719 176.11829438752346
250.48820354130913 115.07342426352768
529.3511621197348 707.7988382311212
687.6438827920224 682.9129857944214
347.1400242293027 948.474784948951
52.41370108243737 287.74123016236115
455.5958389127637 517.1068114721746
957.674040510494 273.1279194669577
912.9683208822576 788.5452137419321
975.9199506756848 762.667767094828
178.9960476281076 254.18686677497251
885.4663604122447 730.8171612484128
157.67045720171473 629.9450052740785
42.940919459088136 76.5553362244909
660.6307878427591 181.05907190537192
247.8840680822999 51.460401605920495
234.07098672423982 632.2284590412577
226.04657569728093 330.6930559202238
806.5004065761044 616.9263649580682
729.1616357200595 957.3941025062226
900.0377100191972 838.8816389845273
454.6486589871977 139.6441427206495
863.0174741327445 922.3140439176692
358.5233135477189 731.667715434208
295.5061408897282 247.83688366426307
38.81015189272861 559.6302494372198
879.3784039402136 479.71969733921827
832.8073639346682 517.2558747690301
864.1234321532169 796.3106275847423
917.1446322097579 888.6766897840947
59.06819520833584 24.19436483121552
413.8298722963835 755.3586243734617
273.40659141685296 708.9928559060734
51.96513064695151 517.115247299889
149.30378798519533 866.186941085208
654.2702779159512 430.1919579173739
729.5759657872302 905.4661801926908
151.0220746133401 762.5002023430119
145.435245256782 46.262610994769204
884.5118811207772 528.5528293157395
202.38314751825254 678.0910231404032
185.19659292859396 429.0077605780623
815.5506460176493 286.7972792584814
316.4822834202076 525.3613408598975
923.5132685012668 36.79924837075586
646.9244877908005 489.3285617400123
984.1790272764041 895.2535648988254
404.197249631305 365.005059671015
295.6185348794464 16.259788013726933
641.1607227914627 264.589671310575
205.56688533296122 519.0250641484718
94.06911783512773 391.02249425623125
293.29665591552424 64.42412827488171
948.302640776346 932.9784352192021
426.09342734966475 436.05868794658613
269.9395432711229 394.3827670025749
749.4407160322257 16.714383094309024
337.07050737050406 62.46286226191171
466.5958721597447 276.3851666889276
865.7841718844121 711.0752070291464
719.6718504345569 297.1504068203652
157.21282704360036 127.78949411294563
666.5235192780311 746.0687754885552
816.4824546790311 657.75533180342
576.2500238550572 617.0367598606873
61.8304781398888 793.4788366740717
197.75860643282755 59.80031424042208
453.24931200401545 224.8938335566964
950.9847101658303 637.3088866956261
529.9499943979549 223.3979166906367
904.898439838352 705.6113006714214
257.6080961531061 678.8406864082635
662.83663709641 564.7990952272871
892.2784853833625 317.45092704404783
513.2113520615358 42.46642369598385
43.32091495210174 486.93085216722994
663.2380618526387 908.2293662537636
485.6744997496394 655.2564851411325
302.0304791363174 718.4595029879075
810.9848155889039 221.29166682662483
54.520650863596 257.8125637615428
633.5766229248189 582.7545179410089
747.1741638458823 711.4150636438283
785.6942427002351 565.2394914717469
661.1767441915057 967.7791894198864
493.69876918744313 445.75084934404384
475.330094041548 382.34176835817095
574.7938587188934 60.55852776720549
708.1283930895391 148.6874072006557
515.2911197398597 315.9815789647289
503.6646658814406 720.8876908181122
150.33290052705732 414.1177548394334
647.2140145135121 672.4446466833557
546.6785070786652 103.83093293728322
32.70329782310151 402.21271712167356
720.6857398342823 69.58183730689625
123.08794108349757 275.9031306541087
110.61796142101969 205.00983871213364
28.451505109001374 800.0690771214238
475.0368767839142 108.26515110623971
32.543918368938684 338.5008085885373
956.1448244083921 560.5476609360463
566.4558566497882 729.6744330274729
288.9408976362235 111.07124131580923
587.3886439644201 413.54956234260476
143.40961262379756 980.6229378873576
268.5188185229646 632.2156234873142
26.517062439881137 925.4215586044428
77.80204912372187 556.426235342568
633.9497030279418 774.4227439990326
45.23377058327016 944.8423993664234
709.5998178848795 636.033612919052
681.7568816356379 16.240696326113078
580.3941478033604 383.773189639146
401.4548447964111 830.6191636889492
743.1392639345001 485.7252700603503
379.46179872158774 903.4773082518961
420.0907710837208 22.86374205014635
193.81692441876746 479.32135397770963
459.5310189870148 857.0596574837826
648.7189815888711 314.5856352774163
216.60697479079732 38.288188776633454
361.2248174693692 483.9588281370231
534.4921665931543 487.3064280697862
822.330457390924 476.75805505729056
311.84500550578423 686.8095517116864
279.7567777749903 315.58328237051285
642.5900632130329 925.1102377858984
238.11270753314105 819.3927257435378
333.5713325461541 245.16034236944768
899.0826261502278 390.8973612174869
397.54541946353356 981.6555298698702
806.075946561168 248.33784738404708
398.72158419754504 78.35243179441612
348.947324700793 790.7904194533896
859.725331386241 142.66057767173066
685.797269174222 855.5293187448742
181.63149557885873 891.8430710534548
302.0332159973475 634.1233775841536
779.1532132793822 249.82622002177567
691.9030903912517 478.875129620201
955.2506463630672 218.29024035426093
619.1146182343028 93.4935878940734
811.3105758267895 704.6331425685042
444.59270617305623 458.104702838602
51.751990108759884 180.6037672617976
