objects
796.6874994586233 392.44141015510263
185.50178012240812 552.5096282616489
769.0917517876383 656.2226111486867
543.088356301484 476.0451357917651
898.3020817993755 225.1786674074373
258.46327316178514 70.20491423955879
187.0992231979326 480.8842066207673
598.9650922489012 91.50119438385929
432.2813957697786 31.84006418684778
693.1270808097756 235.66907995998963
515.504174916418 901.906478698981
31.838736446603935 201.65383456444442
775.0945354262793 592.5344292228177
515.5698063246449 761.5639956237762
137.01366264527113 567.6517451493634
306.6418124639841 656.7631606881026
239.40942372582532 643.6340405084798
444.8364749256452 389.24408963038707
265.5635923665043 103.59551329467786
844.4534835576812 118.76074319981281
718.9359341772224 751.5870090343805
450.20710436398 802.3500336584108
92.20347960461834 798.9740543950726
95.97842216761518 231.66155540166974
453.56770204428017 15.11064619722551
810.7062954159131 525.2419915941837
216.35058846282752 590.4945662432162
800.4366174099081 729.6247547761627
145.94272511304774 303.47033013857515
860.6173474604933 225.71261896194522
467.87191595647005 167.99743825028094
228.9886897627339 686.0455551432702
924.1980874878211 410.5513119189923
850.2184995081265 31.592880078819736
618.4464204633624 439.6082077791968
654.4134046868954 541.2980920399594
600.00866802979 223.0892702702124
433.96096296315676 118.25915745060492
225.46362605416255 735.5025227898636
798.0025912701049 179.9581872296075
517.3552222920633 118.94897111941177
201.68001079008624 200.1113810014132
558.6052675879472 158.3946565234219
161.50330544629045 54.24120493131721
668.7775824637667 591.6556217828288
283.224751771737 778.8340325244095
113.67920811039608 93.15224383892254
553.0891672332731 841.7737598913072
339.9327168411671 286.5915086162292
569.686512069599 227.67605390871262
628.5650526955782 165.43000699786938
655.4682065281379 635.7927047878121
917.3188379896359 929.3742383914191
357.15880390720946 326.0917175530235
697.0462570027943 508.3183373119563
349.90293404073043 737.2194937686717
128.9736891160902 908.4193999930876
904.3517665380588 885.923107700965
940.7124645698535 975.9155382422017
95.4314951656168 454.7503824539145
670.1840763921695 731.1559292521479
292.5895656756329 978.1663887524467
758.6791758442839 466.25675810965265
194.18285905529137 691.4563083991594
966.0047374946915 954.6628224515842
115.54356421860537 762.6585962820158
769.8858085597485 748.7086965101242
791.6685047595352 568.0079576074976
251.56268351105598 484.2469719002612
441.49800545293607 67.21304746054656
77.98540877697259 417.28545436464196
385.41430518900955 773.8972806031182
108.41901434369875 402.3484680930614
837.8468687589016 288.82281471518456
20.33055840118894 787.6900879675587
613.7517404393368 337.48128234551507
273.9088833685164 938.6663341252307
295.39950860319493 22.226129347954753
150.89325174912193 714.1726484586021
73.2990805383759 574.130677567616
126.84780045013065 378.2722590487062
159.88583571542708 192.3146138185763
176.5111170791883 379.52977734405385
437.39311085809675 771.9466764503328
764.5107133460543 980.1663210767371
726.8900547385003 219.82113887948617
942.0903521765847 875.4557065250517
668.1927699782483 701.0996797482615
380.6027452815055 487.7198752257475
45.11803785216884 877.2716850560877
818.5074208412743 955.6704398685292
877.1122201314166 46.87493398120286
723.8730044402314 465.2605995713336
116.95529602651035 258.150639174904
50.02561550648613 154.49102557810576
658.65098147837 334.56706228128917
928.7337242287612 555.2247823242351
135.02365422675473 485.81639537209224
395.81487439098487 863.4881998057127
171.36723913663744 409.6879044298878
450.70624306123347 435.98002891810967
160.71373632282075 784.7420583007352
339.8271849576745 28.712075414094258
208.07257101175287 366.0252212705898
574.5258819445949 278.8316684617507
892.1682167138692 441.6134018411783
972.9509172457284 420.74515536981545
214.5658498791487 47.23386192371588
581.8912106675382 439.21367443817104
87.05758813629146 149.2925016988254
440.20786480674957 210.33073131925423
836.063753553742 643.7946709887003
794.2357474470051 782.3823847693765
108.14066591259045 681.6777583802861
813.1549872889635 271.6462341904076
749.9874511492787 260.28005387870553
541.8387684759422 885.6968899630006
199.42247763155518 876.1454306581572
796.5264325139023 250.59078705159985
539.5667509903734 29.675605004909247
102.84641140425362 616.4980407800068
30.359397184039494 827.3367162342265
318.1191474142459 610.5432680668376
955.7273152541472 460.2236187136041
67.95224367617199 939.097711455777
788.1103537886279 105.25937898688676
58.689458776968294 438.06776460908384
349.4864199229291 587.2799377848012
944.6405738757288 364.80934077940157
200.09960274239629 513.3224091192593
619.4259160999338 958.7505543216196
369.41882378959457 635.0333348823262
28.992372232932617 337.65580001827476
215.45572268807587 959.9175527553026
749.0954498160114 562.936453172923
590.3835320082234 479.6283940745025
528.9261638667326 726.3807528795028
601.5796944498222 853.1775697957468
559.4027198160176 70.45713405369534
960.8801654317223 729.2093558491797
446.5686574231251 690.6122375687075
881.368079896963 710.5136953898648
601.3435391311001 153.50394282176003
983.313706538252 362.3162064631438
673.8241312578699 473.75886386043874
964.9919763459839 389.8420407849736
940.0623479262132 203.11666930054773
266.54833185350964 389.3870786861092
492.3608534637982 784.5520346423725
765.6470492287858 889.805384424758
95.15766167342419 532.002904027168
670.1480448504731 180.18435643270607
202.39180009815252 849.8151948278086
324.7438853118903 176.50674079070671
328.8189336347993 761.841957056452
748.8212655232703 168.70232786446286
116.32377309115104 833.4217464764688
942.6341685753696 510.8818639865301
668.2951814817633 418.0758383807097
904.3611172319844 670.8534630222067
872.1069128316693 579.8804759213206
53.62961111221162 740.50594285203
225.13211857250215 798.464968256655
475.17823911717164 685.2084904733853
422.0512049016134 513.2977068570922
611.5263259129136 369.52304257426505
386.11430579779415 962.0969687401708
360.1761946297397 813.1267156922712
346.1068187135864 513.4609897421108
74.59039160991138 330.3082550235852
284.8475343311815 571.267787673606
125.97807280727325 67.24001425601722
307.6992024692424 337.8282664855136
43.19339873109557 261.1755800504389
746.0784695839412 776.0486718430493
