objects
283.9051767109834 31.949625612149408
384.80122154262574 233.64644722189522
925.5148435232772 590.8860279465125
813.0529068781536 306.07163301347083
149.36052622478516 535.3356726988894
35.87932386438658 211.16399532548087
225.04673378171833 100.14340429172512
799.8433525319406 577.2767509580362
718.6016976753837 411.67980877512326
828.9603603084786 121.0380238305159
164.84767368206926 453.3777600714016
581.0930917092819 434.72762030901396
886.047994754888 851.137823980516
876.5811630287475 724.2469289491042
855.7405941352979 590.4439482328371
966.0696801618909 750.1160026960406
352.51368571287765 552.4515289454954
254.9373877844278 197.6790152708236
574.5213406867135 973.587744532173
177.0149321878691 62.08072810563296
936.7164688474973 251.3047755562665
395.24180108333627 897.5991764355113
433.52891314825257 710.5025893519988
76.93637480453124 651.0366049822693
277.9772292884117 534.568401362601
179.22129805490871 30.389405095663054
579.0334885333855 893.4648633694713
958.2755976498515 783.2642453456664
99.6162354788146 745.5242568528935
821.5025137687737 506.1844196035245
688.2134478826348 790.0960414680555
281.5609795542198 577.2406812929187
452.9879938486001 292.97103581986255
849.5225392755916 496.3373426701819
98.26056646056833 197.60923295867312
103.5990044234933 321.8873016630633
823.1423148128372 354.60369222293724
896.8908977311605 155.60338390307138
777.6122734089886 75.70676437470468
373.3570605645156 320.3112777244143
870.2349271206834 164.8653918374537
869.7692088374159 930.3456428029363
620.9186454531773 248.53058433136903
739.1470767293325 115.59571727916588
444.21677273296035 815.1242805845304
376.35885651320564 415.5732530896834
889.0438870691873 492.2737835204966
35.96375716192016 784.030643483452
920.631119859545 675.4075271115914
570.1652792242406 741.9861802929317
761.9642638387137 928.981368033569
27.426810181589087 347.7677461459605
351.5357795011071 627.2336677217061
640.364207672907 436.15745396188396
455.59108314061126 873.4982973256713
594.5414775870207 302.17954800068634
513.806445439532 532.0127557110347
979.7055106857961 545.4264238527018
801.1957111793762 441.5788706870637
259.2261073357834 112.25837653766848
980.7734059918321 614.9450397407697
407.5588853124868 301.80403136990924
126.58125591942604 713.0891154178651
80.52944669489003 135.48613531297792
233.2869684108698 541.2003209498827
280.67058443710494 155.42340278219928
364.94272106913 159.90731164206767
230.26267925470506 500.7649456407285
559.4476228010991 809.9096973141923
93.61418353960173 432.2690931429199
126.27903467879825 135.05638134911354
372.8696643713621 610.2218480050814
706.3468962621815 922.9417693064648
630.1236794288284 919.9100172027399
285.6375817620783 368.1766868325182
419.9228081623475 79.05826148769472
421.3662706612743 598.9314356014083
306.0889552738601 964.4365338807189
794.2974632186019 118.23772299789663
868.4609932316739 41.968169927241696
370.83506397777916 66.25601172996761
120.25023705068776 182.70226739952895
190.61954645229088 791.708130232072
968.0614082208725 133.98526903726906
481.3441577257083 321.3176950543764
649.3581638772534 891.930802592787
323.1692842256326 385.41888315859444
777.466800348963 343.44815942992864
765.0994875397975 41.26459036277022
14.250030559596025 442.62878028317635
74.38657846239649 939.022137474102
708.9347782298266 895.7725416540477
372.6548555277692 483.62612131251205
550.6305765914941 36.36239310482213
768.5715988793255 649.3101119516219
629.484282104883 487.72147049694877
152.44008879208732 749.2290807779201
548.8880453894182 323.3688221030352
165.42898554531877 799.0675377680468
790.3035540089804 687.5328384321991
643.7755647367244 534.8053508175763
808.6853842630348 82.45138418275803
800.5506776446688 621.8951576738009
544.0994997201165 856.8853022320008
849.6606833567087 749.7978189522175
695.4339988597625 116.3253471737046
169.814138765991 201.42416231514326
190.76297874073904 157.84482270893432
780.5201533339688 376.238923686837
438.49063148865565 643.1242464858126
14.523498978097352 35.61428041595666
517.9882502360895 171.4948999030707
274.0242173712293 266.9336678620573
57.56540084973504 762.3127489221902
413.8760300461265 225.6496185894119
818.6305118577567 260.90262348872017
779.6489966515884 254.92414224671268
945.410160575843 812.5613840087022
678.0047729339957 455.63329098048285
60.99581036806836 610.0810354698204
133.71070116158228 879.5420195155385
617.4372171536921 83.83619149847453
726.0190641589188 527.5250171572247
196.23202346355492 979.0740747785717
924.1655216928749 950.7005084737115
733.2766553794067 912.8979815222538
239.3546203783122 323.4185901101508
121.53635860338672 942.8033378311426
227.62932456403624 568.043184732159
49.629704685674994 53.04792739123967
654.1796134861114 386.1952054290019
70.59055071729733 791.9471408814545
109.38274030403058 787.1440925199013
22.53916052258134 819.5691180024247
746.3905451379707 312.88511811920705
603.9392623999854 342.41954661485397
574.369398183207 692.7307081888206
114.9210276145474 654.6322054662328
521.1480795816964 414.59097337611223
54.734113966138636 262.4884842762086
104.0479656574713 52.19903522033809
933.7037263507732 279.93613614918473
331.45167227060716 477.37655018110866
137.22019071666764 474.6285648186787
555.475186999019 187.97776535065208
501.40570390393793 195.5875687522864
885.3140217326301 358.4235460732
286.90612656340164 312.19203346254153
899.5199734100308 208.17510912081454
910.0281150826656 367.33174644833025
302.13916741025594 604.5451664593741
331.89061220333895 585.3991210132331
833.856318482346 474.2699487945544
688.0937353453265 63.139274326043605
89.75523666096613 552.6688860517269
215.88635545034964 289.3624098947348
839.4790311134692 693.9150444746058
62.79654244312938 426.4046848109542
975.4436497852489 275.01548833048275
147.94436898208446 415.3216950871693
148.799839307681 154.70057128985337
312.37974401946775 173.898672334312
297.98455770609115 756.4569668779814
203.78519053965377 464.35854537428634
860.3201438113936 786.4650038246494
394.5976364315107 558.3615317794352
637.7529988208007 600.7154074452965
691.5643515893336 250.58645261397632
940.0584254962965 615.6785037406248
343.00209850856015 767.7461225405782
911.055929910535 522.9741705665075
578.0492533207913 620.3849070030665
359.158088477685 360.3262305159165
932.5624832809589 715.4673148384992
416.5503245331338 786.6686920569423
