objects
311.6600197843875 371.88599615396924
197.95053562992777 830.4104393074838
413.5479389950061 417.0944050895027
239.6250101526929 505.5910106107752
470.4323046768598 533.8329264598134
851.114382495693 537.1259595209099
913.1108284145071 592.3723029623069
841.8211276639735 794.9305762319807
156.98586526540007 391.64921962386904
324.74201196984 203.83147283010217
706.0662255943512 383.8844093381999
551.0256292842214 464.4265453029041
598.9246194541952 895.1007257254134
529.871753594158 92.61011747215986
585.6784673869696 629.6557474932422
165.10537526499374 317.84153797404275
422.1201838389291 635.2950364905264
105.9726769766465 773.1509049310777
924.3603372281907 255.76370433744728
45.30435008659599 595.1250208241412
406.3688758019414 36.84915955747979
339.37597649252325 460.9482389694295
782.7356838460039 206.97147378839836
218.40303433399808 451.4946091900452
890.1888218400837 332.90074005185585
913.9009816632691 894.8064846353209
488.0284623139617 714.0552964408549
359.66750505360125 971.470257841039
812.3687502645562 856.1232057443551
144.24337499869497 418.9134558727875
215.60320766226346 786.2936036636618
576.3216504007223 335.5322279357199
229.66243643728114 344.9052144361107
674.1059104543842 476.7892722088298
576.9771851061656 926.4560539143721
48.33384460473293 853.976993397359
156.31572169324986 284.54261281877524
24.823900687741304 104.27898105386159
295.79822691168454 90.82906809487329
799.3466223080786 76.92052755908855
956.0697209829062 104.69714166163085
796.4374369804823 369.1942156209076
527.1377989868143 182.9462276768586
927.4244815064661 856.2921542793526
134.67887431835297 604.1636305745732
297.4241239478278 524.3399776687706
279.0068182511348 62.771892219711205
876.2736548325952 890.0716996928618
452.8038609329136 953.9806594249927
498.0540578570403 124.07021554969995
821.8016590219025 626.0032732234057
559.6197826793256 810.781707791102
720.7268337732454 295.49324371116313
852.8894483364825 104.6882168074841
359.98355440003576 781.7757019813703
67.85342329153065 688.2210992002028
357.3682742759093 895.510400104382
280.09056446161657 405.6150248662647
842.9505167674218 373.1122792912083
680.5850392888477 35.37047202775008
482.495196246107 662.7028390444649
15.97489374844089 50.45082795069317
820.0982614408822 701.7855969739492
844.4351419036432 65.61862332613856
42.377974113691984 484.0577905348037
290.7347270765507 213.32117106178998
678.4810558681143 319.14874293337584
957.0245059038454 400.99646076129534
609.1280142702569 338.5731067846459
907.1680894779516 920.6200574600662
64.72048688244261 966.9497593492052
809.6295790680731 422.74498739723384
635.1652734104046 721.4993438261808
18.631121924413943 943.6893102299181
310.8007731962934 49.450222583557206
444.9348605751611 486.3651796681329
596.5244013072415 428.0482646013893
672.7689801928094 199.01714802127617
208.37648965845685 60.83786544328348
961.8992765092833 559.3847259761611
148.22609229355143 550.5392072560384
207.097780033368 726.24634058228
314.22725209216634 634.6375023689372
24.076141383207826 564.4770668677075
889.2291565098437 419.7543064200583
600.1273984444513 956.0128511762141
972.3533938379074 65.27635661990188
704.9886485204611 489.08126836909025
356.6003471394411 700.9209665619758
781.3328527314586 164.7138904643173
283.6893413472291 239.52084158152414
887.4141345015848 237.99392668226278
32.45384835402528 322.14552940397687
591.0596524960412 260.54432896196886
455.0315136116196 700.1887912705342
69.69514459788864 759.1731952420924
463.5177181292733 869.101188571523
64.7928195402895 145.63020691434983
749.3161659972745 49.97848029737561
604.080013292302 750.4428132954082
517.0489820871179 806.2129852843847
382.6052371717758 842.0209004655762
983.5451669940276 679.9038795877802
498.68272576208693 234.01767090709222
650.0310082774779 118.03977304416293
865.8359276360609 35.80988305206343
278.7243088321714 635.7561268141325
685.3874043693 436.6092431795536
278.0617721188431 799.2896027874455
246.72250847676779 395.06395860068125
504.7673230983327 910.3260755356149
544.8874795209377 602.0015121826709
323.6737941495717 16.36537291778024
402.71933536176704 978.0420208403066
707.4328207942094 30.6050034267336
150.2543384311054 364.11759245744526
268.6698293735176 938.0177159206813
820.9796231113817 182.47339766732716
352.71732092234873 518.4763533941549
417.5607104217189 107.81517260167256
760.4677316847124 745.4137283839817
905.3042854143984 732.1882691128245
402.1329121143787 338.4003631384603
846.2912146799569 279.0290543775164
966.6834688124021 374.45541228884167
609.6650858327998 454.2393768798525
959.3454623298089 616.8780497506913
14.558131536618857 133.3129461632435
941.1811671241759 201.56547006666202
290.57851850949294 973.0969961536697
626.4510671207654 77.58371948321454
134.3808579181289 710.958245490583
943.4692902630758 134.38252580418046
560.8927577655838 526.4690481440376
297.3539814646634 614.4927817482796
550.9457452956266 495.68276481157307
18.850640469095957 785.8246444056762
573.7706553448271 202.56837754968902
598.0455623937644 495.58966726005934
982.3920671214468 228.3102479952485
452.22715174966197 29.564206705887912
733.6701512224406 389.0934276566497
152.79559865036018 815.2556429148372
892.3768884057359 163.97794164757002
640.4514007096803 319.12395160112004
160.74814102012905 56.97130679880232
387.2634819625483 775.1308780562454
869.9526410726929 179.36629669313865
624.6068940141263 985.5092654414991
80.79323192352742 48.55184069814814
100.036383389454 18.339227234675764
767.7447221369994 297.00093281107337
479.51483093862436 395.51723351352643
399.88004620657915 808.6902374661917
811.8073414801088 302.0434075528583
107.57438105358203 446.36695222443393
16.44471326082252 281.6712332886205
772.9730633685261 547.8102876023688
194.20788613872799 398.3439236378535
105.26113040781249 209.5244273341405
727.7529988309478 94.7568435361001
834.9023154750403 564.9672749679609
325.7643169652011 715.0363643355295
681.6502086042568 544.9795190587929
459.5696478573564 762.6435225694355
153.09655728411792 119.36743291461165
196.29224564569097 241.1599316389669
885.822910786003 264.8841678174575
13.802871924576387 175.08273126209303
431.85085329354916 518.1836458815662
630.0548840446477 488.5085256588012
394.73551730326955 244.63418761147727
552.6499392433991 777.8050908725612
152.9200142614902 228.33895512500027
225.47913533152902 217.61277734433784
