objects
642.9077852428467 241.9330423166712
269.3473636801021 800.8800597789918
850.2744471683009 813.0329452459835
713.2256419221338 668.9579835638391
204.29799509708178 682.9457359959002
983.0310114004432 684.5306189077766
369.1074368299362 834.2698882629368
529.9406545752704 831.982027203346
456.9394432574444 106.29602360929192
740.9427505359142 866.450395763046
452.1268742716251 212.14963355087775
99.72226029140306 157.10613981983764
461.75173398732954 761.3990245770314
206.5013647478626 862.352689775659
611.0489366218861 248.95345767371018
900.6605990034775 642.0259021714406
864.9721258896413 741.4220532453639
837.4137107782045 462.0420099274862
421.99490282340685 324.81389616823645
698.2384066642963 903.4255623741414
97.11475374267746 193.25936854632226
29.03789147744449 567.5394534844617
509.9003140941849 935.256227747471
295.0106073908681 299.4361135267426
950.299099745233 652.4983847179943
565.9416212992599 107.17751483138186
20.262842828708006 388.37581998692326
846.7317086664345 842.6910208847869
928.6621417924806 124.04103327956992
74.39629374005845 506.62392141390626
458.0179452749077 39.35518069214681
805.5625386215079 915.4030602071725
897.5206496916968 536.5963018160812
355.73789513645625 183.15751234600035
766.2901007297256 62.53490757397529
839.7444312669915 220.0780422693304
277.6970873669551 630.1061380161842
402.559089907201 627.5715984068081
304.9361425108706 723.9250189921219
50.41178513551813 242.15835866836596
814.9334760394731 295.96158242707736
379.1295612160177 110.84060170235936
42.319622359710436 80.55512410391314
390.58922150936183 275.4286637470593
437.4768934381575 167.21807414465695
666.4941367374157 715.4231856264341
849.8109758209005 633.1375133156184
213.57201364513216 465.27056383619333
238.62131017665658 577.8795008206679
759.1824661309167 370.5195313432092
614.4809577225672 862.9960978604074
595.4640678960533 185.62602514451635
72.522405214252 311.4299608257999
759.1077634229653 652.8295636362591
626.0754752293473 949.3020211543235
655.381849740739 189.33085108599374
392.1531791646392 367.895952743136
60.226958386406835 44.3462381226965
844.6432946584025 306.3734008931613
367.45268127141236 57.40203175956104
296.6786041735101 752.0953239042109
589.7060737535762 680.4674510833169
796.0559899049701 771.8014156486736
964.3177779872198 267.2806973458964
375.9227125943211 398.5687644806025
399.01665763722116 22.911595690636204
570.2224526713937 724.9910528701465
91.03180705028164 683.3738258893292
860.3724749266388 601.6100739680961
251.07967752909857 670.0751402375736
745.4902253139101 177.12615273395718
319.5104855092109 271.59814585540744
727.4987040501405 439.28763558616765
758.787232452296 763.032980492989
45.140629562708234 375.361949614921
723.2036247489457 301.4371717952149
937.7971139250627 688.8818572688576
49.863942103505465 480.19338834736635
726.8640785376501 257.764932351575
893.6055729965165 132.91936827463925
733.547788037848 482.5211005693169
649.5368737113296 129.07339848241307
835.6980064278451 81.30994819902138
788.2006871491774 380.5628866336253
501.6847704978051 484.2880651324065
138.12192878850595 260.38676183398724
512.0229935905073 17.110176697298993
857.7259841531699 62.93024886078926
544.5171256189869 483.1714620938661
52.35762108982797 694.9030141615173
197.67667114830027 95.85906005610272
978.5586245976666 885.0553215770634
569.913217434134 948.4765113408089
830.405605761001 525.0217554763199
967.1284055249424 757.4797242642086
173.89670822180105 757.7618064006892
934.1717411675821 236.2023480721254
198.97338916329306 898.4725768074073
68.11290357681362 903.1261949762019
285.00017586414424 334.2534606406213
125.7240415729519 697.5629485743019
384.8262555405807 507.5262337887661
596.6168307536088 464.04898572750585
466.2345942558021 794.3987892103364
299.28100760133464 938.5598162314176
521.456910955693 871.5084514982908
197.26291852874365 21.982843990828393
756.3216875556701 263.3775623987326
163.00563498569497 970.0079082506743
896.518248393674 588.6433144041702
147.3975685837446 533.0280696133722
647.0944851403153 527.5997173200309
551.2533835639514 798.9187250744659
552.9768121274875 885.6706220087614
977.7696423461923 720.1838152468831
144.44714811123106 150.61529803859008
825.8976224574253 43.78309975258718
327.59176401795384 447.8372219318779
732.5052884114202 627.6867600221136
166.77915341920715 266.8298937673234
797.7692695412479 337.6314272355714
261.0933393410844 827.0790042685705
268.9862445134073 432.44335130672505
472.6678815829032 183.52953431193234
234.8514344983915 699.0208621538812
195.48983818886933 176.59702339689963
260.5319307902877 234.4005246197653
294.0585952180985 23.042249413445695
519.801668439706 91.18765619058445
459.9312548574851 601.5363741063949
608.9008346689142 603.3403196979691
909.8116680944125 77.25859566772648
418.0215674608235 407.8850834108825
449.4040451635468 908.9105356691875
820.0202579663186 701.5047799655616
647.7361000511413 435.1104627723033
629.6723454036405 727.8542651660149
142.56700956658491 489.30088928144403
678.5768283195805 954.2714187381213
472.36355335317904 720.4573833553943
79.72661282505608 752.0755516634237
742.6874595364582 940.0145927630716
232.52638827811145 263.29553562460194
635.6411462140651 784.8530409820391
563.6894295805979 300.02554421517544
726.3690965811414 111.61599841391555
933.3776523548249 410.66719562615725
650.0159630026892 635.5284828948426
709.8588180645946 16.322388541184857
896.0236642111489 882.199853670011
873.9752928948133 947.7182398982098
100.33595123519548 855.9714816391428
87.77800719814786 626.2200524244759
216.38763461393927 208.1380753322755
114.80145106095442 312.8182488176077
541.4192705893394 623.241461881424
767.0447239398086 97.25879462990625
395.99889179151825 832.310698922645
88.78402655649275 344.9735152846603
264.67206971292705 480.01920434581154
402.7286745563652 744.2572036588501
855.7395679692306 495.5870417382035
356.2063897258535 478.4464239541674
568.5643704962027 347.7140827873693
767.2344476043476 445.3157346228303
214.75341243567365 317.5106000752439
576.5006355703315 28.96023740861837
432.6471545410728 458.1204219305977
760.5093114787884 206.8315949188311
294.65518508786545 543.0965971369478
40.6372088847026 294.58554583039006
278.7231284475967 130.3503086114734
924.5270364578153 582.8758138588978
982.5276479061498 371.4015469629013
166.07186891006725 97.80407708157838
