objects
907.4879900930263 889.7758853979192
206.49066892189092 103.60495037201845
647.0325869395214 520.6565379087325
164.17037943929807 868.5503602382961
151.6470758334533 515.7149412409899
743.8319081478826 229.44232133992188
302.2062919436387 734.454084861556
681.2482936594059 757.6403942265771
93.14270846966313 308.7173552657632
849.7573780522525 663.8188291163974
853.699737435036 381.55023915257823
503.2012855104648 708.2746751572432
336.76923810389394 458.62064304771985
533.3316789555132 364.620625809857
569.4950483205799 906.2619663328219
