objects
348.65712470163857 326.0994423385851
392.01165462577165 111.64699728920424
127.62829433920425 258.4181033231138
874.0642404411142 583.4739092209539
594.2980010514551 508.8413094611091
781.462240846222 900.1029189398963
117.70066214106073 891.9136787428276
463.0997727453196 708.493815877773
238.52162256048217 730.8995056220834
798.6803610728695 317.3598629974486
670.0830308280025 759.6256314760332
540.0736502219149 310.69799032779576
105.6039187901308 539.8415035050587
327.30961631423725 536.7456946971367
799.5462325402893 92.34163663899766
