objects
779.241033451206 732.3883179938798
97.72374916566875 603.4432873168744
151.522476192041 416.1119951284529
553.7362602885473 707.436492296224
335.44769426102283 99.7726774694321
793.2362564264505 139.29422234904962
364.26356533488007 870.1309322532628
876.8482734759039 302.39471782985936
465.95986180958334 327.8538799015124
622.147600930754 896.7626468894455
589.2252334505989 490.24437911964105
118.92407888219364 194.948580425084
234.19656589168068 738.2670395594838
349.48990733070485 581.5853677065423
512.6285588345797 127.84328464062067
