objects
721.3731858068936 245.7136257185769
609.4036529766912 868.8245098599932
432.25627245049225 284.4887923265862
217.57751128942255 341.7400465590424
551.7714214901398 458.6518644351755
308.8003666269809 688.0617067352013
169.75562129880075 819.2456258020994
810.3548563918387 893.9995441171341
747.8606807053065 565.9393143421802
147.46871858538216 558.6113330001518
900.7855519385225 98.80204412351586
403.99557723632114 894.400899979282
901.0915947790778 681.8312179783946
236.74293158841323 146.123033765302
536.2802165103145 641.0102074646189
