objects
299.58887841344045 140.78242603491978
84.89263672574906 516.1085218948581
852.1965015749144 394.335321342174
124.53225330339274 897.8348434055403
426.795265031257 537.1525973921954
573.1594070784068 642.2820203762568
728.2648540499958 591.0602606625778
394.5755429159523 734.2493885452334
900.4656873304177 550.3772241035202
880.7991345759632 226.7757442372415
93.24336165335691 266.2212473078433
696.0147501570539 189.48777015309412
569.9320085560114 318.97296759050414
572.2297005743583 865.9241461994978
143.12569719824063 92.69095234704157
287.4300701931819 847.3210087813492
250.88835814359402 637.435049543421
869.2554969487358 714.4150063912376
775.5619251810396 915.7542645484681
430.2336167591647 233.43706247717375
