objects
338.1276927213231 619.7764368264899
640.3361327539338 475.7738925538764
525.8446756906704 128.9777064328042
916.0911524677829 892.8110351493356
871.119241313193 659.2967078485867
847.4494644135524 497.9720209286518
699.6767797919241 172.89501047314542
614.2250070097956 700.8518241764054
911.7897072878244 162.3668748507266
518.8250949838593 357.94152613275054
851.9949940769947 339.42673995748623
185.24440524775508 686.030443755862
303.38225547586245 227.15198024412422
310.49109480765605 908.7032171074961
146.00273136441592 913.8891330526696
146.36980049733108 527.7283772657173
490.1426787754211 908.5209916438761
120.38094158672286 85.01248830189714
687.634574572159 857.6119401309071
99.28211977495758 328.7250455456507
