objects
432.78999694468314 419.00573621858706
125.52386657226768 713.7456607237203
541.4128941678151 541.4851853197939
700.3403765624636 788.2588352562824
522.1687254068559 716.4158399724912
860.4346976180118 754.6691116877086
919.0678076906667 431.36107073061294
883.0284120794875 581.4986193076556
200.2584544791003 391.502081804188
325.64101381215323 554.8740718326407
620.2459314473928 393.287395734514
709.3354046652056 95.19304371769748
189.43577212935085 138.5114066671974
499.60733567345216 246.2004996176284
906.9944141840809 104.20548507458673
253.66043460608114 889.8487693370109
350.31091964949985 763.0405808097833
769.639946135102 474.72239299195485
819.7635161142915 269.9516542908273
93.31360772573187 901.5306546021737
