objects
718.2472526686992 896.9308982670177
796.1832175099535 374.87133437409614
676.4781584324232 475.0909693163884
578.3714330108398 617.443818465142
82.97947068984199 441.7638759628303
526.1569640112299 206.44521345848102
449.8204945690165 350.59016707451246
376.30964671512635 148.38961120406546
799.4525413634111 156.36103510921862
731.0088117135186 646.8496247260732
895.4747050805579 866.4907428175211
227.02045616068654 291.2033604472833
571.4019792075184 778.8551826769964
246.26317667073982 660.0105351231161
250.3709164485236 899.5726934526253
393.8659839710484 712.5752855888871
239.19729637085572 470.1798460249979
908.4574461598862 627.0564358561371
419.68838172517917 528.4469052289479
91.18964237079508 716.9422674974076
