objects
396.8877200223885 439.16181914918354
120.37585323545538 885.2622761935077
645.4565666569858 667.7948400562803
673.670738741174 909.7188417781977
495.6115915048599 318.1813734938751
891.777778976602 101.88373763699794
608.699259727255 80.59117517791147
133.1903313375833 612.382251137497
226.46412647313383 763.6616889855701
843.7484457928175 287.35362805745575
187.0732292223271 80.31727467253509
361.1015736232293 849.0169814082792
194.2725851098569 444.6257067503141
787.776150417658 541.4707791230663
369.3860988182608 628.8251209762235
912.2853290719298 885.549608771704
763.4910115043656 776.551920894605
126.78587796171627 285.8493048657185
508.7763922074221 755.6168692534454
676.6394077682828 415.0136281280023
