objects
64.12225292269653 554.5297439339266
571.3434296850774 658.9659156867516
107.81603604125598 706.1875598682349
936.8003950003126 734.3710634170527
680.1298000757756 783.9556439036589
196.95856439003578 228.87374120872022
434.5669012854081 252.2809722237408
674.4423619168532 670.1197682071787
903.2799692140387 464.67071973944996
722.4101863733016 220.44509707277473
354.9294444129674 563.0606957529395
257.6064305915975 380.16265121848693
579.0625712298635 407.687931446531
254.07213324741608 121.10933323073797
516.4417305018352 506.12252531560245
281.0388996927285 918.6219011391424
303.0065488728418 489.1119122134372
495.58021334439576 816.9003468395341
820.5598707669928 384.6768447304116
387.221917688339 434.7898917689521
797.6702670274635 900.7955831525799
842.1741018915744 643.0961521212286
71.29199897782055 925.1261047079594
62.65902240931679 416.4538659720023
587.7438874166752 51.035182221640845
481.1752062480102 166.80266014701007
451.5766546428415 711.1074117532288
778.0421927591531 119.35238091265313
130.8196116020861 107.4155498891243
174.932927507966 619.7697484474189
333.34659170272056 843.5363637719137
215.12563249320823 840.7353246815802
836.327521200917 779.5554897123887
474.88323401511803 48.004502154666
849.9623598369816 284.36815107784764
706.4877971881644 346.3045065446509
729.7009754240603 504.59087486485254
248.55632083780353 705.7442407050568
544.7637593056395 935.2353976800462
950.4158481538731 824.2395745308586
620.2565736927932 137.9929980209378
652.56564740526 572.5135982489973
497.01657465743494 354.39505516541186
143.7883929481196 324.5168242363634
80.50157900428388 251.850595181954
