objects
559.0494286346895 625.4538717837116
451.7014158203345 581.6075943062365
71.1772966514863 952.3220210212464
932.1364331351142 143.17886395596074
773.185076117255 803.0278315068729
127.65968668340662 614.4843862707419
327.74026697900007 507.38495917263884
491.56439469557887 401.0214538250037
671.4365361687635 547.7633430769152
768.0371256059398 315.2751993866468
112.45209248829588 373.31258879783053
739.0015775574116 204.6374283022371
338.3693504352883 393.1211567608097
840.1780658432331 186.10100844535162
625.6233165045071 768.114252945876
121.37250308306554 792.3110227879097
864.878414462618 434.1275186166732
175.44283045116651 178.825274369927
242.96723268664397 453.93995021362366
871.8807974788316 763.4406894375569
769.3143818108103 580.1686978804512
239.05183495153898 101.09054059799223
358.2871521490411 738.4826385259234
314.03949184457025 858.8970404396256
907.8226480976949 527.8285831518733
810.5008911556573 887.3163282215227
913.4543180980676 875.8694672162509
481.4408065614518 103.49292498895551
844.2932205188306 74.93869021846173
331.41797536015144 101.72463995620095
608.9548702592265 353.90369762949524
737.1465939489226 695.7405096767733
936.2780502736847 337.2839586416
872.9845806718703 645.4398825889806
621.1883661275256 183.39040403062123
205.20912154990927 828.4766980709559
667.762108455976 938.9571461519703
105.9571955002339 241.46977369307146
236.2362917181533 694.2866540514185
440.76622061123015 221.91437080945246
260.1276331521785 229.06585508164366
322.9848836130388 292.45283017048695
145.32315016821397 519.8118573795916
765.6544048089679 475.6993943755531
81.19557017442182 112.32128201749009
