objects
484.0806424266424 351.1537090687504
361.4786639458538 226.2713162241232
69.08176703160292 157.37969485364056
353.6466956789347 469.9352390811811
533.9676313120904 562.6971902699345
403.1211884763935 576.2704667557297
753.3003271200746 716.9639307607271
405.0136946634763 945.4300054125092
507.23590380767195 138.34729044677655
563.2117510860437 694.0042014469542
655.2093549672076 545.6135140469964
199.69208417416075 513.4163523864729
932.6178122435834 946.4524939072288
939.5154741244914 510.80564593695783
256.14052019157276 624.2628100992049
224.93820248199103 184.11805172045752
620.554363310377 83.14270967155554
370.36950168050333 672.3720698561881
947.3667044648682 802.1126393781403
570.2890054116434 868.6948141026811
267.77866754451486 952.3587481562153
819.2917797548791 74.7660742711814
71.84041769022632 811.2854425839323
675.0087147056063 953.1823731038736
701.2793670812649 448.4350946047814
701.1239417866173 244.00486997716484
46.33071146639211 546.1277018133177
785.3028452143637 888.0337294589482
815.8208204184853 387.0914585345101
726.1169555313656 158.13076156106732
817.3665458026819 559.5827510644017
127.94694169664382 50.711397803879834
48.85194965031606 352.7149696416188
200.1795099966089 333.0208066795283
103.7652476192134 938.3783250257494
305.9333026792485 765.1535375498853
919.0497701935475 249.25338547120361
485.892340958578 792.0445893705881
792.8523038665537 277.4822482809263
177.066613875521 692.5929816330225
105.34650609915184 460.8532175849212
381.77325187437674 344.6225720515053
104.20371727458411 277.0878719575042
849.0184679406412 821.1180672275101
901.4713009572883 599.8427993940168
