objects
618.3379959066173 279.02442935908834
839.9170214677612 847.6364578656281
842.503373085838 454.6778748283562
264.61286380845456 503.96198369978464
788.0457064588271 223.41510958392377
485.64138926618034 59.81765950827691
863.3926071452089 331.0625456513165
919.2247554337454 577.3528856204821
271.1427307464308 724.3333784040065
52.33584025426447 78.29610355774838
672.4631861621813 939.0149649733154
92.54131581264143 252.58624130133228
222.23450909781775 129.04559947014707
803.8349300822017 687.7534826825005
303.0236616477804 316.29530560747185
524.0879229613249 873.9250412477382
906.8700527169595 741.8258907249375
408.659029859464 158.61091636075983
463.50314903483735 250.1878559298854
411.8815360444713 810.5303122519254
717.5981855508784 319.26005580989016
126.76802324154698 913.0854371040255
558.7272120208867 504.7080308339355
346.81486384590727 556.6130091531425
486.4176754409175 387.59314246420695
588.7067620018662 388.72771096356786
923.8278594477765 209.84045539217345
504.55946388494874 766.2609974297555
761.0847198358614 598.0552863588825
81.11777364635216 817.0046808559332
103.97954229475508 348.7455500815054
652.6693633047288 123.4644336386709
129.87439716364023 565.1634722844623
105.71096730080254 469.49672406845735
362.3507650957048 928.962665029695
563.6553399476817 160.42227026309678
512.4167447953602 616.075193696572
619.5847841407236 854.3229508143445
944.7612696709464 71.63534768975984
666.0076063852541 623.1151130487526
645.3258748561971 735.0617842404766
389.5817113538206 673.2891832327449
92.24838223397484 714.8874137236452
762.6736833288667 912.7779876758416
727.7915956353407 57.9657065096123
