objects
91.71399669319021 933.7337605533903
57.27501990248386 330.1991123642135
727.5403224645122 441.6379459591419
79.51434445303373 427.234036551745
973.6564808279716 361.08602342041195
819.6443316862922 461.4226336732379
458.989564086299 288.995441518139
336.37087960795753 318.37233027239193
77.74408309383429 268.12524089760257
430.3835039576347 361.5374355695575
770.1496847409792 558.4748726581846
315.1158696888397 261.8402884659385
261.40838651479424 898.7754340511452
952.7027688402226 667.46034165317
640.5120901694396 900.8389265448006
806.7851644999828 529.4926086708119
693.7535370664826 501.2413185118125
588.9641634252997 226.44741851116459
682.5428812084511 792.8582203046101
211.72437932677076 260.1429339828935
161.876519465328 350.0020234474576
926.0287095043163 288.98390543777634
162.89665152574395 429.3392488794896
563.9119345495943 632.2239332416303
874.8443669763755 647.3182759403708
914.1212521484091 867.8990180859686
631.7376420680257 639.0290512959666
842.2206751996075 56.5602129986364
199.82396592354476 147.45814215260918
422.49037629522417 754.2219459418047
544.1477109356948 212.48558862396388
509.3849877600428 579.038055930052
385.1142520659062 804.5476966545805
77.57999985360644 889.0750429427442
121.18173913844535 163.23880977218496
928.6435179925794 720.3385625025169
380.06096657261065 936.7734538348998
330.69858481897825 566.3021893174297
182.2707121601861 633.6202044791463
669.9762966009513 179.74120405284614
277.8136475399882 712.5596171389385
411.7261846199205 645.2492855542542
756.033950723645 798.5216949893068
712.6493553151382 976.7017017408203
690.7856960483439 252.6182468900444
767.6361369909656 697.8140263281659
357.93706788445803 451.92761073225597
558.6937494053591 903.1043522244454
463.30228907487174 600.2769832378449
263.0973598998491 420.4383507172702
383.26782629952237 853.8855245193564
302.60767953646234 215.00063145129025
236.91352332433644 853.410049785176
954.8001268372307 453.6021195868901
38.421014753453264 225.69938162916205
470.010063179358 29.89081739493006
408.78224817550205 562.9498900588235
439.2527351243367 220.37158524723154
166.3066381216908 195.26940309863923
975.731242722258 872.4329533075039
70.2856562819737 133.8907735069832
726.6504516543981 676.6887569956298
864.9959710421789 539.2891992690662
392.98289010270963 497.7440702397468
396.06215542893426 118.52363871351959
293.52468082501605 844.5525552228585
531.4996127750718 462.8502628820761
479.19196247511996 852.0309853847697
599.9398613783443 746.8836046595206
139.67515099034148 85.80572414686293
388.7265063852533 263.8392649474592
521.8154555298173 956.1357780735117
839.4536228560069 587.8268101200683
762.6627100487219 172.11866336200768
645.2952544928165 245.34546162204146
866.5728760604187 753.738245737985
839.376291490068 685.332805017814
574.8423552326602 438.4501151352222
872.3712534624071 829.7473109819895
701.9505017999954 715.9061136923671
351.5550488888882 222.07397633611535
604.4085995187054 332.20955613035244
137.01401233586398 794.3491033622414
491.8856402812727 319.628743468652
889.4276907907372 421.9033766976691
305.7254791120663 475.5602403498267
855.9426827100317 177.9241400892579
445.7491555817049 946.6835564029312
349.31950095420285 150.09693961526588
633.7838955656376 819.8536994877569
837.2129588458162 387.51970460222066
532.8471967426867 113.1321362331687
675.7328219914288 595.3839755901433
242.3607348301838 83.21742849923133
475.88145910753843 382.0480792729708
453.44209295488025 169.9592969722118
251.7759487547405 160.0203236743758
166.60546578713752 973.5295613137409
514.9393113075447 713.3035437205923
929.9927035758512 771.1532671054214
851.7375889804288 962.5916083397597
825.8900786382782 331.6311692965545
50.13837164650961 511.9073667293497
639.5456753475015 687.6633435712002
145.5883419676424 33.6085643845269
846.330701074095 262.50188293536297
346.57935578193735 622.7260420966221
888.8166030386185 98.85603038188255
409.0743892091097 313.1300742665439
652.8965657422799 424.84870405548423
746.9125480003345 383.3304817227846
969.6543068867213 408.44760552897736
939.9323056653476 817.1338432248677
24.06097113706705 140.35022891147605
727.1948808562297 211.67476724136372
790.2629866518312 878.4746342714377
475.17960512442295 462.2449138839194
694.9201212209307 837.1183899774518
696.3392834504644 916.7104799810095
905.8855717999356 580.6909637458481
