objects
345.1979061316789 98.4166499669228
763.7589087446769 505.40425748007226
496.1436335447051 613.8836303466076
631.3164728144956 364.8063608227486
826.8755338494784 934.0935697411937
823.3268066290233 152.672387483187
600.0528163537189 889.242826216771
319.663941289522 559.7514676557664
299.9762433505623 805.6413846029598
192.1539658502802 938.7425327909943
685.9806493052512 661.146498373125
198.26005291531007 68.02502616567364
170.07688925036553 188.58883271142895
660.8307766140189 820.8575509509714
819.3652561735378 873.0873883931365
301.94742555715385 503.50164033140584
590.2942717494394 299.2491599484299
698.3353273527199 747.3587538659758
953.8465054644148 110.39731314220587
910.5669781427265 954.8765918782607
453.25860179086675 632.9896963423627
38.529299755068706 70.12199797427732
959.7341387966748 216.24606076930317
401.15845039890615 435.7960824178831
890.846296562525 215.70540466131158
346.31314408071944 368.38960731269225
738.9107956205798 340.3916386966473
248.08291319892288 421.03109915977586
154.9273917272456 657.9202728021634
78.57922980870678 40.202623182998686
249.95530313013424 369.74365849364517
121.63696667342941 762.3252117846143
408.1990039187329 668.8287645605072
145.6590145463149 431.6042154977592
81.40573859057714 514.4429964930472
110.99360296684968 296.1959769226269
830.3223953164979 313.2136984627455
613.8659501257797 38.78388356818741
493.1428719716212 216.96963787587825
547.9634543341891 74.60949570807354
809.9208279009583 424.32360229935426
553.4884333547164 506.2078716805116
324.57536125882655 859.8603012453395
166.51523014523136 238.7353761586666
289.74880919560803 142.9742557908582
914.1169158563335 779.1072348397993
945.1434348956786 922.2706112378179
873.4627980437177 605.2755963322895
303.70016949898775 444.9499596346243
265.065352160054 205.47445299240158
273.8070382603595 583.1971248848382
326.16048340466216 25.208524753536572
643.417986960078 133.020760225142
67.78342219733605 695.0808577936824
246.29387148801442 739.2248724056107
617.5184772680102 521.8849579447012
958.9109863030968 647.138708516719
513.5823992942875 851.0577309223861
677.1399739375704 532.3998077663607
200.92293619073652 374.33528437738033
210.53297667754188 478.66671790242714
470.151195465788 890.5058093295681
767.109594048287 130.09569055611593
46.34864026568067 787.0128548729728
390.39349560054666 714.1238078819102
902.3308579899434 284.2536351112874
32.13107183721647 545.5111475559428
488.30106772839736 954.6106882807414
764.273263363585 695.1034760231576
689.3474387043821 265.52897596707624
488.39351450451085 363.9087254428557
803.8958311641198 31.906698647232655
436.54389118090734 752.0962380379793
606.4898891970114 184.55764724568715
620.3931569075819 429.91202295190277
156.61869431875382 488.8041411603353
434.71817870198316 816.3934639069091
685.3577512702354 400.97782885797267
508.1350629858461 469.952720416152
248.66474755246108 541.7948077835005
554.6173643804308 870.9511395315238
355.4981816072286 317.24889975444125
537.0109295821161 697.2617289887212
431.46865884470066 945.0178606511117
573.9494456858829 418.7767472832648
672.6987163640341 616.4787580692522
621.2235163983569 667.2486409532521
52.56362829678115 450.59787723270796
431.95343449591417 320.19626574412564
701.112532141254 867.7004628856289
85.10931401737419 866.099402560185
196.1422451889654 690.4581154054595
588.3343451488568 784.3960172959859
823.6021853744336 601.4314215301811
143.3679242247622 899.8101843029439
396.7907706496992 503.808837980549
883.9621153549103 815.113763490109
493.74013837862407 269.3098088592366
809.5815111215595 806.9834475113416
544.3779228481837 185.0786538941242
169.61861867063064 327.82218837112003
944.1514927118839 599.3684029076329
945.5651312203368 378.21171389769927
350.60005571020264 593.1702723288448
381.6382791034233 249.74347594332022
327.4114635881539 648.1305697234249
527.9940311505152 574.1491749973776
34.90435057764656 253.75032363484243
965.3545211154311 536.4971155042335
500.1298641546693 537.7934205635603
291.2470499121524 711.3997639800054
346.40867098058555 495.8972136671037
862.7682811959743 119.03686261315097
214.7202010704236 280.28758126878023
34.12190340201822 831.7578611610063
788.5140072127855 906.6025241072797
190.26634782225824 790.0219830920572
818.7679849840356 663.2403508312415
356.28162481727423 954.5145950011063
181.1815293633835 562.5323984998607
