objects
314.68932944607616 612.8543216964569
129.63970034807525 189.61528788174363
355.4731223006421 182.25144804730976
175.60857938117658 513.0051968952902
616.5089319612698 933.815289864734
793.2755689079049 805.9780516984295
858.9775690501599 943.6241965187587
556.4220922129742 29.183088429240655
203.1399460916306 800.5475382251166
669.6898514761061 448.61546913008436
81.466585649173 196.90535122284095
198.17778081838958 891.7613729928539
259.0789330000739 712.0593129463649
270.16346975531957 129.4578309111438
646.388160257278 818.8259882035233
583.6863493622906 441.5540027668395
361.3613249168014 128.1367601024024
532.8780245579244 232.3698817807723
598.1118927598978 46.55752700566656
263.8795416350823 328.3000134762579
339.8650467501868 485.91114118142235
942.8311447582901 776.2866811411695
220.50251565960502 537.1846680934563
130.59206198440705 913.6795212358246
828.8896258063315 329.4852625220177
706.0324529768039 926.1099494538054
436.25491324592366 59.76242709941174
39.872096085129456 431.6628897149485
229.04592176923444 168.370911343599
396.05626745193416 736.1558071173338
134.5063761698273 266.49302525376044
479.2616560785688 379.33965264056604
271.9676003346873 950.6806495140409
312.0179532538889 296.9244788373083
149.84170646450733 84.60787226664226
893.0072670828623 378.7396358457073
192.21639286702032 641.6911397205853
531.994694323942 552.2794400939364
327.32149419848696 801.6358786327229
828.175310935349 630.3908130267984
322.9678724892211 847.4867196488484
665.486833439729 73.94891338985269
903.2754982075032 885.0072612041123
927.905810488679 729.0813586412507
664.988580612118 607.98797394145
577.8003064728618 338.00224147838657
564.0224880609923 696.1201739082189
758.98094478743 441.8171207686451
177.8669776223601 242.45309709425536
138.45137017411113 24.65571741483002
33.358723137621865 255.2305908050114
790.9455810009564 268.5600924526142
552.4916450711498 121.74525721393117
163.94149269963452 155.10644696777226
971.2897815379175 528.0708922312939
520.9971635711156 734.239628154728
916.8287746856608 596.382495414802
145.6619538586336 419.36898965773287
888.8257960639578 77.58260216475378
669.600943426313 345.2943457741938
703.2443240997671 128.53856025434536
922.2481321753479 210.7955265148633
884.7865367917997 139.80773275526727
481.3012612680494 195.48858870589967
961.5995080664567 929.4616642996805
876.4607608756245 699.5687942421386
888.9744547834232 837.849607721445
527.7085147808153 791.4007632434093
506.0251597913539 84.1328511903973
357.5194171331701 330.00397452936306
498.65135100142294 469.28601149054253
488.50220638388924 870.3793926509318
414.4859009343509 886.3134431146976
254.42743867851684 422.6325191608306
826.0838658679755 703.7438821390025
128.1473263418305 847.3690373075447
181.55111794315863 582.2882673340579
92.34057434253289 350.9486533325731
395.7901953748838 685.4520838679313
461.4913925066871 920.5543433104224
736.7249864012591 970.4568338724165
444.0729274662551 555.9724195151862
437.1840858872701 427.48752425236125
435.3704682369362 338.34100486691074
263.7654878604701 809.3493169190345
647.417324944255 518.9974051476044
626.8109566635387 228.7449187892534
959.1907749072299 610.9112008429711
698.4310523934638 258.4577897318905
609.0655838669671 183.37915873584305
335.51911851876383 913.5861314480376
369.9092004605693 231.89025711103665
214.57304936637874 28.393104209177384
810.897376822285 896.4346212684279
953.5538970157984 288.5226886789823
104.4346074605756 103.59628001277638
508.33385023712464 272.0684102117273
891.2908272710066 30.920552409323108
314.35575774122316 80.58956456570283
242.5941464811007 259.2712669758807
765.3615115402606 609.0075795811949
381.7730850413018 920.3990955554618
805.6591502744578 956.7275557925935
40.20366964180832 148.08540343409052
759.0051703075666 527.834175713582
39.19331725969243 512.5379876696329
409.6490499610358 102.03644855921281
596.110952966185 282.1261635482847
970.9934415129666 398.9385655353041
446.22973382783965 815.6701702966775
566.0959544097857 904.4782409506582
677.1069236284403 769.9794292862083
599.3585296720174 811.0263732427612
754.9611638018552 721.8743848976475
657.742457717193 180.11660367736792
839.9016101445354 401.27208022919194
109.36659800157756 559.7526165021528
350.5375247904846 378.3701066854658
705.5197530607605 29.612411255634534
90.1573552258862 502.64440583217237
