objects
695.8048881398768 964.88017223196
630.3096300844687 836.8064068836089
950.4657190999694 632.3317372063857
68.17029381049771 104.27545751309027
856.141971136803 795.5253853281059
949.8654459397467 86.28816155039969
681.991249885905 831.8881327213552
106.48980770742885 598.4220348566853
123.5064654217879 680.5386780005226
597.5854719086524 754.7285549253468
627.5469443154262 183.99698659706308
406.6670585734852 742.7763988436429
190.72293255212082 655.2361613420375
540.4264829704161 503.43850855121866
959.009041998527 38.05430546465407
915.8715254024871 772.6789248783792
764.81819037875 132.3176251144804
548.1560480506544 906.3843955358848
228.86108531744702 204.6636094672373
394.0038792640308 181.8459106453553
180.55429036444295 746.9172584307847
457.74687530506696 609.8049706693125
385.34014244561416 973.5339005806104
492.6975591289636 39.94171880092222
726.1479933945246 49.4213213612675
358.3217214883962 321.06965678719877
265.3777696645145 58.389570158449914
193.24015360625623 438.36429694379774
974.173633080108 525.1219610854259
577.4327652496227 279.2728095899266
679.2633716046141 161.22735817422623
376.1223370522085 417.32109363633464
945.5254104469697 317.46788254521283
921.9207719748933 547.9742134951244
153.3044406776528 364.02147082261195
200.70373782255183 813.0792204211106
950.1779092497823 384.9539033021561
858.8484004582803 186.10472693391333
892.5613857652575 251.5876581902477
532.1410345624466 441.1368691593133
132.39339457750413 99.96088684496307
260.7351886045598 965.6663524760452
534.6348046420849 586.9336170569953
374.3544916011743 528.2869216078429
665.810934830295 456.43083980137146
475.9652392234184 236.11472569350278
89.0969156978415 759.1905131536575
747.0069270741562 637.574900774825
810.3637302072054 442.7533673226636
217.60284272290244 718.5522080656507
145.29145570904777 939.5076274542007
955.5069338844335 444.9408887610945
246.02542585559084 411.7138053364318
770.2413718891759 213.93029426592994
455.2487400670479 854.0027385835103
38.520869014193416 594.0688550248135
852.6800345050267 654.1022024291171
322.280984914717 651.9649770738607
410.90160253460584 71.218097765822
293.2858270301459 209.7067129778306
701.0856259347322 289.99589004443743
361.1073448948322 574.7273288958888
223.67106285679515 335.83087210668555
530.7761221087919 206.78471291486863
744.2785817194462 490.20000481133485
131.98017791736092 876.3847297037019
642.9818345790829 959.5770950611407
26.096406991174536 718.2371255213651
486.98499796112674 734.2296710489021
935.4148931487458 932.5647805420816
855.6057671079535 395.6456818241973
796.4036569753584 847.6081706552723
730.3466040981539 574.5504441900711
135.42593299254838 418.69731765740687
864.8675066634448 561.7454231976997
740.0169678626781 379.90299408075236
307.3452357892858 134.13137584283393
454.1379135055494 342.19182706725104
44.93942338972538 968.1196837482325
904.8185940925849 874.4363049999164
707.0165422066044 419.7519290724086
119.15970934892763 25.39968369703952
880.1934741963597 23.63388332215876
563.8511197951408 681.2257649605815
600.5418052406008 387.7944992367003
902.7180123098043 729.4652429942656
702.2235053072078 651.7689851441743
690.868568890148 230.75274254316375
274.31678231681 283.82951087835005
520.6454875503213 959.5077648296685
641.4078654585421 279.66235826288096
829.7880788139046 602.6007613061889
707.7015740971711 714.1978113968029
185.51707427311442 865.9822440165703
29.25777639225484 149.1748796134352
37.69180300900121 28.799034544201696
659.8840119624597 24.896139663255113
188.6572377421318 270.4260840719805
303.3022373706979 816.5260572772959
429.53710365779153 520.7966871433517
424.542380084896 135.39094085628446
805.4574508335985 251.69426865731697
807.9868184876141 84.23202637228401
351.6457328899379 88.74428856554631
693.5173890389017 346.51331171455934
268.47927455256087 782.5638871846498
421.6861518095038 790.9831404159726
48.64904800134103 895.8474163530341
672.931170504413 597.0938196718307
78.97184935873939 314.98865310033415
847.728301787798 316.1204482316202
512.0665629836199 876.1524155115444
135.74412118317312 769.6560547323912
252.9313535736895 540.7680963017132
896.7704206601152 450.3885434985546
588.3591752735337 937.1077737887952
348.4095819979912 831.5503819374713
513.6547345734788 773.9272451395314
583.625284895814 559.9322567959324
769.155468795951 296.3068077861892
