objects
302.9066579278367 241.72967348574707
822.6042997473062 460.41304178894416
960.5473232254205 516.4550719816098
177.94314661567543 528.3239538220508
865.1952246027708 49.68550763713601
956.5439035338802 945.2906435348972
113.23215076928544 136.99074754250407
398.750182155677 513.8649934502238
507.4136329470136 738.110946908435
213.9171246710955 89.63006773135153
939.4871717209583 283.771256116213
556.6276402038204 742.545103102654
795.6445909912824 829.6431799499723
172.131224667773 973.1012893009378
721.2933718316656 822.2457651567614
534.7164322791324 382.01994292809457
338.2681537122143 416.88099862880244
83.15297474892458 802.1334956563865
250.70263288441953 448.061361442236
34.9057709660736 361.9350070885772
739.4489719039218 429.52571352583135
916.4392069595073 636.2943069107595
299.88089573782764 491.3952055953858
73.36371451104479 851.1210903631693
950.8188649984006 697.3257103196534
619.4874541930861 944.6492781964748
570.7939752151626 45.39339504645684
884.9310232142003 574.0401288577406
356.32973315487476 479.24598808617355
888.2887707023963 213.67819460201432
63.87627050681317 707.067656673837
270.35988928036323 272.2729939860744
780.2653319022351 551.433771709802
500.8305418934561 87.73641128012491
743.6475473812089 106.20995061770525
310.30483331647594 164.42340743499346
457.44116901502076 249.24480813907147
614.1802060820426 566.2093788528463
673.2464962369238 414.95238993089765
555.6163572173397 689.5182560083654
501.2990423745175 38.86812201981239
279.5064812690947 33.444547369550634
662.5411519085869 860.9328411815371
833.9279246504348 406.4077049817129
656.4061389328792 362.8135405440408
380.22969792046683 260.3561257887764
137.43318893541607 631.3840824033164
655.3438687197154 35.204386252452686
249.80975961749147 122.1592413462127
841.5455819392687 190.8581628245954
386.05780446104154 93.29105899705422
51.00152269503709 316.0350627031869
258.534806873719 546.4263045278234
75.45992988665475 903.8289303119657
602.3791163865407 131.92112984149358
485.6209578547384 441.0269681317072
846.5793809808368 784.5443278428088
769.2389357813835 883.6772009119452
229.45701253047582 646.8480395031911
441.2596718004927 684.7445864845505
822.278149178914 940.8047834279755
788.6871719320922 191.36372676688504
837.8880079663645 885.3665800190056
157.60274203302103 360.9931972481012
682.3992193910289 919.7284746761219
507.43463249549524 938.7241545486297
771.7317334701379 63.86359203365353
285.41880919595434 901.9761558723042
579.3580836274724 310.0489621260828
818.5202828926845 650.9781394507413
356.1413287155512 310.3729388629835
539.2615345278966 503.56544714840675
422.98642436514587 575.0127327352955
611.3463403725909 80.63908761014677
914.7888022353269 851.7704362361472
446.4463870501421 301.3650129987301
32.4640110178104 554.708311196958
710.1929007156126 665.104159909462
768.4283747652295 650.6606567101412
426.6507832222536 828.0789730589746
418.81743945978485 956.2540073245268
607.2135789213335 511.3258527453965
717.7674539831535 297.19916997841057
870.2025120869235 505.9767704531739
125.22613225692857 741.140995255896
655.7380673664557 218.8182420464315
31.801653454291344 761.1378717425762
634.7362915373398 656.3923480625111
84.38954529663938 384.3981416171558
551.7215013039659 172.4691758992106
101.84011462914347 257.12583565180546
235.41156515174387 776.8389251648512
199.17419493728482 712.9133422236756
482.341191012199 149.92332903500883
87.51357091317868 567.9473816446451
593.4658783511675 637.498900322134
934.5750858323099 151.700751318595
728.9151102197347 758.4557697053796
462.9692186780321 784.1682007638881
360.9859556711397 883.907396317081
416.08072604244427 898.1909527230011
41.63519807835847 942.950659668876
702.6150530107356 213.26577753917954
227.59548866972509 508.5017142875004
551.906944187529 230.92083907135057
771.4107321398262 967.2226562299
607.4769967975186 808.3110511031446
169.1245918118427 269.2761813183911
175.92272846003135 658.010667602342
385.268069251142 672.1734290640046
789.6455711691882 140.1041778093693
504.06505458907515 873.057309641421
132.81904543846431 915.4375448345529
96.60808246722301 944.8925983609264
322.7253924842199 659.0518224768222
962.2414509306316 760.0161388747212
150.68527511326369 871.0464729646271
771.0595103653794 303.0536589918912
537.5920360761365 789.2880125594912
511.13451070937685 192.96264741352437
