objects
528.47592360714 532.362385298199
24.191510308196783 434.7259560280075
934.7264607902158 881.477669104614
805.3325957699827 112.27840085661342
681.3788043025331 954.6533652805979
385.7882432229857 385.7806625723908
144.3700466817403 595.3308734979163
901.9080372205311 157.91086878649855
176.9971318159483 766.9234679818431
437.58729542975755 958.7736198454489
310.5638268099479 493.3627986715311
964.1460846540618 276.4960422353996
195.02904489051818 148.5746685254733
757.3422444475225 920.7322833621741
853.3327205892385 291.69621076975665
719.5796985515694 775.9278458931528
363.0407276157261 613.7653010071342
174.83548165006647 51.73740362641678
584.1985465574284 105.0968621737165
524.8615378587627 811.197743260762
542.3502044457249 965.3700275549068
909.8404733852535 674.7843263167499
627.0047501276903 251.4464885171175
262.6072215706365 541.37811153636
812.5446200462992 944.7309905296269
180.07460088546074 354.0276917444638
372.2554761608329 906.1338784800993
173.78629039278113 948.7040757372394
625.8290436221581 154.33490042734954
652.2992455037995 520.5156054969933
413.97337464431354 219.81323017632707
28.83881107802032 276.2645584539807
932.340088681787 231.08346700933077
697.3808611000479 907.7436088871676
949.0145851206294 112.14796594551864
743.4275568290093 644.61099718166
440.2869308996564 739.6439136895592
209.80785439995435 819.5999910485434
66.85020353301877 800.6694889819895
466.25639871419094 610.2156029432097
74.94948091834878 902.9367234722429
815.9302584678335 401.8255118338474
551.0441764792449 53.354512101415736
206.54862854753156 454.041724859658
626.3303274670507 701.1089025276724
716.2721826534932 591.2998166230677
112.78987564311943 109.69354960329316
638.7905572140936 200.18677298153563
77.71060093799477 530.3777072512355
510.6384947297962 868.5544421789616
216.36105658521893 676.660922024673
127.52964962803449 235.3270363449448
786.4218400900246 610.7999485342168
457.982113803595 234.6947790703425
474.24362861034444 59.473556434424296
164.7957910702293 902.0751624707035
257.4158312393682 381.6170288716715
824.6775338749776 809.5127772654034
967.0872027068635 664.1870157501254
580.77783032817 665.3789152064086
174.1577540193934 222.8485887267468
622.5794237845752 325.3654897843796
957.1290081355698 737.8785201769473
586.8470560969906 778.8907936730164
52.505645020134125 198.29368376122588
817.3396986975389 41.62921467102519
43.858346636240455 387.5719281332134
734.4578511330976 354.33376821459933
367.09820980135225 241.81259261116625
567.7396421198325 604.5867119980468
29.160444009269078 509.6401567552347
821.7953734484212 523.7927902643656
706.9810326880279 135.56030947236175
308.5560527905027 251.66959386572378
613.2958247024471 581.8405923558548
90.7703705731817 711.1468173975013
971.8577367014648 563.8738594034706
659.1223526554236 766.2832101676184
59.861359673697194 35.9776818993719
358.58047741936593 105.50484202618513
691.3862217346671 380.41029697723576
462.82981762377995 880.0085020811508
127.27116392990374 674.9728268599941
337.1804098406652 367.2049800676989
717.0673612746173 493.9516509330974
307.63345260075437 742.189318507923
292.44451249135807 445.07057184781655
119.01723208584872 461.64086801697647
861.2735268587409 437.5483304835476
721.3550147303048 707.9030913533766
435.9578772383034 811.8283219771495
106.9787671208465 377.0381595448951
791.8560311345823 761.2576119633819
315.25389622874565 570.1966368633719
114.0310150828056 796.2562687072482
352.55373766073535 956.1036627519535
292.17717087897677 855.0126458460476
842.0608401346965 611.0581981046764
608.2936355970588 491.632140031617
420.6562342674992 305.1912532799089
261.51237408563 682.9912283532293
27.42783597391756 88.54295932647993
954.2554303733724 379.97962957172587
39.31573318656298 708.6312469096719
534.9106028362827 763.1049857674225
397.55788970590794 169.41474293037635
640.4505253323367 424.3858444809966
729.6355059830897 822.0780743983395
949.6720580896059 619.3291429107953
324.52565227207583 904.4751612829052
487.0606368658174 283.81022220111225
908.4174391466521 732.263354501148
411.2764201356859 659.2464421077785
104.35740307091821 179.09146140563314
974.2116920002788 516.5499425462355
235.98224257600913 583.4624743190112
962.9646796355806 943.4771080854856
323.8891908772582 674.4071544859819
568.4267721480934 890.2547476909313
72.56146423977205 959.5324630778326
