578.513 282.706
115.08 232.478
564.493 699.911
505.822 58.0169
440.417 642.017
886.652 655.584
887.103 277.788
886.886 455.307
615.628 487.266
602.062 817.526
258.239 896.337
708.277 885.316
876.642 110.885
139.645 853.605
50.2833 342.522
57.9994 489.83
287.171 180.162
295.888 302.608
235.832 772.19
640.94 175.511
56.2293 941.994
733.738 531.133
583.823 942.231
707.121 707.23
886.3 943.424
58.0009 102.492
176.305 342.608
826.723 829.487
353.7 816.85
461.211 941.988
189.229 465.333
713.349 406.664
460.559 238.361
683.185 56.7963
75.4229 672.732
399.939 123.951
476.061 820.453
335.482 435.477
702.464 281.143
265.469 58.0197
