393.184 344.259
223.054 295.241
229.241 421.116
606.539 878.835
409.479 698.085
290.9 738.798
58.3343 823.241
620.112 425.829
886.859 654.191
279.019 561.819
674.718 118.176
289.01 189.385
887.021 58.0195
545.775 58.0049
112.334 701.625
887.926 412.867
455.501 242.639
793.489 142.512
54.8213 276.953
498.752 459.823
58.0113 455.791
725.25 359.445
629.566 754.89
115.137 58.0322
715.436 233.828
715.617 941.987
441.158 941.969
886.974 285.714
533.613 658.64
565.843 181.726
717.173 662.007
419.026 58.0202
58.0166 580.656
270.712 863.179
830.494 526.909
828.163 882.986
608.436 300.369
443.475 570.539
459.614 821.074
759.124 780.838
