363.907 760.571
773.389 697.477
860.277 596.935
891.521 435.388
416.683 208.934
336.857 118.191
571.025 824.43
525.672 941.98
53.5091 58.0242
693.789 795.543
232.061 572.173
884.047 941.989
346.421 884.031
214.633 182.69
409.898 334.83
132.6 643.406
826.089 114.429
649.873 676.566
578.576 287.497
517.485 397.7
466.945 508.82
58.0115 295.533
771.635 885.066
54.8234 540.864
536.146 168.838
358.069 572.612
31.5841 723.871
231.813 941.989
486.497 730.959
282.217 456.535
734.86 375.36
693.691 557.625
114.036 819.306
56.8089 942.472
179.329 325.399
231.706 57.9983
569.975 581.492
205.378 746.361
759.669 221.504
709.752 62.444
