58.0352 581.458
342.896 421.765
472.432 232.101
227.539 824.137
280.855 186.038
484.325 954.719
181.906 943.011
63.0126 57.9995
888.127 589.996
591.331 774.675
489.599 82.6392
691.242 558.336
463.046 462.012
565.486 313.341
204.276 700.287
243.02 582.517
689.586 367.592
705.521 883.628
364.049 296.369
885.491 221.475
812.619 394.95
468.381 768.52
825.76 822.147
177.354 341.795
780.137 653.354
217.487 459.027
646.802 58.0266
585.786 490.49
767.745 277.024
249.138 58.0406
887.846 719.096
62.0331 293.312
884.627 56.2615
350.983 816.022
161.947 216.535
409.27 657.215
358.937 942.299
54.0224 818.261
715.328 761.417
99.5311 434.586
