objects
778.8276119974349 766.7344824375726
956.1430887222692 731.6951977689945
249.36647184291934 675.3043314205603
593.851333822282 261.58661140089214
519.8485491465476 314.80187012141556
387.9998208477472 431.53689406099727
841.646486173175 957.0670027215144
345.0922902564995 184.11064278477966
317.37983269734997 517.656547606401
221.2498352688748 963.1162865556953
335.56936194846867 965.0937246946901
429.5614282355191 626.5507728000399
754.4012087856453 490.66560700473394
378.5218951742043 587.8528097532491
156.32099763730457 66.26939780338421
87.41360634717711 832.9955989405779
310.1920346126722 329.594336932998
79.06628514542889 214.0591757853074
530.7132152656809 910.232490548097
858.3999163775533 610.7974889110122
708.6663111612424 798.0070985795473
888.2017631798922 740.6226860628014
505.8204625488041 729.4247188134775
63.32247500834923 282.77544973908766
626.1828457470767 71.69737658175981
628.1997036351625 806.8722037129453
522.8752694356851 617.86135353457
156.56623805471796 280.5005689146655
717.2811625170689 393.13283875088496
189.59267546976008 122.06045245103347
502.36820305016926 151.31841522408985
798.4110840655014 98.04871911491384
89.84669658099862 425.1981287139382
379.22310368150613 693.3379142185457
912.6604842163886 681.2462567117235
443.13302316673014 215.57924710155345
824.9583731392696 422.4137357871199
323.9406849659312 833.2646393254894
265.5207898322136 195.82267140751077
450.32470924689426 95.65276386743017
468.2084081553003 403.98229644631755
678.6083739341807 966.3476709977778
673.3899942879069 520.1744084770319
61.30706425034191 551.6858445852615
894.9473964081678 55.99136900391369
517.64935715178 217.0663659040299
285.4287855457394 441.8565944431021
734.0622728878806 304.88998509122655
650.9039503798269 392.45971137535827
712.6755890254532 672.6767697914884
172.94548064818213 835.8348688760908
262.49558165322685 572.5833414481833
430.00914766993156 809.0085308640689
420.2463609258249 326.8364339089513
83.2805835908007 43.75489167906282
36.00918639553948 772.9080561674443
466.6589013696926 950.9686891556717
898.7396013538018 313.4581133426152
947.1060237324866 418.8491124853943
866.8848563131368 507.4092125638318
383.18670618208546 132.3855839493997
125.57325747766237 139.27028087045346
237.07731427956742 514.1977274604569
894.7856535398425 154.59850068968152
793.4933153491669 700.8309916149768
796.5803758332268 572.3350369037431
487.28188666632826 530.3895862528343
300.959492291895 768.5591384859731
353.26499613983725 52.16535185940726
275.3043086730788 127.04799292785827
661.5452590348593 251.94333205937005
347.925591737077 258.3870355847453
840.135020956251 200.84434304083686
718.3685965966274 191.8456072477826
906.1033889376123 876.1330305992273
46.83636846180473 947.6874098068254
929.8930398097585 552.1215084262489
947.0309259713107 195.63146965983032
966.2587099024952 835.8819731723543
815.0706534751766 836.0933516795299
506.3117121068183 53.086355859360324
311.5970702760088 703.6198648293124
222.03580293198365 388.0346160753959
621.866722717865 562.7226186853968
207.57740094994256 237.9279832231644
198.61631920485144 723.4723379003143
729.5515023670071 52.463408040063115
202.82408744459883 605.6843611893306
87.22662860480759 348.16626618653623
669.4022036209113 881.7486937526178
