objects
753.6557716134262 965.2935269761235
404.3402254875723 155.74876048756647
125.82920027732493 276.0778661054202
635.3575559848467 382.1590817740269
282.4004568608027 578.3887884048196
844.9811101834009 134.50995248661087
806.7502206088255 39.62347876781192
36.2896949867712 443.2480009286624
47.44727444650495 539.4852265078565
667.164294499888 681.8453786919265
416.78791504688655 60.55083978542619
87.76717196214946 198.57209138223504
735.9289955954393 675.0786464517319
605.0704765545228 759.5316620793434
572.3681720115507 130.11853641667136
509.40455572117423 533.5227185742126
162.60087687325404 923.8875597829059
954.8458399767579 48.7846973828905
128.95838965136397 108.10926481168438
359.879007933909 447.9877577769473
801.2389900338031 565.134196446295
924.9519625676254 721.8751316312716
543.1974365099563 277.69292542315395
132.93878688447143 695.5815163349372
282.6181613133061 241.9149867384764
949.5407573554397 621.9317412129554
552.7849279389411 397.695398296369
392.8188787779856 316.4334276460454
742.5867139619271 249.42912352272316
907.9701849763009 386.851498362266
247.50867727423974 348.1879516285263
828.1954202251426 801.8418633226781
892.5643853857933 582.2698989797904
516.2904840869597 941.7709730887258
210.5294125872491 841.6993021515606
384.621787584379 527.1966981089533
556.6912831313958 214.65807846097897
880.0425510595885 513.0576795732496
726.6033835068076 387.8741174902055
896.7452087104105 659.856244484883
461.44036313348954 483.6102248744868
473.3664576274748 814.497712920617
42.93462589873218 312.4476512580413
703.5087398613574 465.3936617895498
948.4962234192903 294.631796570863
889.8917989271904 885.7231300237634
468.0169078394841 265.2814588219889
539.9321182179541 733.1957788117261
863.9813453284955 445.0438004740329
327.68437936214366 806.9038550201749
158.47064465685912 207.34479339213897
845.6966329540492 350.65419750845956
125.61148543865724 436.0023789880162
637.9654308545165 114.07981830327596
718.0164550563017 586.8077530177217
223.71846290870525 410.74038161269357
419.7947300693914 587.7011201466904
255.17946396673614 84.9298663548324
162.43392187519606 380.0179014852996
252.54237627168186 166.47303583998917
417.1365441450097 882.6049946085357
837.7369070541164 710.804848405745
125.72751103695713 562.8968219320294
161.05091408702913 624.6890701881495
83.23473151742436 782.8889711291366
663.1238271387272 204.78003848261125
596.9514362669925 607.519101086196
736.5323138851574 67.35073750449558
77.10237540059785 614.7145571470194
121.22353505961449 836.0906902246405
261.37768718262237 769.2550686043145
501.86125799003645 620.0182103971073
67.26448715868648 716.5017137494757
204.38980045457038 33.06803869630848
834.8612266125122 954.3266316031946
664.1710641870549 937.8907364232991
965.9487549490111 435.9515750855277
397.7774660753944 656.033303417722
55.388503578360755 926.1784801550372
352.2371942738153 939.4443684172422
783.6800684133735 194.05917691353346
633.3932119987147 540.542576771171
843.6263643269484 240.3104954303879
53.92091555074132 842.8496697088829
321.897030793962 128.38571961244878
344.8625155444379 383.04809003202416
548.7274973994058 40.536822664006195
816.4339382278166 626.8822972934641
655.9717494028375 35.961870463214325
260.64859159423645 892.6993313614693
