objects
499.9336427298295 582.9060059772911
377.81784101454457 776.5485395089407
351.4173948601886 83.36394231025231
922.8053649372779 391.4544243472139
82.63255262556656 154.49481164132715
689.0283290020619 456.2890054860556
67.52811038265173 634.0982702656673
568.7576805899669 664.5519720293568
826.8316446326869 580.1918490826542
586.1589449830658 736.7346910676965
33.04297994639723 292.23504635000006
445.29502173352216 66.79723114528039
440.94706032580115 308.8638835096217
645.550939583754 306.8334545373504
363.94332971425234 624.342369199534
550.9304155353927 945.7699832634265
364.3360491192724 164.41523928142044
205.15072722255587 155.38872458517636
41.124636394949626 448.42630360360647
147.47845123975674 568.8118703821463
208.9826943150419 880.2327484509916
84.03424042281131 753.9028469342094
217.2681494734535 565.4014300908769
764.8575643748648 896.1366102464267
315.6746323256759 805.2003188114261
681.4803801820294 891.5334581486236
538.1497278488229 68.09278407492178
511.9587822005116 434.1804597007625
367.9757064470641 559.0403257865679
785.8535302906182 121.46700511727315
219.29011978866316 314.3517982653761
746.9559871106184 307.5707777570753
952.9308872179253 515.7628764707719
663.0898189521712 652.7841960869248
441.0470953100032 889.1961382868301
466.07512722305427 524.2472039621047
328.6250654834232 965.8753721071873
695.9594634935156 780.8292295663609
260.83898924104903 749.5888129561506
570.8730325130722 815.3936791935953
452.74492088022436 373.1307686322617
303.01113704547225 514.5249455268674
900.3813641907093 582.6103751198448
708.717421650875 377.75240952581686
585.507776058801 509.0149208939132
648.3889909416179 957.9128312006951
786.5316408956069 249.5874173280489
653.0851525022233 718.8761524882485
461.7417707787209 804.5012485802521
665.1880142773578 199.27268358188655
962.3982146066842 90.7609705272364
831.9828837661074 426.92460381767046
494.6776144991521 690.3947409077043
539.9355125069005 161.20085677965312
633.6819397258355 390.50093087398295
124.03003396981397 246.22941889374675
823.1617127002751 503.7567010723337
964.8247640355427 964.3374060223514
649.7773366590715 523.7346058220339
299.3578237390521 697.257232636829
328.6253652193571 341.7139716352912
103.16098897968567 871.6384459306519
163.03553634625547 961.1941815709266
521.846264833922 749.8261868087926
589.7956257558136 208.00086059540803
886.7435526721766 214.6566395484126
437.20462728394835 455.9137695019345
887.6133251328017 324.36676425418955
262.88416683583563 96.6899529472127
892.8623405063161 946.6902406125392
735.3681388286238 703.7585032542976
881.4937336268612 708.3774352141737
417.6858676402537 725.2087775628199
847.5456554237006 40.78530459707253
800.4590053652498 724.4488822458189
234.5015212731392 377.04539436134155
344.81802773292463 408.13421769131253
191.12475669851193 646.6099716322578
967.3389060186533 243.38417169908973
447.13216974813116 645.4750931813663
875.5786542735101 868.4261779493056
94.38653204045818 523.3869985454537
841.188335144394 655.8859865100055
303.4855169133584 279.71052378832604
226.37615607387733 246.11343944034724
567.0022320869025 291.9471537493751
259.02243052341737 625.7084868660081
443.617245472475 133.09299029272353
779.9654746778837 965.4795410104916
39.62271410981744 69.92473333767114
