objects
452.4627550409254 857.6298639855438
527.4366281773582 660.4546931389153
898.8654035773885 92.44645879234065
245.70987094147517 815.4850050474236
403.2679824514002 436.1459249876273
730.7248136022839 313.24787569899445
322.2930141493963 905.4444100065813
393.4411763480221 317.36289050731403
809.2368782008574 934.0181482875939
612.949715591222 491.28745882440734
265.8461763405615 284.4881889839262
870.8645717079977 799.634622525802
489.77990526691974 754.8135892842761
172.8377357341917 886.7203313826142
309.68904455168433 184.26119618079798
644.037764545557 60.44449678728815
696.6770226234275 565.0917578831852
62.47272574725384 877.5208823749418
119.31633243678002 476.42592253871277
623.5615088193449 176.76191241705106
808.3513445082978 277.1835763017341
545.3262839118386 473.02990631129194
841.0352495237254 336.4470755419986
911.3466088851186 939.801103510178
471.3413781029037 509.6768594577912
965.2448620259164 529.2252332261899
337.6593088599787 498.148265592048
96.74312190735426 307.3715970446155
406.30115418499116 190.65638353686177
389.6300954172131 883.6769760950921
37.119982278248564 211.7135356154181
339.25747540300586 630.8315732220653
333.77679508469976 346.3477318300734
58.41646589662403 666.1108282972732
720.6828293715243 438.4626759192054
939.1072136118171 647.4140806812189
233.11850907197407 735.1913880414912
175.18812319297848 764.2761420479554
517.9839049535816 155.53807715635642
704.6256613912233 726.1922186369916
891.7535761775906 586.4420780877846
772.4559326874389 682.7270502042586
515.6665689016409 335.97531858557244
754.7026320125204 195.11632853794038
298.13844377097485 88.1824459574848
207.50529423543685 674.4949608606281
132.51761478959827 88.48835374301319
387.7313105866294 78.23479141414543
862.179200564095 228.67388358298012
757.0801413139316 889.1905832313005
309.2722493631759 567.5925312424013
838.0218380393206 541.6138684457974
212.84276619160352 374.3842054562076
906.568196610935 471.4355047271668
490.6079933710603 40.821611811888566
728.9785651222699 827.3648835190402
599.6055448303701 296.85737815382544
643.7636320416376 916.7477353470706
670.3886000320881 250.29997398722878
241.14083736362323 607.7398440783376
334.4219170060424 722.0391280108145
481.2209426600658 930.4872495582715
515.4987168772823 270.44945239833214
848.3675540813107 646.5909429102906
797.2746643204104 418.09357111069704
611.8100175841645 583.1202253734976
955.230014750427 147.77459088886405
216.58585126375738 80.35048927580672
293.32204410730833 398.15752452986743
240.72962958465934 965.0906041976845
584.5190479480827 93.97236362677332
611.6028794543143 816.2278088643839
235.64482762475467 183.71311366263404
808.1532454617831 44.91580541358352
142.73829334736513 262.8336250594266
883.9558291387727 164.19099132287243
91.79971746935924 780.6672229527536
409.56122576961695 774.6861453731547
486.40697861589194 442.5534502907421
181.56683944190132 507.51781771317115
963.1655805982355 361.9721375246246
127.44845830481273 546.662761053254
66.64318939492203 146.82105361480933
501.3039572204634 590.5163824744067
326.5857333037814 254.11394970536986
48.147630771036155 575.5109383150058
772.0702159511018 608.724429732493
47.25746901616365 349.28453451042583
558.2681371978059 408.6981542214206
539.8372854996385 795.0197934656671
