objects
115.1039894299308 893.5222784650948
487.0184645646747 150.55158716919414
582.1529640737224 223.73424468889073
352.84257278967243 535.7600640496244
871.3775282873044 705.9323556606845
342.3230205462445 160.98629640423707
469.68603314596515 655.8658545185554
743.6952028339742 245.76836507515566
498.11950935741817 836.7545501803611
740.7868669339607 71.3195155282146
727.6723255743213 551.618717534913
252.9998280795453 93.6186535265982
926.9182820511849 574.213054333208
415.8589609056196 170.6683619439416
949.2602090260044 119.5362069571014
38.81224394240582 779.2313991538803
305.6271763675687 626.3514460770398
145.88069499124015 222.67591878220628
293.6447053609841 758.4343787873801
387.83940533915836 880.6642682817959
375.51727003027855 102.29108208231213
305.739429131114 693.7053595427157
425.9902152079878 245.31773417965593
320.7029864844923 416.1226928559972
148.20273188394873 654.4082824839458
814.5194653414685 98.00053760176631
603.1844288118706 551.0248701872035
930.6365565112178 181.19923571162167
212.6851124438055 872.6513062212921
509.2051366333626 357.9200796394975
211.51595827726908 678.0124888941834
861.7820382902029 559.0538260526417
685.0965772140988 446.72198040027195
753.3794853141048 859.8879522299746
803.5403323547911 780.6133089848514
586.8720567921389 117.94468884185244
814.4884770931043 426.243504178468
753.9703535878873 319.7674367918842
578.5462257765846 36.401188197697344
645.0879778453744 396.31764159702897
110.99409865232013 726.4346626101988
534.6556404215434 948.64101595352
63.54116289529446 424.3677919631465
372.87102047786675 955.47750679362
556.526369199201 673.0623079638384
88.1847407179327 299.0863622282056
886.3562027769789 444.0797697427051
802.119125866342 200.32911745117286
530.7676339803451 469.1587884446875
606.5809770959964 822.2159720804227
201.9314235361524 591.4893100549119
897.9044470606824 268.00463371771644
163.13587435895187 508.7998864642037
236.89774819873367 168.01321853656083
450.89018242488896 745.7124265000502
186.0359851342401 62.59796395738759
164.59566728105733 966.529675923478
784.4580321052983 665.6938880381105
91.45996097479343 127.57049440975096
124.25758560063393 391.25162639223333
955.5789825640097 337.7477945910507
868.7945795179667 861.6153638417234
43.49342126852452 608.672448841473
834.8597626805469 948.8164914827594
667.1891364608066 610.2893895409507
293.3202141276437 864.4461937738556
376.36232293734514 614.5130910108363
423.74689144179473 387.5614585115394
43.58844693269984 854.0035027977651
322.32841541602227 35.45814495914337
412.0815483773659 485.5029042515629
451.0674011610449 893.404731270495
710.2843026831433 160.69899258529637
594.6888276348286 910.1847589024616
205.2453916324294 322.73737707441535
121.41650129429283 811.5966438377014
689.8680786231258 921.4095523163606
459.27119872593744 571.5163012531974
692.0138453284186 286.0382689811997
108.9594783085258 549.2662564311506
353.6593734927154 265.92712676839045
251.0682998619759 411.3324902291224
688.7321884960131 784.3153120417932
380.3226046579781 816.8322609256554
46.54182943636695 48.04090580036955
962.7347332636568 907.4042871968718
273.2440981807688 485.70126574620633
224.70679039696353 939.3384723506123
573.0997088765325 389.64178210856664
935.5766478698775 697.8704133133601
