objects
805.8652580267963 820.4086319154527
176.05116041502066 160.88831886010587
497.853659740867 353.98769329831987
165.6339086716814 586.2608221540787
146.46226927808294 949.2982497042857
386.825164000121 458.93191759410126
933.7829155629497 856.3033027336456
402.2496666506919 109.00065133375244
473.9477812845199 957.0844076238486
714.2483644558341 161.2048081365242
748.1043359244316 913.1784820056021
594.1980986154945 158.0035050605186
689.6831583683056 673.322177729698
873.1291619151752 405.8097833501256
928.8807945916717 480.96039257025615
537.4533279163243 71.22465262034638
565.1449716284818 942.1072938133366
283.74647198261704 260.16044021726276
42.43145349150508 830.6760849411824
292.9627852744763 428.56728056619716
961.2325555772187 686.2824651296331
926.974153689613 754.275058540871
189.72507746984786 458.78733373698867
502.08687202955304 721.1405597117193
238.44181734817067 615.713788084094
325.0577857550714 756.6099077701548
140.24820010220077 667.4310557586601
71.62360319313532 571.1666354492978
453.56536993818406 195.19001074211178
319.08280430919984 343.26778345718805
489.1248550520785 848.183274198293
860.9477033949087 259.45366117969104
673.4192616948782 909.9301447527943
122.13069385235899 494.6236666772461
526.0927061417827 295.0489244486642
314.5908238410342 112.61468323663547
770.0629324350566 760.7310161188745
458.72217763174314 669.7722474902898
721.3740488862663 382.2436877378824
845.0116205565969 170.3290815975376
563.3923834356523 836.240947236531
291.3976560675375 867.3411442435063
193.92905146621098 709.7332239951563
388.04692846473364 382.60345372229443
598.2735419802025 405.8643207102309
73.57964723456797 666.6665048518416
627.987379943546 865.5538693979099
707.801722602667 493.7928582990174
764.7935623211765 658.3112171878354
299.2286611467111 693.0538109962204
521.0713716079823 167.85129932661397
49.666017213517236 210.9741300297269
782.2827732905549 236.96453853867592
953.2089966658098 187.44932877239262
352.7902091928791 822.9507232908139
420.02086198958943 909.7126909160406
806.2386248634054 405.41670394761957
51.58590700342362 452.44727091783415
35.445987141438344 108.05724025182964
915.6246060830283 936.781114271341
730.3026596820112 76.71919357516856
229.47593235645036 41.1350935804453
515.4003606375295 787.9620470269475
116.0657344840063 63.319020006376036
132.49847773888123 418.811745480256
458.7612580985696 573.7800518123858
793.7133662078298 515.819265405985
598.7462811046097 708.7447105181286
860.7738617095409 767.9796125371151
403.06333930994606 280.1519738188584
373.0830807357177 582.7224843006449
630.7113800053281 237.36617613176048
841.5320319891307 670.5903043900801
139.3644230778267 305.55423116463817
227.02560208754517 778.6747011370417
455.9775788168222 57.27947174400987
619.2218734854628 641.1392206635581
663.9621768009924 71.32950758436564
232.54542505293068 125.01990830726683
932.7728504526791 39.95399614873423
649.2516618362838 787.2048573864239
417.7376420337469 834.3016593451342
381.53253696832337 702.5293558457231
838.7670598340575 39.21720300831316
946.9364132855947 323.03352768385435
586.4799974717167 480.1482980998675
197.98806165196999 260.1698739581063
527.8328903793852 440.64761453392475
238.31903742613508 914.7038227107506
559.6102148308554 226.91985705155918
