objects
478.9354657255967 532.2449071487431
187.72801670523933 915.3638283068358
186.35673351423793 503.13088877400963
867.6798137519662 930.9376091865057
351.2744931967407 273.6329820833418
419.52824413879097 850.269672128652
907.749577052042 535.5987963773601
105.47653174028045 176.60099585468993
716.8511545367234 954.2420634348838
758.7623635062794 39.04216024345915
606.9798055991525 485.1022422222358
120.133211884624 846.6444024221955
902.7868274806456 54.90030730205167
867.4108925861088 283.2181045010845
270.4788762080455 814.283398203583
107.74844958959864 364.41238998616603
506.23063812728685 766.2004943674004
399.2166822112081 942.3609306911991
368.35890632300016 125.58740298289709
429.8584144563913 239.64869888394145
802.1275084555529 373.1579279624672
504.974488039273 273.63976506478946
762.9319995890792 601.6283767188564
449.92334652842516 359.5140918961305
491.4630174590105 638.3890468534885
727.3413026472257 520.803634803688
65.47994580031701 245.65973305589614
939.679196163192 726.053692469607
608.1430471891108 761.2273023211134
728.1763549366502 127.84476639280543
600.1431269097627 268.8295979623485
748.6395028352218 213.50445415731684
622.5276929766541 667.4244544444757
480.9095669563185 181.49020660494983
375.33959073893004 798.9032618267794
267.451054140082 698.8976355698081
660.0203204886635 876.6937756487838
311.2413970727906 484.0535712555969
677.0140237668845 580.8250837114931
879.1820621787389 852.8733947463879
55.767651951728 877.7126165526556
827.407207290929 570.8573877303053
955.089950348625 830.6460225968951
646.1778667085756 201.47680859216206
409.7659099486635 664.8451365814146
258.09464596348545 83.86041572379321
877.7248124649288 424.77095924692964
592.0166962930973 548.3430678154397
150.4382431540201 762.8834372341527
563.3850247908138 156.61719237530582
204.79859519960286 335.7412926733265
204.1481989282055 655.2924854016657
964.1119988847823 908.6694354716678
77.87498430856985 614.1143809102851
663.9953642481472 273.83291122326057
950.5752250531629 226.23679064469104
262.4289654336936 932.2319338850647
568.6300285809995 870.6116201011406
811.8023319159796 769.3589986704214
322.24444686161524 379.5357476254285
472.7867073186188 913.1759220717084
962.4160656505709 93.5444241755881
801.6570757462025 889.5412395982767
713.380398576747 711.579593558438
143.69455655769212 445.62418774289324
494.33893806475294 431.5345949131826
363.0121548743125 521.4356007474956
675.0914866641704 401.0543096798857
283.48108907690073 147.09180791973392
37.325510191489194 517.5082490042887
381.37844630309723 603.5053031018342
790.6661295818502 295.3595351773043
403.05891308743867 414.8073450057424
535.257476394846 937.7928544409486
594.6821989337597 367.30361561992964
37.461010381952306 138.51376344072517
937.6601690728102 356.98900824695187
821.4497990881197 684.4858931378898
148.12067129968165 55.72264900618657
812.4621147463422 127.18213785461934
576.0891457909506 83.9728505873409
112.3277333537955 679.4408139323951
210.23029941326547 231.21679050119252
576.8717724777332 610.7739726832367
44.73556408561454 72.61140454909852
855.6838883599859 203.67266839557186
172.8350910084023 569.6817546558669
803.383768209337 485.0373380181035
506.64170261983287 836.4344599159527
568.5197064291992 707.7555317869737
