objects
912.1039586556718 636.3764687331698
626.5417357025066 599.4156595974242
349.484194393467 574.5028905650545
97.62094993748258 377.88111756633384
794.4565341490957 509.70090379477676
724.3158909580959 147.6924711455274
533.6022527311542 884.2334104650408
440.5720338464085 208.34242076628254
145.2635499140331 883.8334240588089
476.0391193718942 645.144688323864
893.1076172822623 506.5434041688358
824.5982112106028 620.2090705192041
592.300420818287 321.79965459833164
367.1679671175045 364.80144035746395
572.2041801666227 55.508037153111104
946.8840979669465 112.4086657835685
208.32660939120905 749.960760330328
77.83131490902511 440.6477267679938
591.6704409048155 915.2573090863121
435.62681988927153 733.3728666155778
370.0652416611695 734.9080087638009
538.6050323457603 535.2681198642115
756.3641519607576 776.7150010422254
388.15409364450164 671.1752780258441
51.13774396064565 935.0172929614155
625.225585179645 423.9640265298238
691.2893673018003 527.8462399264247
832.7410761483062 148.5736135637839
676.4622053281786 240.0446248950654
955.9964984905466 471.88216832277834
219.55411153571168 142.61209193243172
351.9684747279489 805.4103647344083
99.84269785145918 720.2346069345195
770.238606747656 903.3319038351648
205.1214822092765 534.1746532019889
32.97116036988835 781.2931140608941
85.52764615833607 314.198643493586
559.2550640296182 643.283536332027
384.5348449081157 450.85871827162293
492.09585463634414 810.1326281497659
114.06749535991469 796.6110245939693
381.6429336377483 267.50844990970216
847.4150168261516 922.663243166145
294.37595165374535 398.6084864177762
619.43528671086 100.85275589806074
844.1201338542577 418.38354526848235
230.67240452382026 659.8136387674997
225.13612348253213 405.25008163356927
888.8838216511317 723.8239228620075
190.10570739531892 261.11595750658296
527.8072146112418 375.08094313553596
665.9693384116591 929.8340021691739
789.3159449401373 220.56956053617392
940.4725207759355 797.0011916094637
846.5105341693499 854.5764563463408
357.22822153903354 904.2165014258976
138.86131413952148 643.0728503939312
42.73932225897887 127.86454098109607
726.9584897272149 61.923229451782206
353.81581610966543 509.50707856966267
873.0660878605047 217.3266427782608
612.0376422967631 849.9923126902058
95.44054584747528 244.7679571638397
416.8171038547042 946.1456028867149
483.3482240305158 262.3595573620032
272.5867833759568 857.5109084785154
308.13383184617754 55.845836445386965
58.04821008072391 617.396567400273
438.96755684201287 389.4400124974911
966.9540337918946 714.9974900661568
271.73748525102457 523.5652715807624
315.1467221339663 956.1218653013525
56.32704404700341 41.933363102003874
908.4354505085016 405.91396860787245
71.87062553614973 865.9901032264188
512.7091750724504 182.83512537741439
603.9799889975925 210.95065282741035
811.7902061768467 79.73360975639582
545.0235821665007 246.99329705929802
506.3696376926296 115.93525834068912
732.0365400016312 685.4401608454823
729.586624158925 438.879273613468
736.8408065659763 287.86454341909285
603.2890987531473 707.5533091944719
827.0435019799354 277.4767470719712
202.14749346821327 73.24979362659329
280.23367522388065 193.74516087211776
252.65737813348233 592.0610475320432
134.72875144114766 558.2870851604804
208.02431623904852 466.2676342847891
