objects
359.4966558779034 295.1247432195476
84.07092786882232 212.1322591817702
431.0381671725714 686.9139215014864
895.880308618489 633.5400199692722
414.27525754761086 843.1799244148999
594.4033776012581 522.2978027497477
692.7409088100577 431.4485060736722
147.61324858883876 590.3215152787104
244.95746051458477 840.4004428484666
947.1105095601705 926.800200710736
542.9353874065861 614.7293366885046
577.3434915594414 804.7274288996665
787.6641770586747 755.7257549121931
71.75135221274995 501.00396547993523
753.1016857984315 642.6111478222101
651.7279370956189 648.4789101763645
682.9398420118133 179.55847509014362
289.7951396549082 675.1553068266204
722.1854054778829 339.37437539270934
508.423915505966 813.254952966599
146.54499713808625 59.33029718152497
51.86006966650056 157.86250994558955
609.4481374402781 226.94857039789474
532.7174806103817 469.70341935162327
577.7950437360246 747.031553456771
301.88122771405165 98.08924157655383
700.7314929796338 949.3028785919314
332.5529298012438 564.1962895140132
803.5279425374297 353.31844639242365
174.3999688853474 896.740938489872
499.90637464909696 267.7410495221802
261.6204432381162 523.4875250072495
647.0515317487217 282.20683560764945
271.23321255359224 941.5523248991559
592.3993154053721 361.7505727196217
896.2421283425607 533.8526659740082
214.50457335327306 348.1598048760078
863.2870260863956 946.7620486852446
614.7272870046216 908.9827782676294
149.21263091924948 274.6098135719699
622.5868562937609 60.21420348561686
937.334766621015 480.33866942101645
165.17709371223293 717.3087689951295
598.1648320609572 298.5267143853315
481.3026276296956 344.55733250083756
