objects
484.5827880374633 723.0792210994867
33.412250967807566 359.7164524156088
677.9168013200662 552.9375961837799
217.8808353850341 317.09758589334956
146.96010420681802 858.0402986083823
62.97849358788906 139.12772437928828
423.11922212003134 812.14147701236
405.75295255222625 565.1964146683619
957.415192951454 673.6185422573243
727.0382755765805 834.5092694717174
154.52046589526074 245.9407509136351
555.4345925265352 920.3097730160422
404.2266878100584 282.6728988353527
496.5860561944276 407.7866518554817
649.7349109738083 499.06024412402445
198.47416115730337 135.67551479965834
333.13551994955293 577.203887836446
730.7917703311771 71.10153036419473
66.48419785712422 817.0527171134107
214.69241591679543 656.6595866053733
809.1035319035361 442.11647884169207
620.8687934849203 428.4557919843211
705.2545030164009 399.2192365300379
310.9854688439389 892.867579616822
360.8428789064808 466.89450883729035
679.1550653748548 728.3390731755132
122.15868240677204 51.89196114593304
320.10149021216273 316.1855271032246
366.5819078326779 941.1758684316666
42.85105927343395 41.867252007690176
77.50993189706729 619.6015225576069
422.18613884446916 189.83078002342037
943.3340455096624 361.4074564746022
176.894999900165 43.953492986757
404.1832286695186 37.50387025527354
807.2868008956541 260.6842717919811
622.6055714641441 85.76493036756399
517.1365962621337 239.13172158971926
871.0270573224141 269.8097645315006
667.7706440258165 234.03658458047707
129.7397783907451 414.4821418367378
334.38605681457267 666.5823857061646
941.6185067275472 552.617181107889
284.7443513916346 464.5298928715473
64.5261581843727 194.38519104857028
