objects
143.3431774590663 929.9057595018028
963.2812380577068 97.90050294576514
68.41539488622283 522.7861577556188
248.2031912190551 343.40539128669803
574.6338310430434 832.8785691740565
97.52660207463904 462.5989022587099
122.39192319218498 38.21662577841089
947.0698062853025 768.0059245651787
199.62986398332717 369.60521904851464
428.1268953182448 946.523415021596
424.3374592750892 403.1385015770962
708.4174023758275 879.6484682651525
962.0026069182635 480.3140165586176
88.20457361689647 386.1983756422695
526.0522805187659 429.9405956073813
242.99185743160024 824.7059895937856
937.6724333804601 713.6450812040516
468.131879708266 644.5558178906645
98.77888579947256 580.8337094290019
739.0107083396256 297.7847990557972
457.5096688477223 80.02326882580066
34.51277057874239 593.6391321252129
418.90250221118504 472.24536048634366
265.53158391414837 872.4161233652263
722.420988903125 178.94925589870675
605.9691724211046 98.38647606419391
891.0644305525433 655.0951811746089
131.93830019361658 164.5599682800368
577.9804311852802 296.3119345484718
743.9287621594659 523.6346197798964
917.7407542750288 577.4059007088324
536.4563417222606 936.5956066543333
308.0295013918389 798.4127428401058
655.0837765280631 552.5514332379449
34.68823545127944 312.45689710915156
40.15271148939241 682.8459434653818
960.2911310237686 379.65857874935926
182.5077898634383 443.2258208720275
799.7797941219152 332.7033756842487
922.4571169919518 929.6238952647922
474.536423533249 283.28743446323926
943.523014809913 289.1843473958159
641.1799562835355 500.38060672878584
278.7153884750442 45.676457051558266
183.71290862304173 519.2394115613879
