objects
658.045748392133 475.3385853278062
243.55077723831164 353.971838951809
792.2594046875969 940.1589728957186
214.23369087637897 286.76342708302235
117.62074319149548 68.60713730213195
75.83700493732498 884.8070904391318
937.3063971232378 622.4823064221579
943.5525259426262 35.206970100808164
356.5138240997376 196.3207137346667
727.8776238210602 755.4810889423635
820.9452681527787 161.99868925005015
895.2235616091286 518.8860772885098
862.6060237610251 447.31917296914037
237.48900704770924 902.8845583043594
252.7648440639557 809.5551281314181
838.1316054502906 909.2070333870788
917.2215072804119 893.1396272440503
539.9300957718533 963.9996929375112
631.9918754471513 937.7210811704427
787.1540061263579 358.1690917992055
891.7564517292461 306.8248648435212
42.07786406351736 104.41901730093706
352.3735621374201 554.5394684316955
402.87874122777447 57.187319309248664
301.7892425294456 651.0474648000428
781.9609084840456 560.860627723429
413.4032574704819 559.2598199515062
92.66965733125728 598.1744925953063
90.36464015868525 826.4803036635711
502.7857418013401 526.9013931719028
572.6794907508273 450.0947528175279
301.3676165549201 296.4173268654595
496.79295251376806 706.8446144848233
676.2822763730695 717.5181276214914
794.1406463219956 691.3195924689938
951.560499447495 776.8317047413111
804.7155557452918 614.8139811779786
96.90588255190508 494.4339918574232
542.4960828816864 361.4616403239293
326.53951429139306 600.7557157580806
643.5534139477968 357.3675073012456
879.3715930970084 365.90839708740367
45.6363409455431 56.79738527163076
45.410057534392124 583.9064710334906
121.4801412840031 192.9302068557065
71.5434659221517 405.8072377771541
535.5395504267489 615.2461501099095
132.61981526429736 421.49355224192044
210.47541093365595 53.34604966704064
274.2775490851501 608.0075626728805
461.1326608983295 928.5574830832325
171.923257358264 618.6101966943651
602.5145146645693 806.7662265831195
923.178053892278 412.42163169663127
144.6941323453965 975.7416100213417
695.902861997003 294.4321782477946
140.48089494077402 835.8454741397084
678.4747780927408 431.91138106683167
393.2388166744353 227.06021373338675
494.5371041592077 230.92520754354763
389.75253577396705 483.1142759454455
299.3888085221045 734.6493452818395
906.2059841257468 817.8764119028612
251.5702365221332 91.95312064849031
605.3474175007522 520.5005023455501
618.1038666103714 172.55090660172382
163.65014501320462 559.9606585043539
815.1829979287784 395.61284065834224
34.21547874658465 815.6379995800905
77.78008880877708 238.2361393529359
249.4298292923088 544.3054840805409
417.2569476466964 775.8342712039989
212.27644270542729 223.41327575055308
384.07205974637236 622.1211644382049
480.53303640096306 596.1042876513343
97.30449441317282 659.8906220356545
767.7088680726431 130.90757724996502
597.2209924476731 730.1259530607957
934.7908418800357 357.54837721031373
352.88551952988064 950.4993517623242
913.2149145977675 152.26991387479023
707.3371251348825 395.3392371243364
113.43002216736333 298.6702005983271
540.2113171913406 110.0231885134848
413.1744820060038 431.259073352277
183.75138050561822 93.84651490595503
636.5948258427369 856.6350526407181
235.59634842374084 763.1292242262904
346.2795744371969 31.517287656393556
33.650974211373466 462.32136317333556
728.0744171606704 912.538352490703
62.25745426200237 302.03559203842696
765.3283897532666 287.62939867001234
946.0147512342377 100.10016914414823
261.19381322558064 857.3714200847169
551.1986229107923 916.8254381232838
265.1819206734443 489.5174388261238
86.65036073402212 123.4944081363158
864.8367396242343 183.55097414789998
338.46058217510137 139.68449203603777
609.8601709046837 569.3464543137911
138.08954728857978 116.90070039263557
306.30789330155466 189.9138164169317
620.3897001444658 626.3351890511262
623.2916948700249 445.10846059323137
564.5446711107049 258.6176080502769
811.2751719192337 847.2082581021077
376.40850082102077 96.97538869015699
618.8700905383057 37.38186553751577
569.3427457429374 188.30301877217755
290.16644973177796 897.1826747789316
440.5325043342827 705.8850084813494
699.1925630432786 504.55379832203033
963.8730742792774 677.4273346295703
599.3969304607668 94.49921626610299
