objects
760.7928497398748 839.2337425865779
582.9239613056014 309.32546891421777
358.09206748326227 668.1281903706073
761.3766195841671 675.0486204050005
476.6551970810978 360.9424402438445
866.067221691488 204.9437642429317
52.417489671922795 225.45343251102875
940.1617459187584 676.4848054922104
568.7512397644757 745.5336152008684
548.1922628605588 223.97930654708432
58.77043859252868 277.54934669508646
86.71693935345479 545.1494742540709
441.98223222550496 279.0968965601782
369.54259865905465 242.20806927378183
926.8159648026824 537.444532670027
472.27544894380526 837.8718205526003
181.38580569532627 587.4258870618189
394.20558037981937 392.0107532539265
280.84498693392345 330.36680726035326
944.7153835128458 913.0987242219267
736.9041862833652 348.9512423002809
769.4690977507122 250.88745799152457
225.84288632266285 405.33261140289846
116.41890647972484 951.1787911216445
53.59224871254894 64.63812410217416
794.3358335365562 931.3853040214574
39.627231084093076 355.7655913816597
343.30130855848046 411.2280200861113
895.1076065987689 119.45931274152498
434.8129856304745 709.9966925544892
118.7604468056932 810.8932088082784
368.9519814292913 918.8868850396512
751.5626323144887 108.01091707628377
184.46785546786074 676.047374821036
626.6416805889205 959.1500269013669
608.9880116944826 665.2400174784825
895.5391847251333 647.8738234634741
325.5398074294047 343.8218732135193
168.71241943292952 949.578068069775
231.42744390501252 170.54022801795315
603.3649364646874 778.1645808192478
332.1131500261633 286.74049643078223
328.44837927968604 815.3565813450523
386.90669573654844 614.5905733102325
755.1784868431516 786.8761708016234
471.7969092600039 570.5194295109615
548.3459406063291 858.4701679616381
674.6596748925855 751.0498906849291
30.243907226628977 940.2081339063108
470.7715109590955 762.4838237084108
962.3802338079596 719.542597672685
836.2966539606191 554.3027922680927
902.0429955535229 169.16394641726927
567.4167611064111 578.3550906258993
233.29642930235624 353.75557944164734
508.9235149746208 143.98304291151757
215.23009702128448 935.6619020852244
950.5771788374992 790.7109218632966
128.92443510562583 642.5656278781986
806.4947629439307 700.0174940894909
643.4372408525568 903.4609944325902
380.13041897348086 51.200988887844716
310.755726120376 761.9231056604735
519.0372428362142 479.45531667817824
683.5957225911757 139.1906075461484
704.5142570532046 270.4759124543831
409.35629500217607 121.1180772145185
712.9978077036645 495.03376271550496
121.25125159058383 170.48347368922413
181.45460400440172 790.6472211268515
257.48534600289867 285.8207802045745
685.6468244800872 228.32418352432018
938.1309221507476 279.80471087535085
876.9758231065222 848.7407979353106
319.3765735914838 23.561016968913226
379.27712479564707 868.0437754475375
245.4476675797635 225.70944855785274
527.9597204324451 284.91158580999075
740.2969086223765 630.8703591463556
655.6685814337549 37.638135761952434
165.67268244413603 733.8730655895016
263.3435247988894 553.8766169329775
175.5549892441346 514.4957214130995
182.48186159301906 459.3418908535225
905.5645235606321 591.2767539604524
867.5357413987773 908.5569488681019
30.676682143233116 884.120099274239
422.01199029861806 213.05639542495175
558.0855301670774 426.83976763253264
842.1072793752843 792.9727812929983
252.56151548669854 733.5920528725565
780.092803531595 514.9577822219904
410.0282317553415 959.6588233545634
276.72794268560466 128.24878126678377
42.04443774546966 827.2740925720448
516.0227201175425 817.6073826188707
901.2316429500604 795.2394449495117
97.79735700466276 446.79508240191416
824.9150976196436 246.32309293421366
499.268498950819 715.6672353782807
544.1309854041556 702.2415913251183
437.6775178618862 651.8357416621865
615.7937681198692 560.3988323478449
48.72356851423669 430.55079618912873
854.9499095912445 53.09682778618041
807.3674839553601 98.14010647378274
605.3809654071429 470.5866664141185
950.350480742167 467.77816420549453
802.7649989861084 652.4377627357132
408.98598345988574 812.1829551869009
555.5654715498678 43.39493388023271
231.5755726748631 78.09564268076886
63.45395623738959 714.4119939696512
896.9983595124436 353.3030613356799
471.6982818291182 420.4841191132769
