objects
792.8865751550871 800.1096899377643
281.85493721377026 609.854396490015
776.2736898612086 636.2134373220757
672.3836064106623 965.2943587136034
30.98509347833783 474.6282421838558
632.3495329337344 593.2963285830322
335.3261980763978 453.11477274492006
431.63552802863734 438.63108186867674
303.6667300140253 679.9225573760576
285.12541534684283 886.2546340421105
695.4683348062252 167.5481264154835
753.4071116676093 201.7888193985299
40.41876497689568 809.9084656246866
464.72448501535115 377.79173916574223
629.8904981022511 432.738556648584
207.66592254637865 255.72278143625138
232.0669688505397 578.3951840310599
680.9995189784337 601.4920795884298
229.38713629886908 82.55442783025595
216.34550853425412 812.5842732901932
961.9758121304878 504.16443568481753
720.7639459900038 56.96755299231634
415.5125766345002 690.924685074282
882.258076019571 199.13522604197024
42.17507622502333 696.6604425103191
918.3239245031467 350.65491890738383
81.34532127706235 847.6419728124778
357.8176876148658 188.5476566078529
474.09909584968347 648.8658783840832
84.70916162605816 83.7137407331976
974.7962390377428 83.82117440516984
346.18221947819336 408.6286431460467
437.2655485596562 543.8729118368393
967.8790870001754 153.33543183840234
164.77322488939072 760.0548686777695
220.804832572545 754.0880199733509
97.32459025500778 429.77023587579106
833.0291637767949 408.27074545469634
901.131731056364 881.8512714874779
57.27830815804933 648.7625822389228
243.49931726789816 339.2533686350735
258.8330157002658 121.24817462902014
295.5280487959787 726.9933436110449
157.78103671652315 623.3979945671091
844.350652393795 733.7047001696097
738.9753920892194 917.5092144215364
129.91837543638636 210.05219805325726
549.6325626507327 49.690065677087766
212.54065368365448 383.67029272700063
899.4666367089925 692.8023512926961
523.0243481002433 676.3540597313156
742.9667841343797 259.154931011309
200.61800683741103 156.7794990344105
469.77077960642816 132.07132547779946
599.3894803720866 830.9612462918458
622.8869361490964 745.0928725186619
806.4674402133556 495.0126968663417
913.4557982189739 750.9004721319677
692.0430001017297 347.10879872844663
599.6914172896977 910.6806016113259
162.39423300590278 531.9605763706602
65.8981412592007 737.6956813756299
219.79848847866327 446.5699456921187
113.48496022485394 123.27999030784784
790.7468120782534 692.1990497536075
295.6519952081976 347.9548990199659
558.9653616107943 708.0182569484077
901.6133003218682 137.96037324295975
424.6427443667155 160.21279643047276
672.355716683638 538.2818252962993
264.9833669183237 235.2534927880616
904.9964016084617 247.50234217012863
34.79717417615552 131.90290393134754
485.00465573442335 75.98877627313182
109.55881261092983 40.95659940035294
195.85343860140762 874.4224522666457
705.5632890170928 783.5207121812016
385.59153949009044 762.1434690604949
585.7003265154626 567.6684733012977
160.32735119192526 915.4062892477623
636.1644755917187 174.03278706794524
370.6011913698199 65.85028215235018
913.6907255301508 814.1802847005465
405.4072380271192 822.2108290735281
847.6153362101286 888.0353846227077
589.5944126208574 518.3728287066664
533.6452985921809 901.4235207258063
32.769614003726986 48.173128467085704
502.63247846805575 166.4529519123507
903.9070559042286 640.1775325302187
36.43014009740663 352.1798005246437
265.72005557076994 963.6431171685198
85.82004654776722 933.721297629085
579.4884616901953 94.77961098419674
575.6583340023643 766.7470081958834
589.55307822253 274.2756198636039
158.73166226591363 313.40659731728243
681.3775833547269 678.9533707229206
918.4012705333946 294.3613516999896
144.1274597554007 162.33355650803256
816.7531055465067 145.59785275871016
690.7329178724182 874.8197187185783
472.48030066869154 274.4374339998865
871.8590425817293 92.97288723577803
836.0902035244562 315.32667463028446
334.69949046501097 955.6449503758812
229.76745317801223 652.5804400151972
401.64552493367256 627.1566832557919
110.15532069224629 336.163150391068
789.0661070703982 66.82362373089605
963.1798030824949 665.737925975856
525.8984533774925 340.07136617841496
130.67889346544166 710.7699008397044
47.20424535172664 210.16665962394433
556.3868091306279 404.79319844615065
