objects
68.37183435115995 228.58950463647884
603.2095781152005 173.83286947658868
624.7384620371894 972.8886942586374
417.1901986785662 702.836073472097
920.8191678348719 863.1693782368941
853.9259507793432 224.2211556832228
789.0403612617852 275.17775784712916
712.6660768062111 780.6590424369206
731.7208944624416 106.98668862050629
719.7308106491862 52.26770582255972
650.1524640957285 543.8527673105634
305.436011505883 89.58974299280649
741.6866001501703 289.23987399278684
907.0578478943081 584.6814130163846
413.1909974320362 832.78486745404
76.58928575298677 86.40645085591224
655.7233252862502 81.71238796437144
504.6508660611722 921.0192180375518
831.1942220344619 761.7096448893783
974.3385634902712 865.9177368214795
889.4925963195222 361.0608015542667
57.960372562821235 808.6469816981399
768.8357679982847 856.0705483272692
497.18341380188673 327.5103721268201
297.28048129049927 878.0079097951981
773.8910820624099 660.5097367704587
896.0105777096742 406.71734032477104
974.6076337562157 589.8863463652888
555.4863065386277 85.27933288321371
304.05499079633404 721.7637596694817
460.74541681424665 270.78359390970235
957.533502595621 390.29155982564004
202.23471382059492 630.9829392927905
367.86858342877883 854.7525832737987
854.3049232879072 864.0410583709613
578.9016370836742 635.5300501760395
262.3208534219579 73.98221064843112
889.9952407275005 274.4489119002234
359.1028475090072 794.5481058318767
123.78745415080733 811.3369244114442
575.9192539093656 353.28679583023745
832.0087242920142 120.49117042304412
731.5607380637856 707.7015188532891
346.40068094494035 304.4244475093419
763.9896245177657 384.7802586833361
73.41303334253962 357.4161092059816
781.3531934182664 936.7304458320993
50.81750531307396 695.60551708439
698.7303226251473 238.10425625769025
765.2862518709372 503.091662510067
610.1949710467451 673.6807886917884
525.4237577254111 191.32268986622822
227.10819053466352 108.44243211125729
556.3175773442583 436.35820388844087
345.9804593140387 27.668755629208988
83.51075828037959 973.0762860891635
253.58576436063012 964.105074393355
445.0675258903563 409.5036624597363
650.0992274176074 836.9569358771328
905.5442801931013 118.36603624293187
321.0923592453916 206.0740289819892
716.6444741094704 899.5737167157783
247.85117603879493 747.7500074962747
832.4653513667514 335.18341394237933
177.87767068539924 195.8167722680239
25.82862604695944 288.39349242673524
102.1801748924049 581.2042743296488
781.3968967194224 157.40380842477623
447.62842185843846 204.97570956187485
968.8165419928816 702.4437494924086
706.6458772285962 497.0068102054695
851.7368362918071 420.3750959492711
847.3609494250705 467.2355193316214
398.36318577889864 224.23845729097772
28.794193310505513 339.0847043044595
442.3482306051857 471.88153887698684
660.7815903747186 712.3392431170549
708.7328617327574 399.34952806744667
679.4077584362471 354.833346494676
486.7365118447704 653.8139524426338
268.96047265204544 684.2276018740083
374.79401504009 510.64817708363205
276.3962184915923 297.1584819792886
172.13580918299976 889.2292498585772
175.59345843860143 355.7739840783191
193.20813653682976 691.7606046634186
725.4587320336108 345.6318112924986
946.2164754527104 79.24074635455834
674.3929789187059 657.610919102095
811.6033447609051 717.4574668266199
292.25759717841345 567.1040981292145
358.2597347899897 936.0078951984513
666.6722372079297 172.33111061248513
676.3016604487664 452.61009931645754
405.7811922675071 136.88140692575348
497.14263268885395 126.52165484811242
134.586422650991 35.31548769224436
73.67237457374013 431.7787381771869
425.5105631287864 320.3077490338571
490.15994202642094 584.1137540136866
540.0603940372685 754.1603852862718
194.6248016849262 583.4665855636704
544.1054818835319 487.5443999689931
308.01376359240504 438.70265252964646
663.4817488713604 298.9608246985224
242.74625258455197 440.22520625643983
359.76247529327327 123.85851548243362
788.8955442801388 76.39086114574387
962.5904296904813 325.75757435729
388.26456519574293 390.34640673344757
878.7783650794108 48.93221655260642
917.3266210961201 187.2545740607403
370.57326324766694 629.7106591068663
732.8882216578345 823.4952279192647
266.7432784718926 836.2026771922904
