objects
367.45215469166845 524.2561259017515
227.61767112750928 468.2588734185699
190.04716994296638 429.76079311381557
805.2658312855592 299.6011844232333
132.78841158656004 281.7268612148568
584.2532793815632 213.4568606658209
736.9412284183857 712.1932390330312
52.26147700574161 502.52872542269466
293.6348106479735 676.2871599853215
594.4688186837388 660.3935783500793
164.77818930197088 633.8533290276716
265.5323776228949 518.9766877784947
68.61966403035458 784.7305994390397
253.15321995226267 398.99003011785817
196.05611630877848 555.2959521929283
787.9712011171404 683.3836321044203
862.0996268689977 487.68504461804844
220.2090705786019 244.36436060672375
927.4847614902958 479.088462201399
440.7236463514203 620.2800466402922
649.747680477701 127.71365070210632
636.7247029128226 740.2531341632413
890.016680781814 677.469658928692
252.9184434860957 292.2306562860271
439.3461550185172 458.3077676172736
897.1247018416256 796.669852753145
843.1352129649374 332.3823065056562
824.4886366786583 419.6502192395253
883.3646236497416 579.5001833777412
816.3107880058158 965.3988142855602
364.6490635213797 197.42717979230355
241.68450402881325 773.653995922882
528.2179167582557 250.27825293266284
86.2943647988849 621.0462290812434
130.6774893486278 833.9163230323966
676.9469037736175 562.5680733211783
455.50537501492863 237.18949602197645
780.4872286359223 859.519713204003
454.7793857731084 298.5481255751365
178.73384125940544 142.68495769240042
804.542763417856 371.3239753717231
850.8117339994727 139.46802998721466
429.36128535442566 404.94170274547986
632.562476632119 83.83059568960806
374.5146814562625 855.1222332747046
72.93259468067171 52.82202527689104
457.67570318188785 821.7090308961708
74.63217984495313 693.182662853055
494.39424859937867 63.04264496506704
655.9314977305959 643.7264258893125
274.4397136105932 959.4334986235777
748.8751958990082 298.4443757548193
552.324168653632 596.6828468707844
715.6789734168215 799.5956095058666
252.12723715193326 36.773838503592486
519.0289639172488 494.6684772833933
176.83081097870516 304.4788424795558
921.6306292943143 538.8865473938376
432.5131419568218 555.1297016671557
794.2117855710851 507.3674328644481
180.07068473009735 875.8895865281096
386.02455175048783 461.7509115443936
602.0759280155155 120.78349440182107
712.7331124317781 128.76544655496443
945.8463791916842 256.02917215757793
214.43852390524862 109.6589127726016
684.4843722682647 968.2276163121812
643.4672702895615 931.2887616307128
906.9548872270312 130.67564280137086
658.6001411295501 288.84954889800315
221.52813202311114 362.4130190102093
70.35017197238302 163.11221303863482
903.1872434505278 337.3959381331234
964.3587044280931 299.66148318763294
949.3215035968308 168.9186700356022
973.1299181468343 213.73404646953912
287.71460883236335 587.4877131951346
583.6412709741187 340.62511024870645
133.34786122343735 68.8307682545711
556.8065101263999 954.6675492208792
974.5660805986851 932.1892992209451
768.3278608207814 905.3963005936924
741.9149026277856 560.4697122972675
321.8289487708695 961.7044276107384
539.0306688596572 896.3796422770217
198.3404218443812 193.92838414195583
173.9892151057326 363.61506811338126
486.27651089161543 538.3024985376043
65.53856616127106 360.9886286959296
352.24412590289916 706.1860182531583
635.3996755186892 444.86377729503283
195.41416010832057 58.46889894708961
179.3152374210839 820.4131633927194
193.84951035295407 965.4353146587164
496.4822898589721 210.51198791627013
964.3288865785138 817.8599480516149
434.4093351850733 936.3096855754516
860.9503495031464 631.099257936487
305.53137936657606 909.549525791817
855.7246116701882 716.6766612151907
53.211960253659484 426.4594848870813
426.8618118869526 60.576997153873734
493.68275647772305 948.925632515179
474.9464835617031 111.17884952022482
967.6230107321204 113.51883568763134
413.3158115172292 767.2986250819405
709.6895901449193 272.52529494575856
123.13633840116718 662.4448470048501
265.66784517185545 156.15458272736345
552.0962653103483 406.59933784614685
684.4938754329723 222.5541549471228
721.9369246584497 417.65565345803856
952.1041792707728 378.4611092669893
27.982985728910464 315.73147204272584
669.113673304361 870.3091374588148
