objects
816.8843095461572 846.5594814885915
524.1080328613164 151.40130815643255
708.1506883996677 864.8318779466555
472.5795271468395 478.00709965678953
398.3520391626055 179.1271743548133
829.8077069306648 66.84133355953647
57.512643861674015 366.70265722615255
308.24770092062363 653.2288059637589
823.3736695220347 387.14065599923634
194.68910675729646 452.76919178100763
129.55746171000052 186.4819938197176
407.9700912804156 863.7465992738064
800.492360437969 593.0052082983815
340.41171463841863 487.8679632676426
38.3634622610641 876.4277046464235
923.4342075395926 627.0260994569376
36.03968256576209 217.74202279941
166.04981192774486 941.9622042732838
649.3232309820253 315.2267877647118
162.54736130138326 339.067045536138
536.6247928123415 418.9029397976991
733.6890965760177 576.9482590402156
709.0352158940224 285.9756181506019
446.8482402075651 922.1377083864688
152.45166490978383 729.988474498638
867.8713399247741 703.1307259974776
424.73985660175435 331.259228258926
623.6271808975773 117.05605262689399
34.25125515288473 948.2613138248845
859.6229362015433 925.990342474331
390.23952174700355 246.7236471805866
848.7091746690786 131.08248862711778
537.3376505228008 47.337812430675555
330.8957693409186 813.0035003915746
107.96383882327306 126.70976753851534
262.194001330508 599.4227083153233
288.077472130062 76.1595313131387
75.47396220314012 722.0152370962545
205.10416935793302 852.8166465404137
592.7993560426229 30.337153867361884
575.0055672646386 324.36669268414835
287.09322645609507 173.02304519270422
938.5015435991295 310.8530595123581
355.1550272276612 603.7844847125567
914.321438863157 795.9129928660882
583.0525033466944 197.94269150788273
739.9392016847756 30.675188957904087
361.6275973909407 342.06270832918494
93.18149729639411 848.8771459209786
407.6872014592796 721.0294692438381
344.49036501191534 65.18966815597491
418.972489264463 557.9836863835977
535.6907866621383 642.867065504822
117.80258634709716 436.15494403147756
470.52065187931595 826.3888581822864
931.5990381353625 715.6543917837275
32.52419750844957 594.1829876708636
568.4517754926209 256.733463457233
747.287238220396 795.9533045884497
147.297853030924 655.8259502783579
188.96952030913235 253.42229958889405
590.9130028093231 724.9828716958692
737.4893771528525 219.30073333438656
744.7086038150114 948.3533477198023
597.1186193739146 798.7752697200008
940.7507457390757 493.69758224733016
958.6238275497054 68.00307157508803
695.2682094143721 180.69646748611413
34.802643908960306 667.2263755392509
219.30765530930472 73.21642133561244
419.3505459352245 647.228061480296
227.72575197691933 935.1006494621622
528.1288330846166 561.1398889168295
958.1769529247148 168.2166065963822
647.0826078376743 247.21854815695193
235.64580426061113 709.9374030702686
808.5529110920944 534.6596630580524
482.28771542509486 725.4829402683495
488.6764555026133 284.0746028078279
931.4524941168802 955.8713991511033
661.8856311460908 825.4318413209456
708.3526374462812 401.58783251257887
817.7727496988657 769.8348487621241
819.9194082207272 240.70519863697515
341.1502723081435 924.3675855613226
909.7648928301259 103.89403494831095
794.0661132596124 688.1836260960667
961.4837332780787 435.6384507945208
218.30059076072874 313.762037695704
601.980508902777 458.81091312033186
51.11394992950053 795.5893199530494
775.2525285314971 480.66961678206206
902.0855877481089 886.9425596851407
871.0450453912023 420.1085650783943
630.9912549637647 606.2963396230242
62.51728505793281 269.2793565913739
346.35187966419187 154.08561927457671
401.1410820854436 434.4607374385418
707.7309419593275 647.0362063264508
314.6086275749116 544.8774270110279
596.0047472275858 866.7588243647238
640.929262806244 531.5399355842384
52.09138009936895 502.3606482978757
109.71701423792163 507.7357358927395
332.61313681080105 272.7298643723674
168.4368911369649 110.27483611677786
953.8651746530242 554.7669187704051
763.6364397005884 311.7829853107649
488.523928961884 356.07193343296984
865.6571892632526 593.6676280978348
427.63720539394495 111.11628769448326
836.085749114739 186.1018093096274
152.51855671552866 790.0571078530063
204.4248158314061 172.32516156335632
842.2847912984678 295.76508965638675
