objects
158.40136802220525 332.27469074342076
528.5568480326401 84.88714715830396
347.7189329480382 355.3433742153767
584.6156409402919 713.2132858362776
473.3241168216571 939.1411406090576
840.5623810349184 965.8209886827575
590.6427870009745 259.6818426610946
712.7141762740172 329.6239595466749
267.0913680445315 861.7550924113117
464.2088675883455 447.33289401368677
613.479846924194 63.10761733862388
261.53340437369644 701.6121231335093
204.8384152730441 240.63886356140313
372.8822140018826 151.62665653147403
240.22190406573824 450.43059683022796
863.3444822004197 284.02760181767906
957.4811343501992 292.7214730088446
715.2366937341016 917.380277857711
423.3306670707456 677.7987339650663
112.17395468065001 562.9226155708819
845.4510227476925 152.18108154543913
153.07802010643627 753.8699021673001
662.2158681056258 872.4636715319931
782.8579775247413 641.2500806884125
339.6521879238184 838.2489904941698
852.3085634950173 687.826961374497
873.5109417436145 865.167338669652
826.0494185737135 899.5990087418139
87.90430472472573 688.0327202091113
862.7730821625828 576.6647787170414
498.0727716718237 332.8584466951388
202.3702810063234 951.311738957191
705.4971224477067 496.868724177812
222.60893640262947 365.60721663997646
695.0068883070211 155.2498760392206
874.006076484466 464.7815502354743
759.6063043502148 96.09484115352939
183.2258968182056 444.7298967702535
336.53117800888646 903.4120892894782
869.2277124415988 344.7802918712906
342.4777832579549 227.76821360368945
402.0306032841602 971.0159261113024
622.6621070476799 936.6252243046122
594.9344495719828 857.5716135037719
824.1015065329959 91.32831492904968
722.0702959724197 582.235699616003
779.0160412433141 186.82774409419508
614.2700423592108 432.3457767075356
543.1926118365959 201.09497054092972
231.15036961668366 599.0944876532175
432.3739099481657 749.6199103968756
347.7978856975776 755.298546950784
79.95928030854903 756.8312035984742
277.63043511923377 544.9213485336014
655.9419765175373 296.8639373011415
570.3373792579546 361.74172923696034
753.7423251464415 441.33636925459194
36.65267413871466 427.8661193896273
956.3531146956209 819.1622231696579
270.8893195659934 258.33776819914317
225.12321523294557 518.7708907913521
479.48484094457285 143.300890189874
918.1087854170338 759.9408207683551
401.7934424898509 94.06635514065552
472.01037703484803 550.1593611275318
583.07801325095 615.0014067692739
218.5203773969257 145.54036734744096
138.2981293197643 628.117600673749
247.49755048308836 774.869310793455
490.7841000829977 830.0289785987756
322.9638386454385 594.9234711591915
90.30796632007467 102.6995743778561
281.1916717939152 71.95103201298036
58.16853521905259 324.15894635770246
139.1172714537917 969.1964820336876
900.9097354588429 136.02953650173941
668.4198598318052 970.9684513745608
955.9025458046551 648.1748499303129
473.33013163405747 641.1367569899552
329.8838819417321 35.28852503276624
657.8395951117608 772.7591678709542
822.0931855114844 225.53370962869298
120.38342464806752 399.7788180445205
516.4853112457705 753.8371441991496
339.4198739983367 413.7214376794495
44.10923483635089 567.4520471022175
502.6793452185174 270.11442770891716
140.03610303000696 484.94425192669075
959.6947328495568 34.413744899464724
621.4934466897193 130.40688795221908
670.5244882152282 609.7317626292329
920.3991123192341 397.4423209251689
181.94615050849907 837.8842224552375
679.9223334405488 426.53764432622364
385.61724378807 543.0155990405071
69.45500031280397 818.0750662855241
41.97109650748292 166.7809132288402
65.95137895549765 477.6973341925209
406.25587427080745 323.68233090460103
434.55641739969826 203.99341607730167
300.6183054940613 471.1959080836518
388.71948329519233 878.9189321394749
111.27037853127676 864.8999460346032
706.354054790932 61.283863548354674
627.127512960775 192.47408720433145
53.52970712652977 892.6636863167819
770.4164726147308 723.7022018728999
767.6885195997065 514.2472463869285
566.9536109450521 528.288016650178
714.9098948444729 779.8925622476135
795.0050733368723 371.40979569046203
65.0538556808631 949.0446852118063
362.1504727512892 664.9946529787117
556.2380886876425 806.081723023356
842.3003151356959 815.0489433643403
