objects
104.81828788319508 401.1417383623761
590.6423399250431 838.9927523655447
552.4256794302895 575.499936330249
540.650849892359 919.3911442619093
371.37039238128625 767.2043094912684
258.9492821004402 788.6321549991234
607.2669530725065 776.3538126465993
697.183965596828 452.14964519826
469.0119644612221 209.3698555271138
74.30056327588923 230.64937956318246
108.1708390045995 325.1342270179003
938.3991877722319 181.77782738423957
822.5094250501418 279.9258254240976
903.3557280915827 488.33464188818715
900.8656252747777 100.45813373282591
286.5108856242247 716.5634334897419
525.3380383400437 50.368258396761874
419.16605122144273 646.9155030831951
686.586566203123 88.1466711059003
219.79809501827756 441.23521471045393
668.160066521965 242.90716644167165
389.4454146795929 838.9948683801589
706.0561579562736 648.5596534434004
127.48074665771459 211.14369497060275
118.50632918987823 736.1985128825931
625.5349620017638 95.82285638757077
900.3469255029675 882.5567543132884
166.18650787903042 910.6173130801492
408.94655639273856 358.217050292034
708.1689955403331 567.6704861913644
392.8776630005901 574.7187120211998
611.155672073246 688.0837112218785
104.66879273018756 571.1356132575587
615.0136881448332 273.70682071171177
364.08882093249224 920.4667164678966
364.77659590988117 138.56914194686922
463.7515202431466 138.96941906261878
166.975152043631 602.4536074086948
753.2903354266314 209.18309473098972
32.800510576591556 940.2753416393127
642.0010403237245 568.8512157960809
433.38978089754585 416.6987195360829
270.6189767376289 660.170730979206
751.8489208361146 89.26776264960127
442.0306507511917 964.1822887301089
308.78127282910776 470.77933098391003
478.9910336990908 740.2776362008282
844.1168607999991 941.2593550870196
830.8652170312191 801.8745548110411
191.6941400758742 774.1570741693071
75.98359053537703 691.8295023323614
953.3743178873694 447.9644461411502
802.7028691835111 601.0021274428167
59.90799947217652 57.46711199044472
834.2613579865105 434.1555254629375
489.8239695595797 341.7915705655461
596.9996701860321 627.1606499231365
191.591736371024 857.9508073391479
299.71800338877875 542.0393385748238
930.4101540390311 739.5453346445126
166.14378847225353 130.9724206458925
934.0973614660311 603.9905901205377
584.3816092569538 410.86545216944336
846.8934247304011 161.81246839621676
211.0230157967453 173.62474681648672
136.90746528442943 654.6701660022402
303.505950732993 287.77703418109445
43.731858070318985 847.6080067542855
93.04062310482331 901.3742285334176
875.080059595984 359.0846333346756
769.7368989362121 807.8997307059254
224.45886914159234 254.22798938627585
436.98170748264806 78.60747914008759
578.7442129704511 187.1938740149892
397.3948901336874 188.3562884272996
461.7685790992369 476.3179132863573
268.579080556718 398.34018391838515
476.314496322224 838.0265608659511
708.9610678173165 139.93192739694882
961.8519077085615 233.26662564686015
709.7751458164169 874.2228327958588
881.7196454920951 32.142149800234634
781.1646976517427 402.12997611099024
481.52807452893126 602.3525909452728
303.06571152876546 156.675790324431
316.8678156573707 843.394521033409
922.8968755336875 808.8820522511093
827.2717017400867 874.5657917493824
546.9937852866509 724.8417799007598
679.8537065093318 944.0845859450955
677.1686175485352 764.4485182247817
872.5870960855495 738.2677146966139
531.3288253607287 247.12867065602052
853.5524905356618 674.7821856208908
513.9176471040211 788.8695567616833
436.63587751373757 277.3097856751018
765.2225096133075 691.0113159197064
274.77229841697914 932.1087990365723
657.5434248760539 493.57349604361093
135.9264303473299 849.0532271691643
266.4467832517418 590.9195400725004
33.67848123646818 786.8812852835073
393.7949930560851 503.98406403336844
722.1115150847717 322.24676112417905
764.8789885845235 932.5248544919378
352.7943819762988 434.23467184336283
78.07250248543865 118.37287611332304
883.7374174731948 267.83323714560584
324.2815097344314 371.0407963259088
947.1831374399273 342.4292962932975
360.5665908697134 250.1370120789522
172.05478860538057 533.1668606465568
29.654693445831874 624.2550492785199
139.95975963365126 66.33078135635769
503.3225560535282 527.7803829884623
