objects
241.06584900070766 188.56646541083458
913.4203005762727 919.2879047613501
767.6390658109418 743.4839278284369
398.2343730098866 866.1520033047749
402.74724471537445 238.11623093247456
106.10141939889822 165.0021199745717
683.3207348555779 106.8316314020008
61.30172900721077 69.99488494161209
952.3893083974475 614.5393443179403
841.5037783265337 711.224356979704
785.7381050113023 967.7464096993967
287.68172606302414 351.02401846266923
294.6387992395291 170.95992428582872
689.5089942642965 548.7776648846677
686.2759379614351 312.1711693929701
97.32844338066597 750.0892372904058
319.49294059370993 257.32187404053826
337.53197506957645 615.2590900947362
566.8099366873203 284.4747832174817
644.8878885648109 472.2600200886443
102.86617307524725 652.234986192347
543.8556714965022 594.6105053051767
768.3943809261117 685.3944859487073
487.8036401493894 404.327572877392
967.21217862664 303.36174488758553
842.6027203866851 924.5024158633222
597.6754411448848 371.74064996902536
278.6682560126989 535.205190185044
619.6438237438094 617.2042137213443
813.8496895632296 844.840581341506
242.70551032020836 811.0952530833896
238.50543873612708 961.9950646837867
259.39222861684004 624.9213894721112
724.6662916574113 353.3614685473812
815.2765864870431 428.3322438089563
242.99789111446455 719.6103492601927
432.1930428588644 764.1111130632535
758.8910833724068 197.7809822853059
102.6361068844229 283.98118330761463
484.6581238251234 589.0370595202675
211.70118577817865 479.36245095017915
175.71599462294338 187.18141057444177
623.9064938240991 885.6001160929644
726.1210017709166 961.8655811893514
191.13203556172266 391.306946581447
245.36221922662153 34.81654922520408
395.0723271992935 345.6860516962789
442.5767642219149 964.5923946423103
724.8205978374608 592.2007304163106
468.77545341635687 465.31943082288944
867.6447659369109 327.9097185389507
592.8945763427744 87.85319763250028
943.0822116479975 791.8164043081224
492.0034962968802 132.2720584072816
78.51179536056662 858.5306446694744
590.4736987981622 153.39569139324198
821.7933830665692 58.46951841185874
572.6740998567491 441.5850063250016
753.8633399949834 542.3137169635509
179.85849902963074 776.9399011782684
595.985100324098 536.2036095639327
718.5711005747921 787.5841792023268
128.76250300417274 63.89340977483664
421.86352312314864 421.30799328346944
933.75262975996 250.62899204049688
38.05798872060664 535.2558243990445
752.7552069707109 108.48099135821037
353.73672659171956 492.07519409634494
894.8854097381725 140.50218443738413
927.7281784727626 41.78263228500451
791.3605924776176 344.8145660710633
316.40355441913897 766.0651476067108
699.4383218954318 202.41812785989296
71.52741724612598 392.3748982270528
34.28363697196174 594.7762579381952
912.5044534135357 549.6267083161011
169.49419032940887 309.9273707996002
473.18148080186256 824.4813345136469
198.2779326456996 242.31717748463643
616.0981935669095 696.6995259577194
963.4172319630751 137.66950252214917
299.94830800892623 855.8947414003624
228.4245300549987 339.8193908873534
174.4802241355413 657.7574694241447
833.1681640687739 622.8323380587436
180.18431616399957 897.8719112887019
307.115928117191 440.2520959904896
221.5040997182764 88.04111562535006
123.8745049230656 595.344306593519
596.6573001953544 812.2954031725088
380.77939748097606 805.351071386297
558.9330805876647 665.2487945006563
396.46450108724633 925.9639531950859
378.2556886829634 681.7490582947877
819.4316767362352 765.4680197247403
68.06679499791933 219.57440415542624
32.04207678175201 690.8541409620586
481.22039366433614 339.6626258094143
826.0669717502568 180.39532499468558
672.7925205656982 684.3641907388813
532.3577237882703 30.167464781138353
294.3043803539714 88.06845986438536
887.6438916633099 853.8086485836878
456.8906550518801 43.22665552757868
468.1006447257996 670.4505526943807
447.6335368758604 192.04964488140945
314.5448868530521 931.2715385353096
963.5960445403277 429.0168475252375
339.38094363230914 135.84013043222865
320.2770023618001 695.5770558142154
710.0210465744098 492.89372249017896
730.9997145854068 895.6293617390965
252.91344699940038 263.34381035830916
967.7527359279045 521.452263827001
839.0923741091582 481.4254061322647
