objects
815.3512840193177 449.89535363312655
309.45260087945957 399.6693260926609
255.23131289187643 153.04366018925603
496.37875910525764 60.93859212164847
907.3075908565738 341.92599902389037
252.86057559570258 415.9676951312204
176.29394763227305 839.576221938152
139.5175447328553 114.67297297433218
775.6867953267613 583.6949354656224
474.78539602300987 419.21334461075446
53.1597930090209 509.57427304179924
962.2668548120987 125.52638637162441
230.93784915819626 760.213260404707
54.50592404611801 739.0198261888086
760.0434270005467 98.72098723105775
584.6941576106053 79.6219139309325
240.4366455227404 906.2340961993448
516.892902883254 269.332958926335
629.4908851158452 236.3194864094716
710.6204695690044 32.69722009831841
258.0300334977642 206.11290300749374
752.9949186272779 308.34144398205825
635.4923978040231 585.7475634081718
718.0370444038649 449.0717184258662
717.4472589973618 605.3856357701582
753.784729294855 841.8363985829562
139.1147142522526 810.6455440968252
333.31588005347714 728.5761308842491
55.47605524042453 930.891433605445
327.87627761959976 175.48140059369797
824.0029764680755 929.1881432132091
747.3705534799908 693.4344202819516
693.6928255460543 295.0534988777912
869.9709604118505 561.5511921620619
558.4377588121949 425.30333041164175
241.20282236914258 712.9960920712531
335.9351425028765 328.2477563734355
880.9311833877882 122.67940081024882
588.6995805022734 726.3722857812115
779.9441778916205 891.846478472175
584.2453100516439 577.3211506703951
313.8255140373693 914.6418753332819
492.5154618807701 931.2900048722047
864.2395068755193 666.510504713073
366.31553075184695 443.5741863713667
66.59699295299495 593.3436487946526
901.8572664791443 882.9635940170485
779.5271494110243 26.813182113629882
321.7998838880219 278.60789149871084
563.8513602573414 493.57076190322016
736.4084946686198 793.3652907134706
304.1580547057257 87.28111324296657
469.3374340298507 795.2715763588635
76.33575893943069 792.1556744799141
814.3581635537698 611.9653353105327
943.069101028861 450.31659145148006
210.9242991027306 130.25307004699692
29.100459655491512 419.4344935193241
884.2309914025943 969.0363062836716
791.6349892719127 185.9732229051927
76.1608949592878 451.96136925270525
668.6140368416982 679.7463061032188
569.9108166512638 198.40090147742194
378.7679686596632 632.9186408517319
442.7773782957679 56.07628399982846
603.8631402994945 521.3646013073018
386.72043130856713 349.3596440147106
886.608651733954 437.1181911211805
436.8263781992008 690.017645391895
849.6029441371702 376.50940567036366
456.1554896643503 231.43131154404605
139.20946654209627 533.6735759101775
78.19082146596863 862.996543420579
744.7664589364099 489.2755020085226
251.3252907712424 632.0498394010165
86.90069941869186 50.97760828387126
726.1142357387228 959.0159667327655
677.8989114709912 775.153993203822
353.28438393289235 795.3011261224367
697.9530825023837 881.5551530200764
29.20108972432051 30.36245764247697
723.3098380699071 203.8557044093898
540.1393851155335 904.6132906598677
101.73807223034473 505.6881502359208
939.1610590901519 766.3112639963399
461.2636510121032 102.56980291513017
454.6166265201888 745.6837294541122
165.44572592660572 482.5750316153671
266.80820777617663 852.4621856610609
41.75406598284074 300.1040587182381
956.5712713266505 626.8791711612805
860.055792566488 859.3492005569915
636.8952198819138 89.9239733545819
154.95812201234602 678.0688799150735
182.68243695585994 899.8935775004165
902.5032835638583 622.0247501469435
61.5817276911782 665.6392800376334
202.95305827750866 185.32352485422302
837.2836725626407 284.90338596205936
212.55105529526622 672.3281477666046
369.5858927819248 527.3973914820326
612.5037488729904 281.6983021980787
928.5762265786 277.29705000946177
973.5454734029063 248.75067963938008
198.04861208963993 333.322599890277
965.247242058866 408.0399138785356
875.4172595556115 197.33006055086844
184.73008867239304 774.4669567009294
666.5151724955911 483.43429232283273
689.9808490654107 126.63647914658061
543.8127394936503 145.54572276964853
934.6621852326482 58.77964366905963
834.3572919296992 812.4577917451102
403.2979591386077 94.25605943234577
251.58331481002242 69.94120205760632
546.1889143861142 950.7306566397872
223.09128377995705 469.7164235923693
925.6003465683475 156.6621139660888
835.5506989377745 147.29883074386817
527.3232966185051 699.8162870957487
384.700585671171 243.51570374686534
882.1233105130912 775.7983055695267
123.74826426354501 895.0312654353961
720.5394847325872 383.4562356334933
976.1980516074236 330.12086747135874
817.0955079102805 80.4816826540463
727.748351641754 746.9776183722918
624.9652472940813 636.9820304394123
165.2074604118382 236.09049741499499
506.7811908691149 822.5876659357889
610.0820978281547 427.7196815833913
971.4360642494964 190.1614039988214
27.47676258509431 698.5043354512411
328.2181323548835 664.4899341847849
793.1044730088834 379.7807812372522
910.6065945078662 531.0748760765791
257.98633370391434 351.5069525317122
134.3125521838433 332.8287432733536
398.4739661729772 830.0861144833916
955.360757240562 553.8868424160057
840.0516354901133 526.1145711597354
26.672817077181975 105.5092469042669
539.2323978021202 642.7559338096435
173.2255798609625 625.9732350499773
349.2514462611082 63.389017536671076
188.53515835708353 439.14128512226307
447.9635738888835 634.835873458966
447.3074998421146 538.2056386678407
931.2801431349903 918.4865724969673
199.8145639146956 383.38482265748206
174.89261168477745 574.8170226881969
974.6883868160846 796.5747149621218
934.0665531285001 696.4308970876111
644.7780366288439 877.942357990029
771.8575872065844 263.9084763038144
615.5687919204313 925.4211805904533
211.1172083315031 961.494683734991
152.62576279846755 952.151319963423
115.44841962954678 619.2813536499975
107.20814511492998 712.2346418756763
111.40595086495827 384.72492163789906
79.07741205284404 230.18381147589636
140.84674663758886 67.02400512340003
940.2876267089835 846.2480477613713
692.1966456007963 242.85438978880762
287.65367906775793 597.2923301186772
459.6997101201453 324.61114860024713
416.69410911251856 494.762750071675
573.7700119908231 786.0924090199203
835.7399599923488 30.344025988750932
