objects
867.3030772073764 285.92850623329866
443.5137242189694 223.10976940357418
314.27235104409414 541.1190402414588
281.5222798630354 642.6458439696967
583.8987934873855 902.1505977413985
812.2002515307561 837.0264570701854
877.2836809426037 964.0401933195242
697.2891101424834 68.3873410129346
267.5428754873036 962.9413926486441
875.5607986040816 912.1277257473703
206.36007370988358 817.0533798786087
582.8339619630774 498.7914488554877
396.42038960410014 854.3510351812963
421.3811544142942 543.2669041321753
523.576957802805 974.1727491098325
462.89119462835237 925.3019544020503
61.35205566262493 925.2026022716932
62.87786721905077 56.99852632501553
118.51119357774847 415.3274974807704
961.551602210284 124.59342902924173
758.1727926625267 900.8629558112177
757.9795168245985 575.8920158152448
606.5099168908112 173.44558421960244
666.0274250261941 793.7946325507801
857.9529012702606 595.4736602321391
239.67225845984098 750.3747120013809
657.9304831254117 34.829741442515044
127.3900081081664 741.9529634350542
107.36641057526074 204.9460566135042
535.7592274238962 117.23433357196393
268.6509911034958 84.56464002103095
940.3928114521916 576.6443234606345
108.8834275926696 510.10171280881445
96.95386059891662 290.95501256673464
612.9118740384397 118.4305429243261
82.69729725635574 570.9192297371114
694.309832521991 553.697546885234
391.94963506970265 465.1708727896824
195.9369030368715 482.83501312312666
561.5062485192063 766.3465356868076
945.4496411904472 931.1029583663585
542.2920626353127 384.7691885115828
98.37577962007353 974.7791924774644
494.0884811416208 577.5271756666996
475.6069690196319 356.51845627796695
883.5205473463309 33.5138411425004
321.8745922753233 954.621234348203
718.3619461840747 960.6136605505039
273.73463309835734 496.03816151800044
606.8392932952638 408.0682639577653
458.98329991408053 43.63407597698706
40.595933160239674 358.4731617155099
232.6852648724552 632.967070934832
432.32334420610334 271.4128561357202
880.335319466375 165.35772704426643
492.8425769025381 726.1707246909755
279.9743795610547 864.0911759567973
145.4695407778641 63.23188898254445
542.9178494610514 232.76740787851014
413.46636143206837 689.4729992883333
529.2054373230416 467.07104580765457
647.1795758647838 270.4177251666469
597.6204767394374 61.79528853660343
836.4051419608315 448.442994449265
371.1563207468763 641.593268035653
229.32229689885537 698.6977141863683
598.7063488208844 544.6269788218065
187.7806803643923 341.1612411538475
95.02576831629818 801.6739053055621
220.99775028987958 384.3634145761481
664.4633862222122 588.9904532542325
892.8411627581077 335.79751205047563
139.76707049387062 884.8703280118445
682.3984234622744 859.5527333797163
763.9593391258861 353.0629179803038
284.15354053179135 138.89558470484894
200.64507454191767 908.5885940279925
620.7761310172982 672.2343827685936
397.93944529015926 211.74203785022388
516.1303403767745 650.447068172042
943.3386773173754 739.1659002178628
730.4507544520532 809.1819491404299
780.1014399084074 499.6059566116665
887.0698090421031 834.4380773938635
688.8940981242542 471.0777691120401
390.3808741226189 744.6647343994202
245.98697655845163 553.1725041827553
348.9206278677397 302.16694257647663
975.8922434057715 298.0369122391104
448.3543996720951 588.6042331764029
381.73238943669196 959.6358089292194
522.8212069913773 850.4257299964411
60.48951495509948 734.5628513860695
782.2118158607025 625.4599578763889
41.676095798244944 643.0368802564901
407.7565309154543 369.60497239032406
897.8093091421088 484.558659479959
348.3092133720964 450.96062265223475
846.6640722030652 351.4216930681326
168.3149234426937 265.01044982044266
969.2920818121547 205.25356813260677
844.51382382427 519.7725446876888
665.9532450800868 329.99945116340524
28.09909142978462 256.4711934972094
804.986014584864 381.40415271773514
917.0297127662091 394.25775653751555
666.7319075578475 734.6224706366725
405.53903869566096 44.759381869240215
420.4093827354992 165.73793818617733
778.1937804795464 972.8763700908285
271.3699947157311 328.09920272638067
487.6035085424237 311.9637958502069
529.3212138028641 38.83920634204093
508.8254363922879 787.5147899328124
768.0203990422631 775.2924478028438
219.77883794129323 181.2180625682538
133.86378988638722 332.5545536271065
577.945341766494 309.6592524467544
452.99548297157725 663.9162581216233
714.3363565657392 723.733072670107
362.26276154985874 71.6484950135843
155.83262157213673 645.7929602684412
305.3126841807297 42.74114187951019
714.7903833983862 149.99415004120064
305.33097204575887 773.8347733806274
617.7166065791162 343.94936318893906
177.8172467616207 688.900200596474
501.7022266809532 78.20435023678746
292.7092944916133 719.0467896199991
30.39086406041907 114.03536161557182
350.24383068329655 203.1323401059778
505.772925077508 520.984985360675
491.65649341103557 203.918569621115
262.6182710802831 799.442056447188
315.9835937219124 598.0061385153122
919.4535938493882 672.0425129369155
74.10945076336151 241.00474739736467
726.266632666362 438.78219645001036
971.5278784218162 498.1013146050616
540.2019354877852 569.1335452425003
499.2605714707511 260.73164499444135
801.8771955453312 927.1922358490658
259.0636975089933 279.5711636989299
54.920625425357095 433.5250666574599
867.1366166439996 215.70467539548258
756.5342890636164 32.57546315417521
766.4256393217927 677.8964838522461
193.2436166767916 735.0103938853993
218.07380170932976 79.80006799767207
271.5576492659046 205.84442009551768
61.85617281488113 837.0806906870384
664.6952253548575 515.6648705630396
454.12433424094354 877.06544943174
591.167370897308 971.3343118976484
590.2544219803547 724.8773448685724
815.4680453635965 76.5783664742839
702.6569883970008 223.11611546139733
845.7596217494122 678.8732533416742
898.9703629767448 769.0152796836137
788.353741939723 226.76610192214207
672.6739565813925 949.5981610452786
935.100167256759 239.25531054655548
327.8292471359774 658.4009160220146
430.2515023087463 321.42196641331276
715.1243310062566 303.67845705833525
967.0231402798552 38.70333992404121
924.0500453713964 870.3343931558627
779.3041512052005 180.59060098005165
824.3254574589348 142.92804753406705
373.55865209183617 411.1369976810954
