objects
264.4833684375117 248.63922379869445
966.4786421445592 937.4188289988936
87.61261984173083 491.0988401884301
496.72971825226006 499.31420476713197
926.440678035111 244.42967651016704
311.9758251202814 733.3635898248456
841.1743830786909 235.12784566752467
234.24876895956098 426.7597223809274
69.25055165412206 121.42273792960759
296.6679985330932 943.4608737608808
332.24946712293826 672.8008408739802
463.4575171975714 24.35284598086413
143.4886543590727 361.0671691380244
449.8784954813434 236.9622760660362
642.66210064863 156.21678867729003
580.8289427090449 226.17873089086658
231.78332224407063 816.0664984303512
169.55478916505035 404.3030447601274
864.1505790349315 806.7690237845907
386.9701298806251 674.984645934431
410.0132694023858 488.0619779838894
60.58494757730961 688.5714828095388
503.62963309673586 914.661015852655
118.90721257756596 218.99716091341273
855.6246575977555 666.3682588357817
913.0665323062688 314.3136833792552
965.5148370446807 196.3018721913027
300.0427344116392 551.7042180825567
637.7209396267456 730.3784770255816
660.7930282135337 313.51667161702613
526.2301459117544 807.8756134235384
357.25268102969227 94.9906583079904
936.5154613193358 146.8615368750376
324.5333473914008 25.844821134213728
851.4979223349703 927.6801365432523
332.54312044592325 815.5324605801045
161.18532637185606 583.2534110079889
618.0848105976459 402.86170681676816
689.9092997300411 39.581796362319714
103.34702698566423 27.03021197958317
288.75519487794014 173.58047271347783
387.7587794759293 619.6449215013054
387.731636837238 264.5965595386417
743.8570831780467 562.6951459851448
690.1106605097082 649.37346548817
895.3787900329123 388.0390541179769
401.8450698015549 404.24007289802415
561.2227980777393 431.2973732713724
212.78193552611236 597.7389847542572
755.2756285851099 642.7818899536351
866.2144545018066 191.05243155719793
114.19208778118386 971.5709140274228
71.40396897325357 778.5613361975763
831.2881561919289 617.8456956960465
832.963818892227 399.5628858327476
896.7724564579835 741.3971079990872
142.93702426927018 530.6740791858531
788.7513457087525 812.1426641746552
144.99366560515213 159.68718527636204
850.8170884204558 106.37979985294405
439.46834734858567 172.25448520828346
332.2824084862745 391.4417727808059
750.3743411138046 856.4377489087301
242.15860534717757 98.85271000410197
832.9779825097353 883.4413150738308
661.6943545277359 467.36099367265086
35.92402888072875 578.7166020312625
609.3794099516665 605.1279659585691
85.28582277336253 564.4001193855422
135.37011884961484 772.7454464492498
109.15792505999224 819.8869732895539
853.9729491395299 305.86522435519186
75.07885381143234 373.1247856691097
105.11160452138242 622.2314973058951
205.5207395073632 132.33420933451518
288.6632248388515 350.3645338081406
845.051591353819 572.4134430381209
668.6381147944317 112.9185395140931
332.7543675732718 310.3311873331302
723.8436524848714 231.14696273605048
53.71057056183511 971.9024235488291
583.2848302783073 845.9080158400461
734.8495426754268 133.99513585440047
470.7067357866569 791.3929176733138
548.1739280882716 115.38947396095132
331.18934304531206 606.018203921969
469.68511753114325 596.4939310638279
159.5775349079288 250.51502625429802
696.4289961593493 705.6642608457526
767.6674964581543 97.57102732227247
746.4753324264852 941.744679392003
498.02495414908026 641.6887966764684
356.590662758188 515.8555246896356
967.5784399775582 366.6255056938545
135.09395476792662 866.6075493605595
767.90656345048 339.7009251756257
496.1247874660148 856.5233322881579
926.0804503146489 646.7323560105528
493.3176275794334 382.1006216744943
715.8114674950134 296.16487374829615
901.5164913125323 905.075469820041
904.8240782652149 97.20130805020861
213.87604192811048 528.8429868935168
526.7184300209738 584.2176228840065
397.10105877663983 544.7389354224206
549.3679897220995 37.033250062720924
363.45677066344484 733.1281286500284
783.6627932093736 690.8165582909255
621.391870175938 29.867229524448394
203.59035297383025 353.22563154026847
395.6879776414505 890.2202766441931
548.5750872869803 321.0230506070488
380.6493592325198 824.2566409412898
795.8507415148931 918.7192877752996
25.889860831265633 472.06505312579145
236.34297701055488 166.7914513400334
693.3675320044256 814.9414212329741
29.904924635413472 391.37266570876534
881.4644340410855 857.4618394829088
137.38356417626423 466.36434686140854
424.22972815137564 57.38547466823533
837.2710176180858 30.15076073895042
252.517682976576 956.623216231314
803.6903453876314 200.4150023294818
282.3360816100889 68.18904724296846
864.3875421758576 487.1041327877084
851.4718386219556 352.99969076611956
256.1257175246228 574.1697184973416
56.850387344342494 869.7251008989372
574.4354419466142 372.6157519821652
346.14281245169434 867.1372305801026
443.49552902914024 437.76818287555295
114.28154033351042 310.9377733631384
248.61617974806538 908.0003528645334
125.59092699100705 108.60811187429957
51.42402441031635 523.493220349101
942.1861493907575 557.1737830287198
601.4945605302016 74.95984427142236
317.6723836098541 465.0905991869343
442.0949121768006 708.9555974111206
959.1176724259101 788.4604741300006
661.2396013690982 896.0167131972178
906.2455194895433 32.755098763273466
631.2577907681314 556.526381132893
64.91817595161493 249.7670470735993
613.7786368106981 491.06784749588104
421.2868798569718 776.2248338067172
147.96635731102037 689.4326070269035
900.3300433393795 532.9037916880986
183.52561093407266 928.1500866583622
751.2368359099708 754.3582976735877
648.7430110374362 778.9208645108022
697.221961794665 379.1935440710438
561.3329587848416 547.1306051706943
739.4163251399323 468.9637328970516
33.328376107255316 188.81427736388372
546.9724437115235 699.2130274740086
265.44993049604653 651.3469248185443
656.4235115840527 946.4743136647337
199.1446985976759 303.30954775961123
101.96192938830345 913.976529331351
42.26674199180485 34.6257173054094
43.69715459145181 639.9271802427718
392.6823586995075 139.3940610284747
432.7645162949728 658.8744749908283
589.2643977174259 285.9123572701787
877.770721211773 611.144782414201
801.3187666255321 544.0323755004115
93.24574364796908 179.6488379183484
963.6334675606056 311.76782421995745
