objects
937.4757432126285 420.66081242340573
689.5169592694615 507.8727884333363
920.1722671731661 862.1873688578271
863.3943009934924 159.34316321426053
295.67796167837685 610.0402050625144
563.5834974771994 394.2695252715797
642.5003468207435 658.862842369007
173.95085443385727 942.7465076084611
208.00921227240175 92.21413031609195
567.8042940895407 778.9788721765751
140.74620676103234 359.1778374957458
746.7968273606675 612.9850526835628
472.8965781900182 244.3734357707142
827.8041395415446 334.3492973503266
728.0455774636109 729.0238684010492
697.7930566718835 667.1904586903806
385.62551822466133 25.458719987182132
864.1467862335651 492.7131501540703
793.9573523047513 939.3927766209531
405.40607599215525 599.0829649444477
533.9387649619339 612.6771972429328
716.7474527377924 157.57580533466015
931.1057913437633 352.86361150418594
55.00238321563249 24.976749628220958
498.81320271847295 395.86171035519465
514.3202780491507 63.568845073251296
407.32045192238314 545.6834787943587
726.4354980205387 830.2127987070717
567.4594770940664 853.9728293093981
213.2426782130133 311.90658779328675
864.340947760152 646.9552667020164
136.91704038013194 129.586363213739
268.74424156413625 383.3387531390384
897.8741771488085 533.7399083355795
642.1884262581495 311.8387337887012
292.9286525901912 491.3581610125304
102.26073180231383 313.39912689264054
279.70258192384887 132.24910541578208
300.1840020993433 707.8686581542754
585.1530648008929 950.9795143831002
441.9959722305056 328.9604452515065
405.8292913386607 94.26388373064493
813.3894994879904 112.02979152386484
880.0579148225188 806.9761320616051
618.1613323185611 74.79486111049525
401.88081391526015 468.79998483223636
42.37334513889633 302.3785264935145
840.6300974518745 388.11291902035674
843.2090629142676 723.3433249193808
684.9960207724412 608.5624681158572
480.99294292493994 298.4495625399558
965.7241715243529 210.0296636126346
329.02935919297886 854.7410077839254
780.9022787553611 580.6036318579588
344.8931033139 562.2694718876483
882.881282415148 212.7554787528573
435.62767660220544 46.453699296542624
588.3386237309232 37.874055335499875
87.27853763961303 845.9906446419004
954.4205535184999 100.28606483502976
630.2994859300084 464.0385066015466
869.9965809505347 271.96927233119266
529.7752979757379 328.8123889015903
611.202553057246 378.9150712945279
60.45532469072556 420.27290694015426
888.7782336444714 754.939218260402
318.91852002300163 176.55786371891762
61.62737493896994 568.2450945201415
287.7689654895229 814.7365324444047
346.70074827132424 675.4266149798659
761.4341313462517 375.37273720520926
283.9733450513064 304.1766004816343
224.08676665608337 754.8904881844078
752.5192895218934 220.8660104389507
487.0216422226439 802.0953114828019
107.42421413238426 796.7392635477477
504.539498152732 952.0561473394744
395.69541527510285 778.0657274659466
565.4830793597987 93.2287592324488
403.3794744236779 940.4351224042803
191.10689994314342 881.4501827796562
713.0933949925927 965.2789480587294
563.7945357070287 275.52610723668994
62.52417970294286 368.98194416332905
691.9365416757496 257.5950276561448
133.26339319927504 574.9819846205719
178.37923595303343 773.5717804919559
168.16334113395988 472.4481121761
498.32357358785725 680.2001283214588
186.71777174320198 618.4332290442562
514.999460486418 747.6998480543471
551.6869652592547 185.1055563609441
127.56720602965449 884.6178201435077
226.54249929187523 175.48905551968897
84.82309008691428 734.6868317893304
649.3813942410814 203.04574715966595
787.8880638533044 788.3829010349934
336.60363315252465 915.7460775101915
788.135919231092 695.1478421381073
213.3909027229407 697.7906824488027
36.332355304362025 636.8829826037286
192.4031556157877 48.21019726610846
583.8688872909363 651.7741590482212
737.809210610676 893.0874892872773
946.485910815491 548.1270612974906
486.6123915154206 900.478235695597
676.8945700898757 931.0675655974187
82.90850417658157 250.4072605743336
264.4037450331041 972.8079871877055
26.26696823473392 186.37120457895492
925.0369066641306 165.5888451209584
84.62887390580795 938.0595975736633
861.922125873109 852.2685500813498
788.8309754569398 480.4013030464627
259.22058090685056 888.7850802520666
443.5534695026574 838.974616818381
101.13314774455334 531.5536409198173
222.22526145487467 368.26543003380357
797.7666127508255 525.6900872330973
229.42727834176688 818.1246501431879
482.5750562846438 572.2554214738541
945.6899983544977 905.3861353372201
687.8328065997589 424.190947720775
604.6418218678348 545.4189670895273
335.369903110642 747.2565044080247
941.1469258424622 732.6755276418994
850.1224263575405 574.8518362588193
346.86660351977235 479.512318015227
39.35255572902017 79.46699465723012
132.72013219612907 686.6619864954
755.0039330365619 279.8960521445936
189.4979603661788 514.1610084248205
703.0171730330035 319.16499501204066
740.7781294204633 455.821225561357
147.1085651591352 253.47034661065072
41.00981945074949 919.9674062466247
335.7087970613301 353.09450228676957
677.49203298629 761.8368206346154
364.720980058617 821.0782560835023
929.281407434213 41.205166753540205
404.4701009192513 725.7824068729601
304.88957732952997 39.38162350142538
643.9619633098791 818.8400430348927
518.5429015064472 493.6362849790142
38.772780569024285 715.9980713333259
959.9622335858676 952.0284974650679
145.367532090035 75.37845764581513
33.53755209022404 830.1736013607335
415.71716755052336 247.5871128683863
379.9134953193885 894.4468961936809
959.6959114947442 614.8908951890382
794.700410397264 178.14728652547146
506.0961455531544 202.7024469649175
892.5747900927465 319.51800729825317
896.6160163249549 607.380420321279
678.7767060161657 35.56380583936658
820.443506375588 632.3963563204491
831.0141566431762 239.9972536095911
654.799316344581 884.2133421582562
309.75513411792934 445.5691770170934
372.5652826947664 304.2181838012592
305.5780343227423 87.0876141580923
400.23224318653087 665.3846094169292
771.738407756762 845.4803106126624
354.7969206377245 256.32409226293396
628.9351102220116 924.8317535989127
491.528322395487 111.7531269562601
233.40655355646533 553.3905138814987
751.5506948214261 111.14567196092607
362.9399531363063 628.8029196670457
