objects
909.9265381764142 228.1240256388076
377.57412357687457 967.1389117435756
889.0687545160749 529.6793374626138
238.39887379917045 56.68615220783897
883.8032885354867 856.1418827601876
932.7022999432363 917.5811905060259
80.53794700605238 613.9298011537378
182.44729038599164 317.49187676568386
531.1961539486297 789.4284714982427
159.06441219336227 834.3770242176279
928.8366457644884 144.9179593960754
81.72576375891353 251.89575867477876
115.62276017515353 86.66544468217117
899.5191748918733 597.735595932163
411.631995031618 540.0368815284089
748.4995541021217 774.2448304132195
941.2346320873075 66.30907902667249
594.5041340269679 640.6548352740708
510.60289416470863 155.55523532733656
417.48007570304605 155.32458341234175
145.51756771777838 702.0398254567233
567.4722996145645 332.7283107790498
632.4091602352732 307.36420899942766
699.222705511176 839.7684799554147
116.12609405409522 867.4932461222227
286.98221990934826 477.246607144472
451.1460479454296 658.9551348053515
797.414803183123 942.2453196693443
463.9632513662923 906.2408052840788
884.9012599665259 354.2641796564644
830.3819494205006 774.8606049796183
541.0263939058188 45.20489227882611
50.88604121252665 415.18022731210385
761.8650974002965 423.7723897743154
399.70454305911557 896.4431135265093
433.6379280421657 241.15561362546362
872.4624931371097 112.66540369501294
887.0776026001881 907.3858551312937
217.20595250872398 604.1908841623385
688.2390565973546 264.3310980318545
298.8274749713916 895.8505219222773
616.3098812791006 794.7774527563379
319.5764644851382 564.4279881000837
122.8304512461946 366.50738534638936
358.9111852692636 201.0317851439766
362.5363431233357 397.3400260903221
45.88123072711181 958.5029708966244
835.8560032776545 45.20692829259799
790.9477388699977 669.3199562178349
573.975460579755 579.3884702349269
147.55611613710462 198.78278335702694
464.2405442522115 538.2213007586458
820.790769074395 712.3351256785415
958.8465125250302 619.371433032454
68.74430313206346 755.7778942203968
711.5618024254225 76.21818520440789
191.46779749509838 645.8354618179576
883.2415907280861 459.0995424010379
187.7457672954856 114.74463060920881
156.73669863803315 909.3731552466322
330.24831699427835 673.8794642745781
813.0699149115758 867.7027646910135
630.1119450652934 458.18124402314714
544.1034247006437 440.18297229662613
410.00014722758937 814.5629504124811
749.2453642039757 879.8484614600718
383.5185683388931 659.0483126977244
710.1473323442956 961.9268437088895
698.89972546932 424.0863543708482
81.71968768068837 820.825435014073
592.9846546454739 405.63656214933854
473.3322002430156 298.60885173201035
533.7358044679581 619.3747228494276
680.8910833587461 341.29745220038086
356.5465382292389 716.2607314510094
825.4543531523789 243.0232576996978
604.7859059536393 259.61171914909426
26.191124575774495 633.2560881513994
844.8044552284668 174.57740622656195
585.9053055026759 100.24140778339233
231.919119933095 821.0810687244189
81.26859824113977 305.6017945306245
361.2890544604983 489.5101297522571
29.713566630329677 791.1110130201064
786.9350050673279 312.2447296621108
518.6900081745239 545.2834446308359
887.0098094912939 802.9095903289008
655.7281304015053 905.9449776437853
472.9832933021597 94.06837992954462
157.5001498420961 976.2679275967057
101.85482230163399 506.83434946415485
921.6938926944385 759.5799484715992
946.623749245949 310.7384739200839
628.7549535900741 512.2622342433767
226.76916865080034 436.32597370217167
542.9829143353943 682.3152799213162
735.186655343814 533.1962504374567
453.06856138459875 951.0822643503109
366.32052017080366 324.01718248015396
194.25906007182007 743.5796993530575
301.5463262959349 521.6649809548726
581.6927725700591 218.16236738217083
147.29628509793906 787.634566601228
461.6900768175919 706.2064761677739
211.55241256375442 219.3864823923382
767.176537371734 618.3112226351645
170.85329009749125 437.0308910434325
69.56952492548794 361.7411174605846
777.6057739594885 76.1081001742021
68.69865848349735 694.1331420639772
248.85843146468963 726.6508811569697
767.8010430325855 133.91576899722872
271.8960604692053 950.7995929338783
537.9357750312859 291.680146475564
406.2081126475882 89.07570083794081
940.9309195378378 414.78877726203405
51.69088622731226 188.1390269538328
210.66354889802562 958.1514658561548
665.6074274527725 91.43793465495878
592.5627402046616 172.38796246556163
443.0327451161645 410.24725564208006
278.2286359945078 691.2675237504675
803.0471250742412 818.2499051294451
126.86939415906157 294.0222613202364
115.39874638913956 578.4318508929309
662.0037906491202 717.0652344806531
480.435711163227 375.9165259362695
962.277391525349 670.840013228589
757.1904951989156 28.793884918516284
254.70007072058874 865.8073064749392
517.918484270529 875.5639655661116
240.9021595864636 121.38912386680204
789.5365876840442 490.76031283332895
444.3003945473972 751.394550894961
258.35812988224757 271.3416357926221
103.74794921820579 417.58700012351846
650.0275168242929 226.64390920625414
968.7212831585882 766.2178192250237
40.40408662381734 895.0028444684881
577.4198157690298 725.6422071550048
959.7893238142933 239.90784265457654
240.2450463821011 484.39130502685686
203.6380703068004 873.6299407137792
964.3605759468139 970.0792438947601
697.4796547596709 765.5951373720181
211.56376487100192 161.01040559896558
307.52354361510635 423.3498493870633
327.37819692666335 796.8270010111623
973.5930874860519 495.07789984017245
266.5069067875983 774.8730658665559
111.88186136317576 923.6453153939956
581.2801172377035 837.3169155434177
52.76205901288639 122.24804078876241
339.0738396376114 133.60925508681788
192.55590628105332 64.83718619544219
230.08696032424785 542.0598258497362
266.0734149197401 587.8703043573232
325.7821673249194 937.1681948489322
385.3359712977957 587.1128815474233
576.2274872107309 951.1171046772884
42.51605519204185 552.6475528259648
660.3882609579657 570.3034651614103
178.7260310074767 521.3915336620187
637.3960305257142 158.82847563786635
68.0283359670155 45.457483824373526
789.3242216675187 365.31585831270786
460.39136626608575 803.1486412939294
617.4837920305765 974.978483793823
469.89545345268124 45.25585798441848
777.9353072446947 563.9201777544204
