objects
928.6692459756746 110.14232629510674
818.0978212211844 27.781768194578362
307.75558126522765 674.6683858070667
886.1729589611896 378.77329468615034
301.5325270301243 405.22202781020513
607.6576566502542 266.7016342350058
938.6180351851119 446.72332162939347
410.20599519783366 266.92119609856104
319.7313936402594 590.8037015880925
613.6585094623299 508.75574137996443
571.9938197931099 302.91473518971435
504.5585637943155 115.6895951202869
816.2351804751431 571.3003243174167
430.1285795746346 725.6571446766957
371.2663803543963 754.3430881421273
49.60729717547984 465.291736449142
377.44849338893033 938.7823745291917
191.69973452903213 376.7477996894878
857.5966438369085 897.6876665404441
131.61261963988346 426.6826275435034
851.427556713729 495.156795598059
472.74581454077224 587.0878514409303
562.1294407149408 867.7229676264615
269.24992117509225 892.3685036688928
947.3085230360402 887.9598379314623
340.22443616044495 838.7921697204097
755.3828729740051 742.0821247490803
641.9992707884742 785.9642529462074
130.25818327050723 749.3634445599705
559.9661393044028 610.6554745185672
718.1747277454547 442.1392588177723
902.7554787439426 40.11446005102395
53.93588648988368 758.4867874239878
806.2311899657814 152.81245327793212
491.90557521523135 173.29536826961962
161.78625242512717 233.51427853714873
324.94171553087 231.71722589779284
198.68869166155056 489.8241879680418
734.1666594308442 384.72905708857377
827.6607076687521 776.3587715498975
492.01062064189244 830.9173933103439
862.4703863615703 610.339493106113
674.1474110418028 870.6788117856829
829.2507575812135 400.6498568004497
482.9568471827861 743.4646108387421
74.15751498306793 37.6964418142605
282.7015640234449 790.0520863291458
119.90553989185196 622.0848935428078
894.6713989174814 798.1624333055502
153.50749916551803 478.8786219731254
317.4666053794502 57.20012960015732
813.2201406630463 704.8245915470504
165.10446083409823 47.14742744037668
293.54351695234215 849.9895001677783
959.4625619576698 338.4641453742361
292.86448129148647 135.91328748120495
168.3829211321078 613.1771423489779
248.58129853582267 635.4430422145094
699.9673164895307 255.13166336277567
905.2584591240989 863.4103333506757
687.3811271584314 483.27844883277777
418.99540195758533 174.14559800202392
163.22803837709114 799.8053883148093
745.514344343215 564.1713645685388
287.6895398427914 528.1120741112161
507.0760984231741 355.40811712138054
878.5556230732559 453.0297836294252
187.84608692500848 116.53720971512635
893.78083080425 256.3778579350633
415.5793376254627 445.51991725850763
684.8380157171785 963.4874170484516
202.56508423396144 644.338651703579
736.3584125284415 499.9821372301277
639.6905060670224 159.06381774816822
100.01201778084416 513.0911445378408
521.4319581129241 950.4061337717972
508.809337914403 634.1740802666359
113.3962102414372 695.1306619325401
425.4761739054757 54.498334391470266
588.0696406968871 682.3822926189766
689.8182773916985 642.53611467269
491.3387942474505 411.5503072920601
781.0169145239145 324.27264900864895
92.18832456263914 801.7844437768647
212.5679768498113 691.2185281700768
74.29809147104262 614.8785780088515
581.5255188089052 102.74379455302851
207.20088676948512 256.43186733168875
49.29232748921957 694.4149370369935
935.7251973383045 640.6674510210692
124.07721505654264 271.31106145841716
422.28597780630514 865.2353905679367
611.9300468364231 344.2919157561792
683.784406736751 821.3059297478674
224.65118210699507 310.18260665303853
44.18845880536233 226.5977173122526
941.7878523126997 233.5628291287586
779.753494208202 817.5508263171789
203.79272182531923 203.23060964467535
116.19037404168046 923.8213118394685
193.148824113583 842.0816244812347
194.38467698439823 432.11988199496255
707.6645526295315 98.16105580600886
47.65639491179438 881.0465424242632
79.30973005506874 847.1895457021335
323.3720101460007 354.62716852382425
832.0800470284867 113.30220713809342
126.98078562232718 131.51911896707043
320.64139896877913 935.6232187907679
601.6935093145405 927.2122742806293
791.0779021230057 892.7341967523705
614.5178111281894 596.4682607239981
631.4993406577814 422.8915521937478
754.4893418701035 668.40327261212
241.96825503564546 453.92037498004305
944.3647223996954 758.2307031940286
365.84463617519464 520.44704392921
877.7085283518643 746.1997963575359
757.3676017387136 924.2212742434122
569.1191150708319 491.99137356052125
290.1336629555188 307.38890924899977
659.2516151410362 533.2000532197857
384.78453767781383 640.9355004551048
450.04100462000895 783.2585694549239
794.5942547581658 266.24039131243154
939.3845952270424 821.9621872602565
687.5596035482554 381.1620648557316
35.71699862551751 120.9101697132081
306.0523015274299 726.7535531910423
47.128885339520686 304.1926628362878
764.3371629678425 218.09107571566645
621.7695220350374 68.58993252741669
55.0269479360196 168.56828193075475
556.8754792422321 254.43367527608504
961.3178130413751 695.0115963168723
839.3556205443574 821.8371318155855
498.17558020748635 519.7880954237646
30.597318328385867 65.29341217157294
887.846125305002 139.7759501598341
466.68499347954025 684.9354516077142
260.1858072822958 733.8726675395817
867.775879280832 82.90001161794964
368.5158556129471 70.49955623871114
753.0377433273532 142.19213679187988
36.28560295381483 392.98253935223397
874.9024048837466 540.1198576220986
650.0636944753244 222.74542567339034
546.0940272104447 51.06555243155739
225.49653169337296 77.74052810085918
258.58625237401816 264.62999407957545
174.3280081681534 916.1609473600124
266.83068626084616 219.32990113386276
704.5513431419986 692.4225208915918
797.499463537979 473.3907774848736
342.3994757717817 295.4901922441359
230.78188540461707 574.9416828958647
434.5413760309532 956.054929485897
572.062643438527 207.2323828824816
551.0181164414389 155.05374598962024
975.4237623826407 949.1323684087802
26.16902419195559 961.9266117254747
154.47719809410626 174.65641711125667
838.0315390547778 355.2130224836689
709.899284392892 31.43172023496058
915.1229977381174 195.03161279505701
567.4902090079531 368.7483216600543
742.7293329675117 876.2608898217247
896.8986389806978 957.201901937766
381.4435074804458 570.956574371847
554.0156396361681 736.1505896615267
