objects
79.64911316479832 792.9444264689375
59.677373704987986 373.24107932085616
264.9684792033803 61.85000768501766
555.6652070509881 858.2895899067381
49.44978774094109 280.31958677936575
917.8281347049516 346.62066917135274
486.8801818391898 454.88009248588514
476.3296902953884 596.5174986320729
390.80076296844004 482.1683641007471
356.05272461439546 444.4105032202247
973.140812163862 308.47405796340354
386.4681416633848 141.60224142333263
133.98979424831325 82.73835028605438
952.9433017328389 464.53590850705746
707.688795032576 651.3393960000163
642.3195899940108 365.324556004174
49.625556342789295 594.5561273553382
320.27999107437194 541.7337509082328
313.50829207539266 915.0472057940866
862.1071781957259 412.84204851943247
728.4287039746 348.7157949450661
427.1720717656165 667.6216479248998
960.6730147086747 95.68157204751552
278.1213336895415 452.87614886930623
743.3429189415349 174.4652258582918
268.9146526052906 221.9757573768057
678.6883309189237 832.58806128107
96.84455937818777 443.4340287687635
88.58360565456508 927.7391491490766
696.6695835797806 692.8881728063368
341.57111889957474 648.4324429873203
693.6947012632835 211.0013826981431
887.2616369785771 226.30881211143753
419.1081555463831 879.6236736365854
549.8103908561319 468.936166463216
973.0567608783977 240.8655015916879
558.8945153539441 586.6000872972397
273.0170312229295 632.6242010391924
618.9253640515101 423.6296680980359
796.2904298570372 740.4566715206597
166.54289647211363 375.17557899197936
155.93136322269726 231.40113711325358
213.92479503765193 765.7398701393571
213.53579652212898 435.3390216930861
50.71574004354723 944.4045966781771
269.33130619873856 268.54428060178583
103.79873079588022 635.2670717434197
290.05792188150957 129.13117097112632
242.2827137985663 95.92263694343602
867.8561817667008 135.47391863339953
794.7910864092619 298.98822335609253
332.82304589059555 151.79433936114938
114.02449041006228 767.5924893077536
423.5165960919661 39.0949155782622
697.9317252552962 431.4059836341805
239.22703980824775 167.62670831397568
715.4046225402033 609.5914674440528
342.3514826841016 305.59713885109613
706.1767282375376 383.57189886273994
515.4578944450138 614.9285685685292
58.33779044580014 158.24988299267469
292.9163930982975 790.2936209995656
958.7224971597893 742.1015433275877
335.93918090794585 851.8697358099546
935.3025345378395 698.2869436309898
606.4144270191106 268.2377513290798
513.5388610289446 802.0436484935616
35.991271318621145 131.8003060706569
138.54298976366593 310.0371805990431
856.1060563083746 670.2647434366925
448.01018870313476 162.04547574714522
943.8939857592052 663.1297447687818
135.00942151632438 709.6604287541061
312.8560405230895 475.8687767840382
381.98982929929446 972.3118162204421
545.80961699295 734.2850646565405
796.9418982866722 364.2975311817607
234.97612930319087 468.8410120241033
310.12132201426846 358.9074005715597
962.7866640693715 163.99456540822194
350.83273146333 817.9159911730966
37.336832316954734 233.67653158979678
975.4264099561849 636.2261224247948
200.4786819627054 288.6207445191765
826.4702402717841 541.1111252775387
731.8992837918879 948.2651745634654
17.231562076279964 442.3356313415395
813.7699961594033 156.248880654467
747.8047040029818 62.746910713375456
575.8226129198945 368.4944409301015
743.2380828755364 532.1965642060884
235.11901562509888 602.6124060429488
181.15827167679785 106.62320826136977
892.4946571629811 825.5022053754532
308.8681086850982 205.66494795549818
668.5428407176366 739.3446726203725
838.8275038219366 344.61070353728337
117.5234790282679 560.6609687289853
553.2195078771515 34.157505208373884
35.12459260991304 804.6696206553074
873.6167719432551 67.40883169942852
371.1390132895395 56.977526094521025
149.3873335807734 542.3458142770962
970.8934193243906 343.75496421142657
527.0252227239656 101.91096965133194
19.238718809668686 772.0859370693996
852.2120791763454 762.3875740666797
505.0725435709464 413.6501847024221
496.60072781124114 753.616325061608
139.10501919709534 890.1964737608404
