objects
22.15349504184703 508.3510263396741
972.2764101030125 745.1026406210411
66.47040287264966 631.2595457540166
477.51471763728676 689.855016180156
40.34755345396357 839.2394709699674
972.0303696061967 117.11699404675704
898.501377153273 483.4237463343423
429.99910529040864 286.67668396261814
723.0907368749968 519.9283112407425
512.8269434333229 218.51940854690645
655.839958751469 896.9605947605286
619.0483750939205 729.7261390523556
124.35568512798797 106.88071325803026
408.3050699127084 883.551154611392
634.168760334413 222.9181645817189
440.81382245057813 796.9408821430006
101.58802700824114 338.7448211833399
563.4802765713818 359.53512822427774
772.558938644571 531.6557755908241
917.5380623489796 156.85125033224313
658.7411252212884 197.2508024745361
366.6509766641766 947.6127793070901
192.117364986358 151.6290553625183
140.05015080646882 874.0833183204078
919.3286400937674 454.2535872400109
501.94483470576193 333.9935387182369
192.58844118454914 613.3844984544826
579.6065902260128 840.7170082619671
36.192168979435564 349.0351706056647
623.1695144904959 426.3638288106374
107.27826442508136 937.9501755240354
152.58335081352644 763.2541334497085
369.61167034622065 269.27566147911773
548.1434064018953 23.643098584927976
843.1327665122292 258.8745666249149
471.40382951056154 638.5028686899159
731.1396442957584 764.5745081030957
354.68575005316353 755.6765283672178
337.2128563412218 839.9216756232261
531.0457934264066 952.5574948961292
286.5500057492661 117.68010274881392
350.3576457912036 476.9714790219123
885.6955518671595 398.52620681709817
261.99858722043535 313.06611876649515
863.8043246406336 349.8355244522836
674.7222606099323 242.23691806034182
822.3650231717762 400.37419698917944
788.723699890762 864.7935274024587
857.5789074237423 78.6879210629792
637.9723073416544 535.8131470010875
404.25247982301806 542.0727189855775
187.740938171086 207.35684372120897
133.3689320665362 526.5262063169929
768.7672372037323 622.3732087652202
557.8882384598917 231.01682639257064
551.9186023007649 174.84646896309636
962.442327519794 787.7755800446379
260.7724997328049 249.49168618478606
176.67969218593532 396.0110123226427
206.28015907449495 83.55072215725431
680.2982903429117 147.73802880119635
704.0558395860268 415.92824080800744
252.6866736935723 921.4833744179333
514.0671339325468 875.9226104927042
395.8787139354217 397.411170599954
657.1549801260152 601.8322471486372
848.2596242441857 474.5238415691225
902.1823704840202 663.949011545335
435.21353771811715 863.6049608798006
291.7994407395904 664.3678211445185
383.00381744722483 821.9161714004598
747.518573731701 162.94475456801496
943.9068872577453 345.3232114305007
107.0918326383542 760.0804968547656
903.8657476225715 102.56472985844377
514.9868721642778 57.44371195341772
115.48443201664112 662.9653569277519
69.06561255957135 322.8857752603637
756.8926270695503 727.1028833781763
186.32386262975913 946.6703330983071
408.8848253892976 249.4752555049294
209.90870018569746 325.5530119374665
663.8855087983732 980.7278132138688
917.5882314568705 573.4191134191843
719.4695009800314 614.1806341638502
460.69953199414476 57.10152895477037
224.63047428361537 254.54003637611765
351.6122716369708 232.66767662170878
980.8731748104437 937.5271552451039
781.4032338141283 218.50762567434123
351.17621990350415 181.291989724447
129.48051403193645 170.44418389646083
830.1217584499162 663.6041536383975
412.88315760628694 502.79226410176466
376.9866204496241 664.1923022215757
549.1498716861387 721.6812282507271
327.8710182603413 436.2431543494578
308.9170035110577 716.00210361105
435.85094637554477 430.4541097733384
208.62670977359195 685.5554710885432
211.487282666542 18.240985312507718
739.3309137830375 864.9407379747535
167.929039379503 729.826441396389
183.77803825607134 446.53687063061074
67.557402117917 517.1880787681492
127.37469342299367 624.6512259410138
547.8934559814354 585.2804601400338
920.1560083662304 913.8275241588475
802.0733433860297 126.68578852827511
602.0651899903869 512.1015219956314
