objects
880.621983729817 303.64977472819083
407.53380777374485 252.80582493613477
936.4119592941444 246.85898530228457
836.632261080398 361.71321106758217
730.8772249243409 879.7443264901099
287.4818196388857 29.236191702323815
233.53033212090932 423.16753582971523
800.461372821196 548.3306245593764
69.09977007352184 301.5544172180915
584.9075393146184 880.2654131496297
367.9488544748381 522.3732283023187
350.14832964350313 215.23519282987795
473.69397060511994 465.93963405704346
533.1315791105056 358.32431173522616
757.9965877817605 790.9328279829759
772.3368405397515 332.43961055540217
697.323757153611 697.0589901952292
940.5879668008823 126.05161236338184
172.91870860211506 239.9889270722432
275.55985920052467 416.9891755087166
952.0357898436635 650.5328554613084
97.64315035056465 100.82127739910948
608.643090197984 357.3924343829228
583.9795577838818 170.18882932618598
450.54999276789164 308.5663870811729
66.11463692721247 196.2897889999047
872.828632420171 24.095739215509894
910.4072062394332 327.5120351590135
398.32241009794865 536.1883625351965
909.7238262469925 776.4066580459634
98.1241830281316 649.7411167162958
42.83902909347911 434.48321555468294
381.244132180594 445.94429138379604
176.6953230903989 452.34416210179626
259.6995484161974 944.6187826350749
608.7500724733501 29.57770315322604
454.167891200235 66.53132119362266
377.7202341798522 979.9594077744392
154.74491725026078 30.74901465386549
618.0270505138365 917.8299936810414
159.75238581261127 732.6082870285293
706.6551314177798 963.3429273533292
393.03691897637844 157.19589815484827
721.3899531926012 914.8700214586921
95.98934482667794 863.3163289905584
31.768591234777485 560.4963291596763
563.0502833288972 422.48044360909756
64.56450425338113 399.13199456668934
360.0029182244879 800.8832566576547
721.830631460511 789.9705082705204
304.8662730086575 110.41569554929555
718.8925071217118 532.9635363653617
709.697905660878 212.4374500143263
111.09616841581366 262.53081464500116
492.2253904143281 149.09959252885696
53.24027353290292 719.5319470080628
309.1146020126273 770.1317643809291
43.87018880924751 769.3790990527145
808.884785096641 853.5099786300451
317.3591447660965 274.3183842458913
364.31058665651454 934.4900290740201
317.6267796165917 191.52282308504363
311.2844649210393 401.51341503587105
602.5243389730296 788.9373173445376
758.4113492200053 178.12039888597673
404.0403128662166 293.7153823986137
755.1679265070105 747.2199154046119
129.56469729828743 667.0309300697585
454.3852504675217 866.073849450909
431.97210026421754 421.9903331090353
319.3364746552772 592.0421728648445
257.501666691012 280.4554384235611
392.13035753047564 612.9013846141528
650.1808012005458 945.2100281867429
828.5260597131262 329.3915563497846
712.9325858218698 84.56915448360962
140.36739229565586 502.472925594699
800.8878305568305 201.48967322688276
290.80111562663086 662.5437785477025
121.1018662605943 561.7389409087931
345.9205708725334 868.0812283810903
228.22444000319769 585.4627260889124
553.8534044269743 524.9552645239839
418.1745204880744 811.3152055642349
176.3029640041896 667.283191220918
98.9830744130457 935.7361624139935
30.197949119559006 617.1975877921416
794.9029484969175 675.8439088231947
818.9910433999586 244.16007352825216
853.7089741469714 231.9962580580079
46.839267433338996 508.6865813871893
453.6604182947977 370.4552497029295
663.5644301202788 609.0749900263513
645.5408362587694 731.5949457651831
472.80617758213634 813.315518775638
536.2177576987345 41.93932032411683
146.80631155785096 881.5973128178754
614.062671217715 542.5931086541154
105.414151776361 404.48114884634515
355.57552129334016 901.872735027801
116.90063579314402 223.1548065065066
405.86505930740304 119.2594192389003
592.7238633931167 458.047583065111
38.17958919613498 823.5548562365839
499.68566275169695 594.4191489097586
939.3059916508971 894.212739031614
291.3330013731452 736.8122488780543
25.275233516747942 474.1883003519919
272.7902975933452 506.2997385685807
512.1900009395846 723.7137745290765
