objects
603.681096400748 585.4823398113058
441.1492936384971 60.33909938990689
837.2151022934742 553.5031097777378
667.328875076991 831.787161191907
533.8889178216388 145.35371001613404
70.31972012348002 378.4273601687588
693.8178615165555 262.4917395680496
186.6331590499771 728.7049413056399
783.1414021204336 783.0850327833058
685.4636457789135 572.5522542380323
464.78434689797524 156.69030216329023
677.5050169597482 696.9817300649713
464.761657654864 239.49469908895756
646.5447136714233 183.6478536590909
777.540580408079 680.1255484768215
202.01762767294048 665.6877785768016
871.7142510471097 465.42810916194486
355.87925883615833 588.5445661733518
868.9057775542382 883.7202595970662
216.0067301038604 749.0282692830037
753.8369576453952 387.2955139442998
853.8366432373962 286.0450187968823
919.2876308135594 153.6599871672549
767.1860595148538 476.1087721976899
786.85334157962 25.673587437824636
857.2567182200997 525.7886121780564
980.7233351773546 303.73804664334216
947.5798675387917 928.0238200144595
541.9257186407467 344.95036096112483
289.8815371481928 244.61310096596506
963.7728030387751 404.96128749663717
196.48375534312714 873.6825858878509
722.5099091912738 976.5647460317476
582.8523516027716 177.7408011131752
629.1874227535825 288.88797927424906
252.1249126725873 464.9265611766155
800.3242406751235 153.88205878251554
657.2955506327387 98.45775770965145
702.469720319895 631.2114772963924
69.29813237621767 915.8083503465456
22.45257352485718 753.9268451356705
510.57508184202476 440.38752145772247
311.800328906855 299.7874650297201
391.9123207280411 207.48937924339546
576.6630261443318 864.6835069440358
206.2289378030395 331.70272496673283
179.4770741266347 238.44981789577955
73.82360560461986 235.26162236206864
196.04659776409784 140.6618740591078
266.58907537034884 733.0126980167869
472.01850406280414 564.7771289073461
172.4612222488191 946.1889156997738
582.8526411908848 683.72737524774
37.48218769987605 667.3664818632026
368.66809807493377 844.4644587810845
928.6125750959618 23.989762168588893
706.5835033952885 746.0269324247296
884.7419853699029 313.9674492964162
932.5375468169775 890.986624341829
829.5062475044324 877.3904100194834
558.5377352160668 744.648453888468
268.5120036013622 645.6153783154251
832.8286541650193 918.0332775984328
597.0292033752257 797.3970915152001
457.9073378954272 641.737619582439
943.8530258472775 740.4110855418251
805.9404564223053 701.1863990732849
302.2214992858975 553.1527551464621
460.2210869359567 112.61008082605498
94.08560268646396 314.55245800943146
772.3213822020522 970.2163367839943
20.509744216259204 560.583605193624
643.2221966276783 332.6591258133037
368.96989044118794 74.74323152975643
622.5570811618177 419.99765993289077
672.982348372122 289.0018183415252
741.1578303251733 85.02070524029224
435.59568156681604 290.42607902844355
177.51254065437638 599.2289453673781
499.0907087796633 255.39827906212938
496.16657732608707 829.8823454079482
414.5186092710611 740.4717986375061
741.2959596060513 785.5732882810065
976.0349520992236 447.5397991465307
881.8747019575053 687.2120289224076
762.7735759849113 346.7072069516657
416.1339713604254 513.3664221472599
144.19529163147365 968.5104222059196
765.6002672358693 287.3538444737025
859.4400416615414 581.2864033188558
688.2207903993125 228.88601441054033
942.5514706018207 693.9108192998015
327.69666494809974 839.1914077180542
982.5584653699154 834.855939111456
357.8476623340088 980.3001956933967
955.2482483497979 657.9000239331871
415.0426761764336 871.3070838144117
787.5090007087172 587.3310771400511
366.6079010323317 737.1751545237008
110.1648487632399 714.9674149579521
58.74280284101701 727.308897736992
126.79755463527437 920.3597067317393
766.0074464016251 861.0977583170113
967.6291812306287 340.8758588457538
105.84240044978321 604.3102882714206
909.4962419977636 802.2614317738612
293.0226386244729 824.8641757460488
601.6093511458919 843.1322926876888
328.833309652615 618.7293989842884
403.7945725680355 352.6706445023319
