objects
482.9125628263172 345.2728643605118
280.68392190049053 553.7721689443248
638.687807837115 104.5252468889392
920.2546300999475 641.6648483260896
237.19537869589797 831.7342107191298
974.4494249085424 74.69521299290192
466.0453724912895 468.65216202305805
716.2477675151275 830.6987001172018
340.0374769364492 121.43552729656695
436.0398004623754 590.5939124964676
559.2597262419316 205.86455587656928
64.89695891334394 127.94578933658985
131.8617999420698 440.4164676991961
68.67267664503645 587.6035536458376
708.853983397548 330.5196953580277
302.1070612744974 113.54134855975212
490.5680834408274 765.2730140334469
887.3402957638639 182.87726480997952
611.2306788307809 860.1213523688389
655.5018524827613 458.9990059183835
946.5837567456349 399.32923906745543
952.5577615857217 542.4639990650454
617.1252126774742 298.794741540839
874.4056157468698 280.187690815447
214.97681247922762 944.3473903961351
662.2159446032201 28.379676751013303
328.62316759172 667.4145873078975
384.6805062286829 982.7283194337582
914.1756645818384 131.77198256168552
321.7475985387819 898.2630347429214
844.697051757046 624.8251213320091
202.93967860179035 684.4362231424441
83.1806457971565 264.1145147603403
102.89391057382092 220.11134028358964
972.8035022086897 753.8973894111575
556.7753540463083 632.3887295737021
288.04792852882235 769.7163858962056
982.2215791535825 201.0619450454955
209.7142805187099 163.33713510813877
278.74531108116486 854.165486459985
692.1170242329603 919.826453100913
832.6519585190338 397.50860033521406
499.298258163708 26.580681053997722
367.45250879852466 875.8582339731945
318.9744947067251 179.79691567079968
677.1604407793058 573.3104179239984
27.11268987849899 865.2805535004134
477.3941372223194 220.11587299284605
625.5529081517567 706.556695385611
217.08479733340275 766.4706958267001
562.5530387710457 852.1008994778374
315.6869183473254 67.06651119003475
626.3863622496591 263.0975385078389
735.9194841667623 252.0519206675836
22.03223004611712 320.783907992125
607.00335834806 78.94073035566447
126.28366022463419 313.3371196922944
183.28328649293704 253.45446873106536
326.48997052623014 338.82912925326923
382.15629466658925 646.6198600584802
245.61653175912244 211.91240921962637
982.9031131445419 495.71149721239294
424.7418592534308 832.6165790406689
754.4457432637504 185.37963315100936
817.1821148048216 184.41037854774527
293.9419955136772 660.1191709039599
284.2491153928562 401.0875298652131
631.208045608431 774.8817984566558
735.1765098041122 730.3730968903855
889.9845158496275 89.13239442861963
386.7936506866518 845.3444415923533
186.7993237748416 447.4689025401818
105.87513313911263 160.3753453746851
538.139714476561 72.54846034314187
415.9885538350292 890.6056716168304
274.2148419159448 91.09674605907144
955.9767720570941 971.9986638943776
700.6557785803318 786.3934406878819
514.6678104615785 654.2324598482579
193.2003446169515 601.0143337143916
121.1173728924913 875.7020869272035
602.5957836868305 632.4745311151356
489.2401844933025 677.0290318200606
935.3840963145196 76.98166193306274
918.5053409168257 900.3181535008761
726.7552491586998 595.1135885289145
863.0475018819004 671.4611786997053
707.4139475285668 478.2880916231693
709.6576109921322 378.0960977304
587.5901367624328 155.32575775223424
125.76023474712309 959.8077061203602
849.6766562809711 506.4529771729928
666.6647127106563 507.4652487262568
184.96544911439995 392.45953927766504
395.0876028218575 412.1245354878977
851.197832721397 571.0306998219974
466.2769909902779 824.2846327744828
342.40646028212205 305.1644434572224
164.6327622353593 690.972875408291
275.90378471823556 808.837926645427
43.60874285746691 531.9901218009724
21.322263471365545 271.34562487514023
604.4967849421405 192.29521451429196
802.5563144999006 70.88635721697636
973.3160456217943 331.42165594957004
61.99516041694298 791.4644158885844
550.8792324931561 951.5146560598876
637.1793521398376 385.4912393385096
640.1026612245802 972.844791071591
555.2470048419883 249.07714435123341
