objects
576.9057021433401 276.2967006137929
44.51886848160549 163.42112257161006
772.8930431095554 273.5097221831254
474.3588914687722 146.43113520622794
261.0681082505478 513.846826925839
748.4706631365443 925.3245960328011
769.4937005237215 34.281194048869494
536.4128017745181 953.9538449268599
896.88847039366 424.37635493950313
756.9677432342452 304.468411506135
868.6490089095585 257.62554287069
388.6451046460524 885.0624231173916
290.79292731601396 469.92720931898214
442.3450116450729 253.3733199265023
42.11291504273376 251.90459173915758
537.1626761341513 627.6599878140845
332.81745394393033 561.5507773846988
449.92738505983027 190.29164664015428
136.6394356664017 706.2166482179283
977.205401575816 635.2104060602226
942.908780448289 586.7241412448049
859.3904993378638 499.155558312995
745.2083717661795 496.81428302311014
146.2882628666996 442.31739068037683
854.2762617802675 543.9423115899399
336.11307249913125 154.06294686645185
547.5026130883216 143.1767473957425
59.04031615525979 925.6566868288096
227.4265871330038 330.52976870484565
256.7470973657228 702.9930958853196
697.9832945694809 661.3029195449736
244.21590178802768 127.55709434577822
18.455290765255526 388.6500688269813
627.1930277455054 798.906359790645
707.4064598049454 721.0439396250392
591.04202211189 48.27792779626289
593.5174131850422 486.2868046243281
238.57831055580468 884.4255981854005
515.691865875633 548.2190673776058
846.6535271469429 157.44619156473885
705.3951746919071 977.4831939582393
696.0012552059349 263.538573687154
185.8870484293802 202.59142500392443
196.94235304053197 632.8371501689911
660.5563737444346 951.5747368875908
605.1305562652133 854.2350674599724
190.67816862050995 531.8556574555597
971.7575215676665 731.5649400011558
58.09005202267899 649.3469823448052
213.62060132491672 952.5363884269256
114.86143111301098 194.19620404233444
325.45367290147357 419.97750562261797
625.3479756034133 406.91031189547766
667.3539482193074 334.7899248369856
586.4261088983397 393.36688164932275
408.24392449858493 705.832353527554
861.6560591387996 730.3943735126053
798.4408634702178 570.2972040676324
791.4980944976875 641.5702725385535
748.5854488688001 206.36358152224963
430.2811471275502 26.458687854340795
257.8878727059265 569.5040850300554
317.6766218078296 955.3950173625731
21.269342205906035 208.73933909792677
171.71286083738818 955.1614469857075
473.8243846467588 355.3835264335161
147.13663001983312 504.3481029396158
338.9771671963439 356.15946666785675
931.8440165322731 869.891257194238
868.0571426650772 795.0806818413588
360.1138716716431 860.0339879876028
187.72066109164277 29.10626525075964
63.71041491977314 333.81270243650226
259.64740603351447 442.9826003276937
42.848330014172056 855.190857358316
816.3466597498395 774.3354840482473
51.297431523126434 788.0822842537173
545.8999502339726 180.74466782460138
380.23786899428893 471.9793563366095
661.608347487327 195.22378710665635
332.44920814928076 22.561433037060727
197.49358440977565 576.0715304506621
966.9437640487567 78.72314010443516
446.53122867430363 98.8062637390204
113.45446279200455 253.64695917484786
423.5967768564223 480.5729269940498
611.8497517012761 740.3758398175461
157.23957384828353 612.3418935876542
491.73045530696515 587.6362549466185
481.19210750551423 453.43637804827256
928.219475028615 83.5066548854059
859.1447408388573 297.59815733610503
788.0531669999182 136.9990169339657
717.8613741890741 458.3975909317305
121.17390355433487 971.71024509964
538.7017436971812 431.2026323304505
179.03415857148863 814.3703056879395
105.34896669191872 301.46448858499446
180.46620168240304 759.3879374504435
634.2159292341753 696.8241574547644
374.4435187738606 91.85903092423047
900.9328221404 300.1054801565157
899.6782880778435 32.30131736887231
883.2943219648388 888.7887132150338
908.8612458166477 826.3877359356214
958.1434940067643 485.16393790405107
550.4955440179898 872.1599219830437
121.61855712770826 107.02292737653502
311.8239904000079 389.0495019206925
563.1384531159206 590.9191186512828
