objects
313.74877394031216 170.63042848756928
881.7439697411693 878.3027581886779
57.13259832046707 503.09846022497203
538.650191686568 387.9846036363636
306.2478316794557 502.2270275081375
122.90951991216016 536.5299614507975
465.08774985881814 309.14982529832145
422.8070372512416 286.23681390834184
901.8253401905581 737.3299027283888
961.1198385030606 23.00866623139536
966.7046582521994 404.2414734652354
52.26996747323288 324.7438786321966
591.7816321044049 878.2777561643147
547.3716927684599 742.0299007436295
62.04624969173858 186.7224247054182
859.4578514728573 750.6054907739918
964.2120023592164 636.4247466929227
639.284948251145 973.0943574711832
794.0839076926444 343.8680560634781
311.6066814704924 305.90428378448877
522.6427508543783 88.82656412184231
499.3499792003285 824.9191965110676
940.3452180251835 870.571113903931
779.7361186006528 77.97616969383235
126.55257932279333 90.2886142714915
822.6924580271477 579.3688485611513
832.8661451287142 202.5055986010577
30.755856560603462 276.2940000413729
491.417910390477 156.255952530831
43.653181100200115 135.93026932676625
127.97582699538606 24.86765152503211
708.0309321679526 339.3543408248452
489.33670042799565 28.715258206897214
116.0149518528332 775.721248006131
183.24922329189522 305.53306192869115
289.33427514223104 956.7923929442961
73.19952074113662 442.97214370426923
144.43762127110148 853.259513120636
397.89463436436023 329.0933701300821
199.9079835106661 584.7350418651496
804.4122890004132 429.037680279476
921.6187679903085 909.7645715145552
403.093943095131 107.91369357910231
675.021960670382 675.6049774043523
952.323306444445 127.74593026677708
417.3631349142952 525.1524558846077
612.447613150041 370.4557120102675
59.635072208986486 920.587588137167
487.0250320584736 949.2412579579648
312.4367791760944 824.2856825528102
628.2584585863256 642.1284187518323
430.758019116524 933.0259708642143
336.2951006229842 916.4605842861898
786.1674423895635 121.82288999869095
72.6447948678552 863.9515746317784
233.49933105584333 39.55747517665246
845.6042862725521 954.615334127786
624.3293358686717 291.384701787075
698.7003255559495 442.52252043727975
356.18922367577784 455.8188907820958
131.76803117096594 330.0854696287731
491.0760460176244 484.62544859403005
548.2240747335803 276.26546406009044
434.2690538450394 449.666219134994
598.0319090505653 34.27476785347156
194.63971375407576 240.3933223443974
920.3310311014982 777.4966881775646
657.8149413227874 208.102193800275
603.2554239276635 470.5944640910674
226.08001539096927 642.528267874925
659.0938106662384 37.74590615422561
514.1907502062176 664.0737081126995
679.7107431132443 585.8382851844182
592.579999886744 179.6681569778984
204.90108430354766 119.32590705469418
239.23062820492248 341.0092470967143
375.4539081589737 291.95832088408287
710.0611064991023 68.75835814491822
330.4666856421041 627.593246225179
659.6612465945516 348.79179643249046
280.36708420155156 257.5938069244934
760.7771489798444 527.4192980218929
145.30284227198592 450.0765110317574
253.33844609870408 442.76472291294766
90.99785761528594 142.972245715019
673.1569634564765 166.1478894679654
296.1482340058211 887.4433213772159
711.9902114259845 389.4889498229061
157.27517469573553 705.5581461795806
281.6612407031883 544.3303277681081
740.6902567552356 829.4525542444281
625.3263441742515 560.2254494612747
354.88647192211135 42.45709374141369
971.7045294716953 460.2284105477387
233.92711292702634 267.4602726709511
973.9256522755164 191.07870615587478
374.6936238019418 407.979155042554
26.06092792174847 946.5082615439303
483.17664990650655 631.7311138838429
371.09240305160995 955.3217581732314
596.8953913969905 811.5681621049106
888.0797125273799 687.8602987021828
154.26141075135578 268.45863316451346
223.85868679069202 793.138751670407
799.3607475899883 903.7811256965043
386.5344231998104 239.981067612222
867.1127184653825 620.1814821282982
94.8588946945219 595.0288326987934
912.0985357121608 254.11040129755924
263.32755810686115 756.1786099008299
524.8114961061501 215.16589184586354
497.040421688777 764.7893813708683
579.9003438624958 932.3601369580863
140.00678244717125 218.9215346320671
330.06208223808267 726.3884943359998
726.593221841709 967.2414074289564
418.55432920722814 810.8544735516044
518.1980693025864 535.696021180202
674.1293311367767 840.856747067022
220.77830154317775 853.1248628000852
300.849681594955 435.4100356180159
424.1948852339664 708.9208874832204
762.8223530662369 447.2530732616412
915.873486177979 642.4372898392339
266.1752678775647 394.6136754167222
159.34486059316617 609.0557006617162
524.3767854215321 587.0060723353462
806.2908401713114 821.8175977852502
927.5104369349247 78.78859775665241
970.8308543251472 902.0842985830129
436.0996512673796 882.9139950254628
334.3719176575834 571.0489345412383
965.7505312720953 237.5534362561481
950.414485790423 829.3812822256616
385.79489620002636 591.9208282927311
