objects
804.0922639977332 625.4197627920352
685.5761479878968 906.3495990455245
469.7548685388453 37.59291316131472
912.0680480351505 429.9795682339742
356.09132564512186 823.3082425387142
100.32398952694639 253.10652430341818
737.3041821904826 475.35179998616826
818.2710685987125 203.77395294224794
103.03893007193925 719.8218963821716
517.5794608549987 721.3548068863207
921.6892653378745 516.1125481887059
168.22991829539748 769.7456991900408
224.90440262189975 132.30459493865018
537.907087274184 623.462409580086
769.5531921166669 122.62177888301359
493.23709578136885 370.1086984903204
726.8315017921249 374.417772842569
394.3074425444834 936.220725962952
592.7680088426027 825.1654864359622
500.61262005845305 276.5115594107196
839.305890657548 730.9503017923053
418.005914757516 96.81840601099623
452.61849000898695 262.21443575883626
432.09680209138895 583.9099526417666
331.58841873778493 403.1253195024849
765.9349181631555 277.21461286399244
805.2496803898994 535.6148107524272
547.03519797302 100.26979998249028
276.0515430513521 776.6494903362574
556.5387789120634 886.3472560171513
453.41784734385624 425.8463043236684
488.97040305732514 207.28566674892784
330.8087101492794 276.01800992209246
168.87366816943808 820.9087922071993
548.7791828057815 397.0379026952331
624.1645201381978 276.91823348666065
633.5902712854605 73.55364525368367
799.2410161601807 386.1052637742116
633.521704391866 492.057518271591
179.4490955127386 29.66232848480385
614.8237963475909 414.1003846262965
43.455652379188635 740.6587463643957
942.5853773544227 703.8556345924411
309.5362593460254 891.3466866821325
681.2863811667087 855.9924944003865
743.1911063828217 56.65536841643831
462.61330168227835 852.5195032928489
39.69958284048457 26.930610562044617
448.37075622608484 195.44627381910632
531.6147825085231 152.83271528341072
253.5797286321178 76.65061704131071
881.5392564940577 92.55685563268871
472.9003794847921 810.3205091668317
938.236828637526 852.2525707298244
448.10421399454924 148.0323095192165
711.3269561590596 441.5354201326174
278.38003106360844 30.87250329445554
130.2674226033324 76.29711596700771
182.75673703344808 687.4104655820552
880.8143450028858 571.6435195517588
21.904080783987563 182.36375130817288
806.9082701363825 816.0846494774795
140.12346980859206 152.5530894006487
596.226009539603 734.8542351602514
933.0947435509568 375.8481836674518
533.0423942193884 922.7271361584678
753.6116685993061 712.0869654450782
47.30419828544943 680.1345011685717
705.7415106298973 797.2787515054737
854.3051947301947 527.6163874554599
345.02184733029793 963.9464415745772
385.60699485442774 517.4766160934252
186.65201599497257 325.4857706959551
377.80582310576415 667.4263590071378
822.7760960966369 890.3729373951652
160.08370760661606 495.6692420234688
575.1397345647647 287.56074335961625
485.555411851443 623.814067454443
842.5871560420298 400.89519914613476
69.52812400239357 904.1707362306481
47.2611774561945 103.79068890220091
414.67268521373416 843.1642570517424
939.0493393960799 582.1839679620749
700.8334420538077 600.1479626565421
641.8430933846855 355.1187537877388
57.78453788681317 511.97604527789196
580.694506678039 973.0226011568561
260.5270529816135 683.5454815726011
345.3291277881587 180.34157032271114
372.70430661878964 216.1156156016543
568.6480378522787 215.4858422177468
210.87814808516538 469.34028023849174
53.78058286669744 251.36815394655426
955.3283710089889 59.51826314879453
861.8738972008324 273.07995883419653
637.7788019193983 234.6834323527816
167.56596062770925 278.8602104490314
747.3155522552088 175.8847356866642
371.68025447086876 302.51767500381425
276.9457160992609 362.76284349370684
705.3298136427252 236.9561336594903
373.240393209039 116.52057412180599
909.1867947013835 324.590295807124
566.5617413151439 440.590436910375
825.6317014056428 971.6835109764424
300.9154520787371 487.10596930606596
267.2465488143495 232.41925557435164
98.86895660487242 32.36452724949893
427.317894698033 666.143456517597
466.2891203064525 323.520424031115
467.10120542440876 516.1386334236747
657.1566794977384 656.5937056274485
509.88572923920816 54.79379238463912
262.9141242130993 857.592741761935
487.8923100866884 975.6198715672361
70.60937548949762 361.5533982761917
534.7934703916982 669.3736718596944
935.0124910859413 110.10536564809533
253.8389599692072 302.2230876210255
577.4201347956518 594.8340666075713
133.47982690686644 626.7800661845862
597.9935464106845 907.635988425483
697.3255729692451 139.2389791438207
839.4479079986125 669.6906154120181
165.9067762726272 546.4213183836043
708.2023715476988 647.0385477214123
424.82376895734456 354.8626710112932
362.0064489712344 443.8562297289759
810.2727322820184 276.651763550789
282.41049302414655 142.5891975003618
540.7186640033336 770.8078109651368
64.12962301563009 973.1658992391169
664.4132023187676 422.3905929361704
342.54380343965295 52.15375013006313
869.0394310604958 37.61726473540384
