objects
583.357951281024 785.2778010280039
237.32459181151114 899.5901433088833
196.06301057395586 625.8322002397008
245.68044052697266 313.3909413110064
953.6430596862523 665.2259216932873
120.5179651711809 365.1435179168874
755.7656306581308 528.1087242066827
689.2873429997629 623.5900193259115
168.25636978216363 264.89753756706244
383.69801746503873 28.444989850411005
460.84005810397525 310.3666824035538
380.0107356812021 144.1563271851729
695.8504739611591 836.335242218112
72.50993141508964 205.5778094255202
202.08521907399148 146.76658676110853
162.19890924183588 85.87488828004695
579.8588175032818 905.5444376213492
338.5807791462414 430.9926273969716
905.8960818002846 780.3640115730796
781.536854847964 303.74110816132946
152.17883620506788 504.9233376525924
113.02620251779915 555.563733760147
37.33702000646895 91.97976289555163
438.3710082991974 938.1376092610942
867.3698886111661 426.6403367784494
619.4331450550367 535.5297768244413
830.7212881899766 47.91446999806671
507.26827469242284 537.4943502196039
971.9727072512537 275.8683227277649
709.6843594963116 33.17757453801599
153.78210126323444 957.7431060366238
795.4066862782634 796.6645788432074
71.70092991593067 346.87872933888127
439.9453395960355 475.0912868197324
400.93651604823344 629.913574742485
361.00747445773084 184.8628442699065
472.7962223447407 51.58680444028323
862.413295096135 568.9380715405694
336.86399961752466 769.2386272258091
413.5659230847117 566.1857444118598
957.1045903586671 756.1131393319444
830.196297000173 125.75642126784372
277.35461361005883 589.7251185487247
906.9546485487208 343.43500621633353
786.4225508348577 730.0036005245099
814.4961337916269 503.1016408003771
638.0114982422695 638.2293148806741
169.7797661744563 732.4605047715313
481.02101840793694 868.4907723795286
950.9984542985205 515.0808648540191
209.03173996757056 71.88220067268902
855.7692135084909 923.0833150076282
369.8360318300422 263.69524101147044
850.1878063455492 296.75193463824655
543.6332947220934 107.60020025231974
752.2659991180004 215.85509025991868
494.5148896148578 723.3821741203211
888.5849037144894 652.723672629544
136.12923254732135 652.810175716142
782.6623555373776 174.4914216197385
358.45566661989875 924.934187305313
756.1039263517805 593.7147597425042
975.3609530830917 618.5770749671772
860.2112664838836 700.3872320011735
319.33838733430815 343.66458732490355
104.02871532594769 295.01377088460737
860.6417242446042 251.9372177721516
123.31560416356658 103.17397633999296
816.7536412267698 967.1629010692276
757.4011255004085 834.4663937315362
696.8168197631915 257.08030104233615
114.22262564241552 823.5501561212963
339.924600131345 517.1707601345405
310.76917961823654 928.8753484351599
665.1412011403369 392.9238796045102
722.9749887126899 136.30225513402
592.3841250271226 603.7542798042685
210.0153762533481 780.6649195850677
724.5457088067915 463.85661475695673
455.35253883988145 782.1867139317987
832.2660192274185 370.6497850267945
858.7266317080281 876.4561702981283
674.7031594258733 759.848208358001
492.0224290070235 452.2199488878319
931.2086563942441 709.3316966719365
931.6759138604034 835.2159471077447
887.8659967229906 489.2107881170193
156.90121649839432 844.3615565258984
89.62523663780605 515.1957258057008
193.69158222456127 441.226322213555
733.9211067341921 90.95276420154279
811.7296373275997 411.091468749233
615.2648630606499 259.0922458353625
420.2097288930552 427.7491142783305
373.88952897760646 309.43749549085186
783.3455685707138 918.3976754787602
264.71619643843263 155.49875314974042
55.06809287706375 645.6621401032386
632.9600492159025 863.8398110565342
959.3459553349417 96.65954008643484
913.9038760006335 222.70054556164152
945.3779249453028 170.91399801917365
667.849434300032 24.209741678865786
57.426885069889494 705.5486478410498
22.46858673653181 822.627635832055
428.6704963835473 133.3362178200743
724.1060047811994 675.0851025956221
340.59805538332444 117.4250944433302
33.175990947982996 399.48195572914625
297.9951332846736 642.1672561091273
465.8491783008928 558.3462685138832
923.0607837672146 31.433824306259414
81.91159566936737 783.2983285468125
977.2007613812161 410.72808224183905
251.0842305506633 202.86210739679595
603.1013220376318 389.4811583680879
240.40015886247627 512.8744974347952
285.93368070846304 281.2659648140281
686.486022072214 89.13252909169796
249.44395990238084 802.6915735820639
94.4006792376915 445.8877390996245
408.7508393769693 674.7791187568741
198.72571558404206 562.4015970726623
953.2158482648989 578.2841866387135
938.0653331959908 470.51048457574547
594.5677513036604 740.231888778301
436.09598561727194 183.23189962635823
545.7069215504295 387.16730184874666
371.9826437202577 884.7458703955723
709.1632730074077 378.863522959181
630.557137932791 685.4916813854869
298.9740062288555 468.0357195713602
503.488423897871 191.73234967705253
822.6427791210832 594.4534822209602
541.4196814125517 485.6375569541445
