objects
172.2472291406938 491.4294523292174
635.115631879436 835.8014984927
390.90914899132076 58.292740706403876
718.1014539065976 524.0693971201705
710.1377247610918 737.3455534131876
258.5611861158441 547.5565286287691
513.0370221864903 553.0500994517022
64.41725648417477 118.06055441794555
425.7464717924404 501.560889324328
706.0082789689639 617.4463748623002
778.638505603099 86.32892356738577
459.47416543281213 844.0179835352993
535.0062375436286 884.3142934224924
220.2068025846791 180.29939153761737
560.2923394252574 593.4147675640158
61.70849142577366 967.5647439681442
583.5664553207938 752.8014477532141
973.1918747578767 910.7229219840278
280.3226182587745 925.320580053584
594.3016456243002 953.1261851073124
543.9737133532999 113.6772659988786
678.3537565687548 323.0291837777105
593.925425581109 202.43645163461744
317.3056133661942 651.3903700190062
634.1292710449409 134.43566413240853
446.3370004659524 930.311989442917
858.5844241102164 820.7261237963886
218.8691651295408 903.1985593787241
743.6494119269402 329.0762106745256
921.8014386325677 649.0972789548478
285.0824412706778 746.2050636714496
652.1277957064799 68.17010010304897
677.359814529318 947.2119222964166
135.0794500551323 125.654673963306
115.22993999776054 476.7554487102855
72.27945064690128 778.8620182894889
306.6909318177696 868.0181046734592
478.4706218369517 145.59236313716946
573.1313518497237 28.981992497456336
66.26578082397467 501.59624924250124
377.0185838270469 304.01032530752923
941.7066004748298 851.0591561850597
542.3899183888062 418.3051224922228
871.1575596987562 250.15887576967523
649.8011110851007 463.1296764791129
337.51369304883775 107.07268724104557
945.5986783764845 295.9398211410166
707.7668822708811 184.24357188533412
785.1027648775724 264.4406389029052
398.35037437106536 638.5979600931162
