objects
852.8576002293042 826.9659734222442
935.7922444481834 309.37204890911556
795.4051248396061 521.5031362287299
926.0780686855283 597.045711972106
584.9001783524479 384.3002976506827
891.2481292557969 711.6429662145342
575.4620442685765 156.0193468084077
373.6383941433455 876.4109302528497
239.94703816373837 964.2400886817876
231.1183617128419 602.9384421914149
836.3506435778328 468.46206587835485
138.2629314626606 787.737015087826
377.2895884167011 608.0361571572191
932.2129820089278 454.35404119418894
544.4875238189368 594.5483244785029
259.69766510934227 124.42548021832124
512.2108683710441 720.8827345197461
482.88061201524636 817.2757262206807
290.95131963065194 366.7005245241011
700.85813333756 795.715390777327
661.6761454482354 125.07775974084966
621.7417527687497 726.7076585959963
186.73832480662608 939.5117723417673
503.12278169148686 419.6606986007618
820.8995864970507 764.5661041380541
318.293069391867 841.5589834068963
911.8947720691954 759.3440822727609
412.39479657326507 243.93531322988972
131.83092690899147 407.5404906195902
351.81717350171226 257.8336762779257
738.2770833166131 504.9853761006576
597.7977205596472 314.9682379031964
734.8611163031196 219.59908609553392
197.96294190395284 772.5400122270354
426.4796124753624 878.1777186577499
668.4821424456824 244.6326520767728
496.4827440298957 660.8594917525633
843.8439688511696 384.6506967489038
656.6425247436287 844.4050631790939
830.8086210032978 599.764121553902
599.1951679023488 902.3890348133934
468.2465915888721 923.7938394417798
518.3018836196502 950.384216687881
752.463871862021 337.856454454535
780.2408654852466 127.05726114243811
81.89595640976498 901.2727825122358
52.88968766344328 420.96259765774624
540.5169716429756 47.26135023331838
953.1463191922867 937.4607592270341
731.675990042089 637.7632051607762
