objects
874.1409000734992 523.6053419278799
488.40926108810976 830.1146915837923
741.1967334301992 647.4307400409723
235.15152386369382 517.6118021717451
439.2321955850214 776.0142963718502
526.1721798013755 663.9826790364989
464.1999414039112 180.19648877269304
786.8205815095635 334.8922502011674
650.9913975172468 46.580705328966374
75.41336929122244 377.09394736953993
592.6244461294831 386.7852193183823
395.3885399512877 299.6250891492325
33.37664955680833 478.68435771725353
638.119319143563 180.98124399902125
74.30568795584874 741.4643023238907
772.1843390246976 159.77540184417478
614.400265978935 502.31840176760477
436.4402391188021 392.9352428883263
155.2998303516101 28.689258884600854
652.1992227000138 314.6675034126633
571.4956962845879 828.8034841748314
572.6080661632437 546.6446258468387
415.6702757803153 593.452076443118
484.98211983506616 622.9362773205313
330.5996162196767 502.74688205873264
114.7261745453016 528.0397613573933
105.18215545147692 328.5244747928456
327.09979444452574 889.0915162534826
60.77187621126926 48.87538600026039
584.4866595825407 701.1089124715664
647.4626066086412 622.8163495833771
970.7102292867552 758.4259708663621
837.8281694832189 640.2089720312337
583.0321502408231 284.74421314149856
427.9615065536242 26.36454709235967
628.8473718792983 732.9446795585511
118.81428987144551 169.64810030544356
490.084559234394 455.49842232682715
207.95176125877185 649.4137150195276
861.793590493216 26.269239185286548
922.6830171691647 220.47483043182086
821.0164026437199 279.8559677621293
796.2793936364471 591.7471361153808
613.2594606784908 793.4278666666249
917.6487917970262 40.23150435348943
736.2789073466844 874.3760938717503
77.0301918921056 213.87130741384289
152.92017119610273 960.1276963114464
42.06766673021767 550.9063779948552
260.5281308009776 940.4376962622196
