objects
854.9412295746124 913.5739938990138
764.0680236790729 785.8526004386225
394.45491231181154 778.0457052978392
553.268496519111 487.1377685149371
531.5197505401026 71.94829879419358
678.4784982334002 581.5826661217111
765.8449147229702 859.1318446410576
725.7003368088456 430.9572954990659
48.66967024208326 933.1358790836201
865.0514438357195 628.8448467580386
964.5892781165477 114.52335196488403
534.5682546250848 862.3481733739866
598.0041256118818 111.16800374556543
663.1965366193732 112.45768725694252
131.20323356008268 383.83714191083317
786.9528933885371 408.3042740577526
784.8725857203008 941.9707075326345
788.9554744628723 588.7585045749154
773.321695776864 167.83983092251998
567.7227033138533 229.64146297338596
374.79737714911295 675.7018784385623
650.3643861088577 260.74016877332554
334.62624535310147 207.91755349850942
27.995875807394373 592.7134360594729
519.491068243897 949.2808396433323
817.067356053355 368.467318242418
709.8537555313272 665.8890051523524
973.7349117632162 429.6772361436704
96.26628607143671 236.7396959210108
218.95962679022938 422.9929785907344
395.98512178550106 133.22245478671132
643.1116476815163 39.534902319976254
566.6384098888682 731.7521329203381
353.31597354505385 74.34232210431243
402.81926899602485 484.1099459110406
644.3976981397151 520.4495781583671
284.52041788964885 97.55994285280912
401.82144013943383 373.4164105000447
646.1210531814073 962.7414691262697
245.88260257498564 521.9752531193269
482.76867219330006 332.14694012652035
890.5903524144578 174.1021054264355
826.0257108790935 707.7961443240258
243.3441601960183 777.4988472188484
957.8208150911257 536.1970244216786
864.3679776829473 815.2169921836734
372.3203084417944 530.971164479772
731.3382157822617 52.41137421782433
882.9618931509835 970.5064922340551
725.5364980069681 243.7701494961864
