objects
74.83852445298383 971.9848664177923
583.6012800546027 510.9083219131638
652.8884523362972 89.67611347869254
144.7502399605087 73.74370626835088
306.7385293176871 178.42289642674766
156.58642214101155 329.5062977180809
878.3778774238305 813.9017205989624
804.3460096214902 939.3986834802558
793.2431046616344 232.2903100292073
597.4532984707658 970.2877384294853
646.0298766157787 211.16943302063186
726.738355029322 435.8683547797335
588.8692985047428 274.32679735487255
108.76519330480554 218.14332227803385
945.0757220685229 520.2307677141382
554.1220294299374 578.6131040570764
861.7284014626081 593.8028530508611
854.7067053238036 719.7408619618674
694.9648079626608 389.2969783731125
622.1078701039295 406.87448081380825
709.8931531837981 164.9895331484693
435.9592619340812 852.8391539848184
937.3224204336109 966.2354481800022
893.8140130827859 440.8963298679657
511.3138501554463 174.92986214797813
438.86988667648956 476.68661765533983
37.31710624251545 732.3122309779206
72.83113744498507 119.70428445352239
67.368981133212 302.96428198337117
362.4450674970715 898.5285175746667
610.2240151301403 320.28195895734945
29.62072581983149 428.6358055027823
166.66286298759584 650.9322201424856
295.40306700278865 957.9516643083581
801.0779158991289 823.4537113049987
458.01041404568724 693.2514586486758
480.07126490823276 434.11999356036335
340.3661744306337 428.87176136828907
300.4393323271336 823.9664798847368
868.941444484565 910.9026852727874
262.05383365109924 539.4689817631117
557.6483743819872 37.50807962575101
677.266781677689 811.8376371778816
935.74944472567 775.8571072223393
94.98342610012286 357.32010695631004
205.4684828473431 968.6954202493797
235.42532082401434 77.39762300150616
403.69671012506944 97.47538054385073
646.2333205513355 621.4771354763955
322.14819931814293 111.46155630322932
