objects
221.20333439475874 893.0599627403699
495.640543623117 834.2413320290754
411.28845164951 952.2649227081359
343.8506699955207 511.9953891005774
121.03443031263458 407.46515993179236
477.8107864684294 197.18641325337111
349.94491089111864 796.6850755160223
444.745124532491 132.0931309356724
738.3945265686907 405.5562545285676
525.9440670996167 673.3456111334967
476.71793950748713 514.7084550396847
648.7188007221772 774.2833810063199
365.8405224640322 467.1166326108376
549.0622130121708 46.960086372071345
31.339727949645074 681.4023698253737
769.5938319830583 632.6220750148715
758.1207699911402 59.98590241916543
955.6157161852051 228.65921549498876
596.7424476541787 361.10958394488796
220.66592902000843 666.9831102493945
192.98832243346433 769.5893360842435
932.8738398449213 77.66991152105697
28.483442496433415 186.95812955908545
550.5245987345052 293.32370687065645
682.9311318678554 959.9252587499058
182.09933779423088 473.86769868799803
544.9364724846641 924.0131938063631
75.8582756506625 769.1084333095216
305.0925618148278 588.7695797451854
378.154268730975 713.9912667777579
834.1172521021506 333.3004575477132
972.0681939026595 366.6232981891691
801.1417452207545 284.9505446498267
102.06558012188351 544.3439015588103
137.7073782774243 205.42109281115626
898.5867659528999 523.8711571783089
409.38283965230914 554.5697619489624
646.3591399882315 419.15101049450186
36.72173646965476 285.36722760893156
260.7634404484878 942.9478606376812
314.71901817011974 738.6137883249083
937.9683031508927 691.5387089161652
881.4014520881101 588.9718385194591
483.8231555804003 42.57474799519211
271.18303012584045 645.5226120418708
507.5649045856392 783.9313867181364
346.3831323827454 360.7397420823632
621.862025969632 82.33728690598625
283.3000946137297 386.41625192619284
314.5533780859553 437.5270641889765
