objects
492.8186479122886 749.2641813362274
271.28319678133494 849.0129846379306
478.81625043631607 231.6516773448073
640.2486178235944 272.0355419911651
426.37033854700263 358.29496517079417
571.830734162373 244.1705598676834
355.57005234825573 651.9892337080531
849.2859261190978 45.594991537438375
35.220932421064695 399.4629522975089
86.44569353528739 542.4426085742168
753.3164992235054 766.3880852703063
43.26310595505994 631.7220112097477
376.30722607437633 276.55712774819847
800.7948910626325 855.6013795775245
677.1562070644393 631.1799367776654
303.0764775596642 688.695962166851
114.7811308708229 644.2092040274663
527.2731464494816 651.6639819049999
153.51771068208254 243.3170386379811
712.5627740136805 951.7021399775117
415.2585026750885 803.3046386345603
32.402233826722984 793.3448656760196
202.10179453030133 879.7666718722367
596.566406005651 691.4174631155918
161.96489898338095 140.885245149553
749.3145405869038 215.58417271637342
264.71642705661424 427.0836570248713
573.6845705376413 162.7506526936756
772.6154926849609 115.21687188613542
860.5136491644976 273.23659157460406
510.5774248598074 876.5837088356689
147.7210201984021 847.534561611344
251.6726778546616 562.2642640556845
328.4814600464893 190.06664029227446
573.7337611541152 354.0008913427298
973.0006477673002 151.0581068153803
925.4104301583804 721.3958011935428
251.22776629827698 257.4022275634042
49.94340176875307 284.96366002780763
824.7692626982393 455.13262820393896
209.01693706975544 121.0848648648909
77.7131741311457 51.29258794077114
73.23216976969732 154.7544143613413
427.6725009268698 105.56321607221685
659.4892947880629 75.91019403393557
902.0829266696735 198.25010381638117
537.9437323804746 822.2399642625593
824.9942844807507 662.2203657479906
732.5500009130229 467.3700212003919
955.622330239774 771.6387435354488
157.4042277049457 389.9803802060135
128.6759726747009 333.5525787791952
395.68688425359227 430.13250033666026
222.08145061929665 499.9305835273831
867.3262769424283 903.300464861506
314.6888986223482 416.6490604082592
182.0818690235665 961.2429563027766
378.23752459806195 721.3534410635583
491.4784256336254 330.6487045063872
550.5619202371606 63.82045464313377
902.7635801014027 108.81620024088308
41.83860047826412 525.6079714714632
143.98680599979642 95.55507863061842
40.086401136713306 913.3778263997517
364.90378002453934 346.47524605504054
312.2726565349834 569.9463209019455
63.723005331862595 471.29872152877374
693.8164653433408 243.3138494776149
270.6174580452639 348.89834521234644
874.683978559362 769.6190415104198
250.76141615056028 81.31907673511226
925.4682457156134 313.4518265264987
671.8929545960939 468.4945973195233
818.6825096698815 160.420231863396
577.7389362534494 532.5672901206152
324.77779859784573 833.4623658939724
659.3104228038513 972.002060015354
870.397263930847 425.5237002485298
190.0564775613574 26.072196651627113
831.6998801009655 529.4983388588673
374.9374982587482 493.20909890127666
599.8070333776639 849.5805115468055
789.2666942247382 614.2074216150579
81.26216748513811 419.93825821903033
736.6131255755887 390.57011683157697
967.6348690429087 67.94403492983868
162.4839343611592 458.9323260295603
521.1604208153641 553.1043925986576
207.5764972020289 325.9333306682852
219.85101748427206 383.3532074917141
403.2341176559347 536.4120643532867
938.9292912723836 491.5955543664391
649.8349495387124 823.7159715212113
758.9858488898466 695.232271249334
588.3642817077016 306.3894635650044
736.1797789259521 310.2489660132695
154.99290618026947 558.4069267274381
583.9299836897843 582.2294145466303
824.3257109962419 740.3903973811903
915.452018077959 821.2678145805653
847.9980551284373 334.82245452931045
783.7981638636478 324.2609185481076
532.185023231244 403.1748762289118
664.871719929563 561.9200755852523
219.95434019954942 699.5851090627777
406.74592895055747 961.829558744234
423.0229536130895 186.78118434326652
109.00686083411928 809.1944773949791
653.8570392866728 188.65974404040472
117.90974312118836 489.82294657025517
974.757774113027 424.58288215286785
665.9919688230951 371.0870875717362
771.2763455204454 515.0794494740074
973.3598918257187 662.5295200667197
552.575846961626 929.1474721913627
250.33944510730734 204.12960713930985
458.5099951349647 451.2868539035122
45.759861603116775 226.96817082788405
188.7385164444224 771.0265240677866
424.0929146271233 622.6508441673986
497.58081130092086 961.077060001907
676.0623464509393 143.88948733021374
83.93312284946842 756.8563672846981
64.42022891208354 844.4031398367746
948.2579463881418 254.0451989573197
167.77877484393903 710.021134723292
105.68458607609882 590.4591383392677
706.1825002857133 524.8982867368408
51.55256464178302 347.81838064028886
893.0776023535776 965.6133901294443
350.3348379887075 94.78974978416677
454.40944262952837 37.89188615727596
620.7593301458279 404.2441740502499
801.1576337460017 384.85904432154564
180.42935052954394 632.357468620223
600.0344135306625 793.4715995156655
199.4909040618758 580.8908791284948
297.6109983303419 133.77143088201115
393.0903955833881 25.925139847314522
469.9199620177442 557.3440721279396
33.44693250932854 717.8245449757576
760.9984770679794 574.7701128648658
55.83550735414147 106.95170787143027
520.1636564042149 495.4289070600512
779.1053241831008 34.38955151304791
770.9752557450392 943.3062884755117
326.1663645752644 279.1729038966323
267.2959177322579 936.5302045457994
622.709371652045 492.7116620615977
688.8990871043617 767.5422729389535
123.62005016581017 25.562120656853
314.57054368035074 502.0344832358861
910.5192751498129 608.9243491516613
862.2409370028762 584.9306089649644
568.5576433645351 742.1030641304618
952.5511874333379 861.9079410853586
871.5210497275338 643.723996936921
874.648356776602 851.8983842725843
828.502081892735 958.4212390024096
439.04901012249087 717.9787893545393
