objects
527.7560515970561 296.19214788176765
829.3886613217878 141.03528586733938
272.51854051005523 46.02047685874898
270.9483901728676 965.5456890717879
689.8076389042271 32.41824253340107
445.48854815710615 184.9747466358654
434.7215867773256 728.2328515572976
758.8419538033438 594.1526119167385
479.21181503272715 593.7653755142985
935.2077577430513 210.68544299263996
952.2770116538971 844.6994555344298
293.86012010345945 285.72450991741084
388.86212696636574 267.59242676740075
729.7569859496433 464.8481900989248
390.83130512522047 928.8629454699105
130.28863239281216 189.25910972643575
731.8992890291183 314.6638729049064
769.3871859091216 835.016962805344
811.9410995875842 919.7417265079255
843.9326220697785 281.45770875028575
414.434991231888 556.1954443506313
758.3491579290582 391.3717667947324
530.917403856518 861.9005064535721
224.8772705346863 292.3753542478708
801.0736243085705 438.52861180318735
260.2421531612438 618.4192398520189
124.20050455809712 895.5966705356525
592.9577659683839 479.9402731299239
362.42922138746786 818.7377122178607
869.4775979049866 518.5824161343396
668.494551745214 792.302121300273
552.9930406484594 215.36922563955284
686.2392482307977 965.4758420814032
211.18067771114866 846.2330481042355
579.5921637195952 50.99308323869981
143.51620496437653 80.70318436220197
429.5516162598078 830.7453184377813
83.4066628520099 865.0097274415085
69.52967499954826 419.3282681771207
638.4473821946689 466.67220242035364
537.1407607365029 607.0415884413658
786.8165307520754 196.22225274745048
974.8914625006572 355.20458757962865
379.4277946981231 497.81199370748504
312.8177561051901 568.1938303918495
399.3454852205137 759.9869772270426
251.14394476175335 780.9047390148224
181.31691787198656 896.1320743356207
726.641275497523 168.08417878942322
450.1882932423105 258.09488376876584
187.6091928841573 338.4884981711966
80.38982033608805 814.0872999587347
523.8221202368974 477.4390488192645
154.76148759844716 390.2073758759889
526.8387057193288 696.2759090790165
885.292142225611 818.7191456100778
352.5859142997729 381.53647738198106
669.5313665013019 99.71785580644536
607.5630858780814 532.9722921525548
293.51703806750294 93.72320089369158
89.45173528596328 957.5319769447301
698.3038811970634 701.9811423146915
337.1038529181539 468.1086230630073
656.0972480177485 187.74016039970164
514.3236752130963 57.93030588156586
59.56728221797307 769.5602169141854
957.1157487470765 600.3924983522255
831.5826334015708 733.2549742089486
673.0904787698955 369.2755531665034
857.603525522245 879.249360974374
493.02215478444964 121.2413285799313
40.0797000384178 98.64581796702635
808.9320614913568 380.2659692876049
694.3223636514591 624.4066971989427
368.1806650587963 58.314454602988704
942.3503404152409 31.501829991234313
356.77681029692246 138.89660796668824
601.5359346205513 948.3508559340306
424.17977926199825 621.3169870847661
803.552969116946 512.980721617724
761.634445458921 968.4409739899498
950.9910189183661 130.8993074998121
907.7119902641614 682.4461204294317
193.70165173708295 967.2433324584371
773.8571912570982 54.68239791941979
32.2150581817921 707.758118207375
552.8794797202842 516.3323499472449
649.4776917835013 656.0354618200404
883.3181039228277 407.21508121823155
937.1488178783515 894.8340234218113
623.532502016582 733.2915698998207
673.2409538568754 875.9861347127139
150.74246911876838 549.3625777670911
974.5233295390921 275.68586970996427
589.9499792462111 101.49259866165895
502.3504114403196 651.9899579599754
960.4839357625835 473.3149547568827
296.12030618006224 824.978844577292
297.4349088055069 377.8918669012661
599.1812339610926 777.1746939320594
301.51168820401546 662.2808505091353
328.7065931069616 620.5885913082574
432.2250063470501 491.4635909205784
325.5620765822266 721.2904047685471
884.470923005418 744.0638402032446
832.3884961142918 336.33646483062745
251.44229647013185 207.79948514886647
783.4187144099956 703.8137177539802
190.84761970022282 65.89748824982655
140.09504882084482 723.6538399146407
669.424906672859 253.8135286506307
906.8989232800866 604.9972457304889
501.6761428202612 353.4799613993056
101.68657426349593 522.673975563685
569.0056466629073 386.43903777827177
46.28597420518051 317.2429011974917
727.114092481808 94.7905189180406
720.5823273862788 895.5062712385222
591.4657691310081 173.5397940982611
28.048185625762283 150.48875854680074
321.96507873659374 954.7375035011697
57.28194247010006 579.2938741545028
134.50149825403827 772.7430154669835
893.6319210003159 52.506579266095976
59.04315278261632 654.6033294869842
868.9948139474166 195.34714751609644
386.71689094671206 343.5268166221067
495.2627647797673 821.3680892748337
465.67288657319153 773.1734885578131
890.4963939770239 350.4754340539803
614.9484576977143 901.1044944597161
184.27345547554793 615.0628370470776
266.3766940225768 729.0036443838878
445.91473594036734 131.67275008959476
897.2786668594861 971.3360388575535
736.0274178199952 535.4388869720736
251.53801016854237 521.0428416303163
222.4901069679265 569.7935999589945
402.16401696713143 221.66271898681205
932.1957539860157 757.8116011963784
430.7437643134692 888.0815221222741
764.5688262335116 276.93730637096735
550.1994676151368 768.4625263075785
542.9390906074086 147.60900342708368
73.41330024572716 270.7615115256648
843.8566798856347 561.5570007941778
190.65110025801718 744.3503767421373
433.8162212633808 374.7558113225931
123.41047786617423 668.1069984934458
250.9835926992356 141.07668760806433
69.29697196737904 470.4466758545447
482.9356972791197 917.0885194686887
326.9018831381432 326.77390073997867
904.2166342476497 263.41692865805396
28.804269277317555 918.0131900381491
532.336325544228 973.8508425251305
842.1036077963628 970.8338815008193
395.58002786773756 434.40372105277385
219.69438243671684 683.9497758323462
856.7098358203895 659.7470356752592
