objects
275.88370766642333 557.1868117586574
682.166351074697 259.41967200796
890.1874912278988 629.1008369320996
158.54964144479754 320.895295671023
136.36133321782265 210.33977913123874
264.15772613647505 430.1894726406807
767.4326701101853 189.9228873012698
395.00710778456573 166.05629809796477
78.02935635885537 772.9393906346819
174.84312304927357 500.3759808011014
67.54819713054512 282.5305624503674
617.3441631887071 523.7274329699459
952.3414924354712 722.7057736817658
523.7413937971676 101.66634840451107
900.5773811461846 776.0852391476179
183.84699044377618 699.0403773227256
584.6713750666207 197.0867015193749
715.9123661857755 741.255672696874
305.1793091948193 790.5772219035649
885.3714684309164 461.7757601673375
664.8566486721497 823.8960360432652
493.62902545855013 33.168697649879824
906.8405269667816 925.4039153671179
75.60149463901928 66.78413886478685
488.31015383612964 275.17558025892964
186.44788940038512 569.8797803390203
513.3136456460588 617.6138647976669
66.74316173670934 228.60649063066322
69.38061781691506 627.0366232404555
363.0748252803627 951.4618053240175
919.1015856940975 863.4673169139629
832.8459337333999 809.1518861984258
807.3731887369003 969.68073587313
663.221959509109 50.64273567229853
85.39031291681957 580.6038963718295
309.7763403822463 25.38960924857731
254.99466143906227 852.7624901713874
328.84124734739197 175.73416756196207
704.2398238804152 489.2674228926318
889.1167143814902 174.91487967366444
658.3135630621803 721.4127509942828
105.25122274314954 452.8989096919917
370.31055689100464 737.4545207730753
577.3741540251874 974.792310397042
491.4268753687211 442.8289345130929
761.2022641527749 914.1044294889268
648.8986453343165 162.1242323368858
562.3419334090221 246.5314888276987
774.3772709526008 828.1463480668066
834.9719783057353 445.5943839437603
285.48215683279943 120.1104965908003
691.6678293896999 125.49741227251329
445.97934661229783 834.0250147656974
115.11704063669339 728.2885773943478
829.3273931144591 570.8906534359458
151.65475651680006 49.98955916041558
866.9330077633292 69.29453253455736
861.1006836604249 242.1609522986376
108.43652055876404 811.1456982481252
132.17732655107946 546.4222020751109
170.38209579385037 824.259735237596
749.1103263389522 623.999242283745
236.92023938415576 388.88538008529775
633.665574095791 315.1761307862864
343.6827351024229 588.4205716347465
936.2695996753941 252.91463671784214
252.78166370544503 912.3110332130092
762.9956977976017 500.2410672013275
248.98229931106388 293.58750379958343
359.8864497681877 288.59079237205526
282.83214828725664 624.7843036262432
833.1248807905223 674.3131951575974
567.8552589074402 539.1385416546623
952.9238398257901 310.26576856091805
125.24785565064943 924.9269316546462
196.1387079797502 255.77845882264
390.71595282146956 685.0494906935097
588.6321387010844 454.0487899454313
916.6564691803081 676.3084720117696
775.6338333234678 401.6995950643202
158.5984308206222 125.13056714443745
125.29115792355643 867.9154169032862
443.4146051875256 185.10528232945862
356.27680407037366 835.4861507287327
800.7449557939738 141.8296893313323
430.0666129604652 83.40172872170643
947.4468048412365 147.59590235135795
514.1475862372587 513.5283556950055
556.492791368262 384.21708105703823
591.2272525952535 118.63872875306686
670.4957544889267 872.1249480134105
970.6198510087459 445.45039090344227
129.84258986514217 269.4483850158568
653.8167535715133 669.9836532788024
617.819915247067 869.9709938315332
150.38956272098463 411.9182550808575
555.3615837896483 853.1170821832409
179.844363566821 651.1326009112632
605.9556482213832 49.83514570255062
619.7543437019749 631.1996047242808
526.4552593869186 905.7669340532128
196.33876333588984 75.38399400353121
464.30142408057304 664.4661930961115
451.9440523592616 583.7248255279128
827.8324206914815 496.2059485791671
700.7354839047268 677.7853706440975
921.168456261047 592.6364236292812
303.23162214345086 356.28247918329964
70.53256249599744 965.9122450843848
418.2232028465787 951.9673961175171
592.6332606450572 912.5858378087937
122.67071083178018 358.0297408166726
868.6948375770179 712.6595684962707
711.6531563028635 562.8008504041642
737.5907547551807 282.8271647471384
405.78500112954913 460.84445556800426
917.6608983051572 385.1157599361683
940.8493641098935 809.7137771647466
462.843585946568 139.67186810789326
469.5370916505094 349.2347291967188
642.0933068495448 443.8779606544695
415.2485087201397 319.42437998880604
37.319465831171634 819.0426176061953
27.03411240278546 137.17510242885118
43.81541743125252 30.187555065643114
379.12336977669787 35.27670106077752
974.6523179285608 562.8280737213951
654.3632647039448 935.908391874365
699.4554578715027 326.8207959069173
767.3525826453302 681.5276177688604
970.9909726930028 950.8928049131434
446.11107078873806 742.5779680879002
937.4527712773029 75.30434731200435
183.88592310029438 877.4823234558517
874.5825744376336 521.2499124257062
198.90839895245 161.53088709221194
548.2140852257286 334.39180573781215
71.89602630545414 914.6666355334734
879.7850760465476 286.0929607312289
79.7117282735109 497.6349801437999
262.95583731003035 478.9483039659298
229.00784731706617 110.36764349928923
254.47548467773632 242.87715002654284
352.95361497150554 500.4044496335737
334.2995585443922 452.793555271558
886.2024190751624 113.55687864599939
117.8064075467054 670.4827342182635
782.6920061215544 261.9729656921993
241.1004378017397 659.8998590135521
258.975780131133 29.91481069388377
679.4124140914064 207.14655043377442
602.0153128524959 736.4662678597449
300.23130406803347 880.3563990018439
169.7260133866498 954.1269633803975
28.569122923418945 741.908921010814
63.693662929774064 423.3579083809122
792.9643481053109 29.32222796964176
557.0833294177605 703.9499640694294
627.0352186907036 236.52648861709562
309.7087910607322 958.4671310846601
