objects
326.59779234698215 733.0607588534368
862.0217699583247 448.77859157072714
642.6438456466293 175.8529460984796
652.6240972739118 39.55916362491817
455.07901761251287 800.3818916588447
615.0475382771348 103.11337318714878
88.01209149552467 25.921866144329183
909.0483516281265 545.476699548558
618.5763714329707 411.37104437774644
177.15927733109868 468.0195701252931
662.7573431822605 956.3898872387709
499.1042765093465 28.708061670557846
831.5916323994062 951.9459490745194
610.309356959739 500.9977520908327
354.8521219671428 558.4684963461457
167.76229030102562 884.7356322423032
924.8652082676557 242.6566332297465
462.7815962772109 632.1477808416872
367.23897777834117 430.41382555922587
59.98090673468313 948.929349511784
750.9762495968497 533.5837253073071
713.246519925088 72.66098409973478
556.0149920170755 494.4941990348617
30.14176824708083 470.5478851691054
79.92083283350786 515.0767136892705
540.4259373492306 180.6501633688208
75.85944316026637 208.3595278345007
812.5309618604466 151.19330152563631
812.7923835475874 766.9645108558166
759.7077520835603 339.63529270242265
354.1918452399068 943.0349608920636
459.25332820646423 232.31603662257785
206.43799194178297 68.80874339679794
591.9497375422177 214.56146768667358
158.78879493386572 392.61191199399303
922.1642914006617 46.60528502804455
582.3709481576213 640.7589878742092
730.3762456501304 716.4272163727177
116.94547954614589 758.8626508788658
886.3737870271009 689.8904828600539
35.606620137706486 609.3758772105856
250.80950099365458 869.0622169688431
522.2171433420824 768.7467921422431
955.8354733701009 358.35542079505797
749.9153400596952 951.0820713702291
232.2816781313965 239.32710553827903
252.8494167104643 334.59617221002276
118.15249030649208 71.97820724602464
646.1036546731191 853.0598317818386
737.5810023891285 272.3738500886621
914.9002090339611 849.111643078625
864.8951775094761 229.71807904449668
342.4835443997144 680.5404376034592
373.6820753000286 52.37485235013891
868.6665626973894 374.73885258931404
849.1161659215151 496.5425452770874
106.12542802446076 166.13339915474478
270.3703601813763 625.3647743298786
636.5539463360159 254.400380354946
809.1590204771954 201.13805028898875
950.8136936558798 652.4883564168375
635.0243837885836 732.0950572570632
780.8551174035198 578.6397006718911
794.5645356923578 505.52594555309145
433.88448426638575 920.3764284166734
453.0009597520811 576.4615056145968
907.3886358622101 762.845200754112
256.55583177518247 560.1529776150182
401.6813860941939 211.00296697333226
558.076206389119 45.441251849295355
615.3737859322516 576.1044720808683
647.4206232628009 537.1231392307566
295.1858156055844 973.8668590198671
578.7187333430301 788.0421066265015
129.65752198242856 819.7540976226546
242.91980532700902 413.30015571762084
801.3622247906009 447.84322646217885
220.9838668118258 746.2296515719461
342.23798497899963 347.9481311526974
834.8484860855435 870.9324114214351
320.678308386131 818.4394972509609
48.18159123167171 674.639718708354
414.47176669209716 328.46351628497587
43.40590323415391 358.57934599090856
192.4272575780815 138.43747174113003
692.7170939207534 600.9873764227148
700.8558737337015 196.31209003495823
323.28700446656427 213.81932693149477
313.95104327723834 400.79573133994745
309.95744966918596 304.57551748388545
51.655591280539284 900.3604166177341
881.6134567038475 280.15773480959234
667.5539152709438 685.9586436678417
408.2100749016577 638.4848909060182
540.6509375905755 928.6501918033424
505.59533160899684 713.0309141242507
312.14758099942054 590.4077594178772
52.51545396431923 764.2883916053954
864.8329166401292 831.5908055911063
82.73931686920521 602.1750793909349
715.6387271805099 792.4890897643946
607.0985148727576 332.8862969995903
438.1023878342837 459.91778540024984
563.6905231082221 417.8204284084607
191.5513896457139 785.5453992883183
156.81086972201535 664.6990729938271
923.0586742286953 135.7233319241609
538.0836835475706 346.4340630671715
100.54227095566965 255.3575121411164
763.9120601130036 418.2921809192077
939.5458125749232 305.4165086739695
960.3707893209308 538.2668999116465
71.29611283782334 848.8352677456604
428.1030564476782 700.727463245567
341.25177237957234 473.9743883280539
589.6391224786186 858.0603793467759
934.424839568937 607.1448992760195
115.92241327627106 465.64550812461454
702.6185803834233 867.3205074552016
274.3972507956126 455.94920416976146
975.3831986067828 877.1971013243922
48.30059531729699 285.9341008575541
375.72235259945745 896.1239706218471
121.04017892643003 903.5485453460751
827.1562575591399 672.5036830289547
43.752869686124754 555.7171726455109
444.47876576188764 518.3588557186368
402.2441120816406 270.9027372084161
650.8139005693957 910.2752324651207
387.336737052046 846.2379381321781
106.10240270772002 695.1612548319673
505.40066231521274 863.759836302439
284.8579386952844 247.92029945905927
97.73280573429376 405.1656993058848
520.0466142405922 572.535555456004
970.9632750185747 156.91668677816043
686.1684644622047 123.38936309389108
481.74564296346256 106.07274038869865
836.5081033098976 65.15886514287581
750.6525700058106 147.61256589898488
307.9815891182602 47.221159193861766
187.40623705674165 284.76892338855896
753.4639955085023 639.0679684808969
245.27052880971357 505.8937049299932
650.5977777054217 805.2305647900689
843.6684681658261 553.855313035013
536.9582066962048 229.72152536839374
286.91614842518567 693.5040995231712
233.89690694971947 680.6625226696615
762.126174856655 30.185557936523423
217.7866161425875 944.6620819323402
383.6863873699291 122.9137746634944
486.1061751537332 961.1795658968696
428.0462881207022 379.2707351374444
470.42633267111967 163.07503061551557
726.2481883318974 379.07839360584785
703.3908408357552 461.30171502375936
375.9241523486689 783.8737137919002
961.9401344644488 747.8653613578289
579.2739578011877 136.7884083253832
