objects
746.3343068164403 817.686445965367
630.6728474480935 318.66536978476427
297.2003627722001 934.2259498288671
627.4272641914403 103.28181490155855
496.7792147600912 422.70898440184175
71.67229857638306 754.0714280292768
219.40405640050486 588.7348909006213
823.7754419364313 831.2166535849574
318.35217547122534 555.1488934367226
274.039856279045 92.41307702094316
343.25774051263073 953.8505798071975
162.44694346011252 562.897536013464
703.3252377843314 959.1453422613532
591.992452253415 442.27015247008313
214.54866855445127 670.0332040739352
98.01439454010125 846.3988481146337
723.2735431585648 136.46919578457315
398.7537543792985 98.45197363693828
764.36224128389 518.3234840606269
373.88122301857885 479.20764879893125
567.98779846224 571.0371759904306
104.42336122851137 539.4469611134186
540.4492491070456 137.07478638269706
192.00826012752444 404.31449107556483
881.3340038300171 732.6382799713815
187.7298736613115 30.54647620439948
229.14173828903918 263.1800948953566
114.780255843838 624.3783740596524
595.0917701688102 264.9845050272622
397.81015644122317 961.4192659710744
372.82879288185677 908.0334464305706
322.0916114030679 155.2430346817666
42.75892660494955 554.1679364963602
727.431014024841 688.4228313661425
417.9266589340932 319.4088711413371
892.4776857338 559.603463414491
665.7888940110573 678.3283711539289
163.80127097402843 971.722220419811
721.7540414631854 576.9979860130139
827.7884773770103 323.5550465529484
371.56297306086685 758.75731482006
320.76329911483464 467.3066965042604
242.347911981971 804.9807129684802
884.7869700463831 83.29311193097008
329.8812474499787 227.56508776505603
42.16252858601737 610.3727087171571
151.02163478351343 821.9136750979045
535.1557619680447 272.04509296971446
189.42386705851808 787.7437912412191
160.88015259927167 888.6809807990012
674.2702693169232 223.44939262484985
505.720225976081 71.26525456710569
75.57328286871257 131.67107357542335
672.5651447470433 524.4466694362496
56.171139796188925 33.4397164656354
350.33837677967125 647.0584399984273
550.6544885017483 737.1282662221073
971.9519494535851 228.1393021278391
808.2425184023477 69.41916008464521
488.4522675966102 701.1120598898802
48.31752500066739 482.53469991397594
633.6168358848873 614.6419816120417
308.2302159254171 408.99351489582006
202.67564170357497 527.4614608327912
843.5426726801124 641.0689342340852
836.4280321786091 176.72703761319133
458.524601044176 481.6606864652308
528.5973443063737 520.4393277486663
924.543150087609 248.82855184968344
471.2083468433423 336.69604885583027
624.3583425136715 490.37232732641286
288.68375302043626 665.0568285151618
184.2363657434491 737.6485644205527
670.0264575697131 844.727844973415
264.3508456283219 888.3345408918171
312.86125784921245 785.0314963947776
953.4600014441486 292.88067278766135
494.42539207042904 569.4319015347558
935.9129247089124 961.9518784839532
495.28320191074937 934.9482168124541
405.79171989994535 246.56229658517685
862.1705972972738 779.3153123322192
192.20389539836202 110.44214575626151
570.9310741343286 844.1960450521285
83.01653784403064 204.707602559162
479.6631522852639 809.9767241774799
318.34261487855173 295.2025848603212
554.6246244873785 396.1221075373209
794.3878252623716 783.9561529890572
641.6376105474499 906.167042689772
265.0493449524928 618.5018794953734
534.2943718780957 32.51672204428889
482.59349641671747 208.06251689024242
405.6404538722174 868.279772579515
48.186186444446236 913.4139490368442
318.48687433803616 853.5660037441968
385.9908533575678 574.1807154150171
902.6168708667037 400.0417429303811
888.8835820652276 509.0405427948208
94.09751432971031 316.8551925539401
566.4353819816988 668.1023084902464
236.47895896830144 350.6277089615441
158.465020229037 665.254115042179
368.61919514868003 322.7807698156224
749.7639721024423 372.6684248762222
783.3554375934442 942.0819396959049
48.33019270921055 862.0140106954788
224.08927994281692 947.107455766363
890.0386653809809 156.54331837380946
680.7574755843483 733.3001543132699
836.300249546186 373.03753251846075
835.8413666719662 430.11053129083433
921.2735524205344 904.0645590892259
761.3723869857622 84.16586629077098
955.2165462278917 537.1244570558245
242.22131384027185 438.8565591777951
746.1568801467425 211.0046155118861
137.6615667805125 151.98622878013668
181.92021470923126 459.8696176529758
227.72344243165898 855.741821288269
771.0266393157729 632.5676883351719
425.2256086807221 534.5841695913871
931.999800536263 72.2535119974798
695.0055566937144 903.373064769686
958.7478344270959 834.5148492706439
779.3179284954787 421.20683058142924
32.90891065499029 191.49279866682755
427.0954247906922 655.2622359323124
161.974811416801 296.43230942933684
421.75408269148085 750.2386738031007
406.54131620676674 417.98562171465613
173.43746329044868 231.14104177160547
594.8791776956054 32.915998441306975
845.2715510422981 252.26548872366487
723.3905784852617 429.71625064250577
111.30611808511628 940.7806362801241
961.5571909014699 744.9958353302025
404.62505151403207 819.084013469858
742.1177076279301 747.9549556928985
583.4688876327949 891.2246799418335
378.6636810746864 203.95837184060534
843.7269361819556 542.2035800397263
593.9329149717452 196.2966117003224
652.7873268764699 165.32435114378382
27.508027537775526 289.79145083267673
63.35863008986682 684.3934878248346
60.865777330251376 814.1903026669374
228.8864895923093 715.5709311131704
811.7515927875069 501.76675290769316
657.4359259547582 791.5584587921771
235.60803535819815 150.09822238519973
285.879769618828 347.9058403409288
27.015901007741427 80.89725476427301
78.50147989358383 375.60264096366734
725.6179111620801 30.009621152358683
929.286310709991 673.6350064717044
912.9336806169014 621.0785825680837
124.25779612097956 440.13283733379734
854.0821072133151 893.678483199964
38.96091572586273 963.5929886498774
