objects
636.1248430789389 591.2345466245021
58.051066809796126 315.98408752100306
513.5386299591556 859.6967827979637
97.7948458716399 392.8003334856373
44.20177528474184 361.19269386902386
31.951624428691257 182.4151655739684
345.09529165413494 767.1985651199604
114.01764571997948 596.2411276558336
713.2557914379636 653.47729384985
348.4510602866161 856.2609507951656
616.7497039094776 222.71275303012817
484.2395116989011 795.9753793593883
619.9673429942097 363.98751809818754
282.3835020173735 341.4946631020479
654.0452687473398 173.68531548991533
79.80305668881859 33.60541972116291
227.33255585115464 886.9351190578355
144.39781589100312 358.5357570655789
316.5510431745448 477.56811373528086
487.5182528538284 405.48562083164785
913.7312794515057 433.1011903257968
106.76784506272077 174.2172191273592
180.9287761893702 787.8076669205268
231.5040703869349 670.015130362408
194.653625366395 497.1682683140027
110.52187254431306 531.4999990220881
187.25271642005302 441.351438808808
898.525161927181 77.81676081287023
394.9832872176402 182.79161283059142
54.34294692530483 768.4756312102356
522.7624127267898 145.93234266373204
686.7805048247141 115.64529553561326
582.4243027294092 458.37132142467465
541.7918257591167 969.9130418981757
783.0473111086425 626.0233171520441
726.0906742185374 560.9879978075758
899.8751995333346 769.8457589961994
527.1225958747427 434.35996230707906
61.603171722545355 841.1370243687985
430.82275329398465 499.6049955688434
396.0405419707422 532.26488660832
842.7902260296787 581.0897459968245
100.35717559104032 657.2293440359705
508.15009639187457 38.57411854387075
559.533503128277 915.5664822472471
839.3087135443747 819.2412376020204
614.0122834907753 788.089286126646
125.02599044882126 938.9181159364135
676.7290426622534 343.6990816000394
792.2901041022352 259.44083155765367
128.47729868827602 794.0196108169735
268.1210531276618 595.2366266033818
853.0681496479816 682.0891950375216
974.276200982001 858.3454380094687
968.4971984268086 141.57583458712384
615.6145972809552 897.8099678843647
56.93132960495225 80.29216248824255
318.8514379419246 413.7604546425164
345.9787692978424 253.9074644037247
957.5258040716944 222.5610739829139
315.5195690390928 163.92454790758902
28.21070085909809 122.51126013001613
779.7036333852311 959.2693750218026
77.10334946901646 926.6589556858945
169.65929495572502 193.12507342744775
542.3812060293758 72.6797768607778
580.4087374455522 549.6613555115858
807.0461398191921 419.2992325930418
889.8387870668745 213.85916186678386
251.9126661135067 546.1279362997809
707.2951045033733 405.33669861016745
963.2358153248821 90.34494643927728
39.40053549374573 657.0736660359894
324.6754036961469 573.3511758125362
617.0656253759491 68.06363791696106
391.13931288185177 590.9484252383045
411.0222891645951 823.2741015447391
814.877330004552 733.9954690542165
773.0051401460013 114.44847062565094
31.580675351151562 968.2177271654175
527.9225394293254 676.7985032785215
468.96200257777144 122.6462172608836
954.1722023403324 944.9660081935787
261.4937711473957 815.1938306901707
886.4052305846429 833.4444203549251
379.27257184416476 309.4259770838426
829.1382205965822 930.0263396603539
704.4382591937913 743.4472570899284
602.7803590807498 150.69409088996835
714.0839105668322 971.7504368015649
895.5362830047159 893.7079221874026
700.8651824245345 805.9059425332081
720.588409967692 253.1259015920189
757.0711061625326 799.9192097399051
555.8914618945894 748.3555242674842
503.28765977979384 359.72572285673635
759.8877547158243 508.28404106825116
725.6566126615154 852.3101204082664
381.9136032711249 35.819196203586074
138.39957120062908 451.46319181435575
215.9650751597441 57.7203863884927
913.6684470410227 327.32382382886453
725.3675396097241 27.706440518767703
120.98308339823252 128.13228293103182
481.5406817725773 975.3558168386256
479.59363559999105 645.6562093041913
393.90583298737397 97.9262674820911
949.1823025905597 391.4952869581647
32.409823644348336 541.6320747435296
150.29511225822247 837.3553877252375
287.4931160668319 640.1656362250196
159.99132007960768 581.0636576156918
339.57394739185463 119.76797333123052
725.2888948444174 903.8143808286816
140.40452284928315 729.9323447665267
191.79015669271385 617.9615252744987
692.3842151762631 482.8146100806965
81.39889468040698 219.81720661769955
231.34395423952103 464.32112310765035
520.9417187420744 292.8336482294975
497.2187501975272 914.3436285080683
625.6021394800949 740.9259805432586
647.5480935465778 26.881723926391455
471.61275934332826 245.8124221716852
379.18663078049343 382.2571082426652
305.2487096582884 73.03122395948827
590.3187451170212 700.2721078055864
105.81806556935388 265.9813273829953
215.22397752974814 737.5300769794725
840.1457456814311 34.15958622974316
855.257842427327 135.67610281836696
64.36013790461624 439.9770314881398
350.73377376500025 202.426762556723
230.31620697401786 184.9992851891597
567.792919268034 825.2647115683327
835.2668859459617 334.4425824980094
670.0314665978557 843.5331477486907
188.88656371358078 964.0269003526981
973.9378735683786 309.6620654657678
901.2730872933371 971.061434588993
583.9488304224933 625.422750591001
635.2588212613053 490.19480134239024
159.57549670162976 896.4235066643369
270.42430837970215 272.859252643347
938.5518783357744 814.6995941146425
776.0270142426132 877.6461694097325
355.39159117191116 936.1535369669743
265.1867935962842 741.818310319197
539.0409661889357 513.7206629303633
339.2111348264563 524.1802583422505
454.08492806581785 588.5703380344622
674.2509526500704 621.5463960791352
782.2543930937419 49.71473605836212
452.0202999445093 200.98398778049395
171.7960336167108 250.89501559484412
177.6241005907251 671.9617188849115
289.8945648368875 689.0048892914862
352.9630976618517 632.1465498069985
653.6414041724388 414.5669286629648
237.9003754302664 137.48998998614232
