objects
770.2680557537481 823.7924028004791
621.082653839032 646.613727553005
778.6290960940993 645.9053790944434
411.63206273046325 390.7429140953758
738.9778564333254 119.28968718369403
276.3020695852595 502.7514596059773
489.20249264033663 547.9255854044696
444.53286572850305 833.3868884338609
732.98195187051 422.29791401867084
920.3273960148845 573.5462905109725
34.86085025345069 577.4687663907359
705.2852526416565 356.03460425597325
218.61219377738905 578.0478271650885
869.8191289295829 43.59469652711984
830.9197935390021 934.082643044597
173.01693240332685 70.12719371646631
68.28083533416287 122.91215088493334
890.3184976812189 661.1232846648264
976.8917284540989 444.0917603383927
313.72333936212056 719.7319941903455
928.6738657026837 716.2599546245833
952.8326569706333 64.1437904220301
764.2367343593307 44.63690846142012
251.86819778810792 70.80414445564564
170.79876606986113 972.3170459494461
597.0242853881531 589.5873209659452
280.9022433149764 821.0689234930543
208.6401916511437 421.13850809836464
892.1641481703613 707.6234190949726
633.8443193828118 151.41362356503203
470.9833381868143 664.1828295654561
450.8080380438588 348.4636545716854
640.9838966388238 827.8735601438935
100.72341508162854 784.9009351511636
148.95375477195967 789.3209647630799
822.3334882989886 112.14056602303111
425.5142554956755 438.38528325205255
627.8075235087142 88.87256894784169
584.8816049965632 107.36741439970301
730.0840456159112 18.808410509097985
769.0902100178516 204.28964109073547
258.32812416089774 743.1277875795141
824.9481807268525 506.97049234757355
21.815632373153353 266.05417554731105
407.7033352867109 911.0947873895823
969.9913311567516 906.0495724939244
582.0195839315237 309.4841642938524
424.5313853324134 120.89743237990847
379.1668320519623 264.1482939272146
532.6670223722923 145.69284079825493
347.0267805084403 242.02555764668136
677.8931557861332 614.2313081642689
70.38126280386012 605.7005259220232
690.5669890745918 812.2215138243905
332.22747741097135 112.73710181642397
633.7508760962737 233.54448870390576
612.472036253357 744.6216501648578
767.4739223043355 318.71271751898763
481.8999167092019 449.34552931832616
623.2971541239747 422.85963636821
217.61342906356055 706.8346718226105
806.5193550230641 545.3405517550075
845.818151902068 314.7053654280698
535.4859022599919 513.696563338002
178.92412233310034 31.362419355657764
348.1736560171761 378.1479301059721
367.4450198880208 70.53338859535737
360.26706193837947 142.49353846238768
592.6087899111718 70.54382808309715
67.47599900606222 658.818923696173
127.9299392269401 967.5964315260242
896.5963749026887 448.76337823021146
166.29961847178828 303.4734796502905
953.9708167242212 341.0556788185901
973.0599116763648 959.836506182443
932.8634230263909 493.24305640570213
512.1460969604334 264.42532407074407
593.0782526785512 218.04484898595416
75.39765739383427 520.2331149611939
678.7581041225668 194.4985086627591
731.9129885288935 67.24155873707326
263.46320687964385 419.00881492201023
50.77481802231307 321.0356170174382
916.8692365158164 827.3183467801684
24.968438519067533 711.285781535298
634.601739454235 691.8836753960835
51.709653601924266 73.48883715097013
276.09655419882284 109.04443716732582
676.4127334030376 132.31213847791776
265.90120331749705 22.292431801608142
413.4263596008161 628.3021530856848
104.74659309600567 921.9635034071096
357.69969292670436 776.5322126671176
527.0811372683064 191.36120614468734
193.0585355084106 104.88461608278308
504.94277298005443 749.2549774040509
823.0952525420352 608.5905698940522
135.03517728595878 352.96059013455385
216.70124566577329 160.61904496077005
292.12898690068465 269.28080853894136
51.491438981278 373.6046623448411
293.1139526948705 231.00024313418612
217.23040039787355 34.3581517559375
924.4345929946858 783.9145769717109
680.6986548994327 459.5730659745852
331.7826203825647 503.59652047854905
40.378593986127854 870.6891440591246
487.2675258866102 923.8172379488894
93.84808428858724 61.6973197739669
558.4336914392545 465.6824619397659
378.3735328109355 713.7359308524113
250.6687986135837 955.337365832276
405.09733335572434 211.84710584042557
458.9115959233347 270.54396016480723
440.1078526915201 47.22892582915432
700.8404505614336 700.8013268800235
595.4841353346952 796.177742941313
69.74569534670991 900.4283341891364
177.80440068984592 925.9950614897391
976.7712122533738 150.15531955371642
744.0334996402726 661.3716347471384
590.2083583364268 517.0560559206042
313.098026141904 402.60803373607615
613.1049832351968 185.44155929043467
227.80788459244536 255.14316804400573
360.7018596870591 588.8175514308595
813.2131793650975 197.29717104928392
564.8079888164991 661.3181430786485
153.4410109617698 548.3337244125487
976.4301449061277 773.5933390841706
327.21511315116754 68.0686385621745
979.1049525332813 853.306363669026
854.4188458472278 436.9932659623484
113.07121413528903 205.6066600615015
808.3587266823471 855.7400914437357
536.4876846782377 685.8673748652349
932.5520855105435 184.2535203190285
97.82146576961702 282.38536547526354
878.8935664581925 287.92823016534527
207.49048371196784 348.797455696019
853.386244494277 652.4737279971765
30.088217097266984 36.3993748292944
36.33572498807876 229.36337105750442
721.1992582905153 934.8079689522448
563.3449845834587 826.1228888706494
442.3258368645751 935.1763133990644
491.3132688396612 792.9133960721157
170.7427028337076 856.8208383240664
435.3294743975242 694.8939697186164
460.0616204386397 884.6910797601016
948.0521492557062 218.62936255799121
686.0363415733435 773.8470361083862
69.1788534384369 563.1517532806334
337.03592264120624 904.6951693430007
763.2980347118112 713.3008228341617
146.12635843654414 436.76996786763067
121.44161544497062 133.2209143367718
204.62861634160748 223.62262851405677
888.9929866464864 81.43818001858966
833.4776660064558 775.6740309984853
43.795975826322184 950.2026105164879
765.3964708208274 945.1623072109192
469.85613308372797 75.43988705296803
279.84299126311595 370.46128646735815
495.92216320208615 961.6884054970898
939.0007735700053 926.4492956444449
303.03317924724433 472.0143972869116
685.2708557364922 881.5490543273172
195.5352761131283 828.6728698859976
688.6007979262921 555.3536888374322
517.2304163832277 879.285954765125
782.274785580758 912.0093833817466
179.92685262913898 623.9978358885336
171.42514521742692 487.6764461253148
690.3228257314433 38.18231051887136
873.7792000414655 774.0074840319313
867.7389721709328 944.779460612508
863.7088142480778 820.8845545777484
696.5979033400681 294.51154659115264
936.6219198315072 435.5715451535895
