objects
203.02577468601498 832.6083663968228
979.1573647704538 175.8908751713828
547.4516742794065 336.2891403193752
226.1771198478615 350.6282694506409
50.15923788568625 832.8955082549879
479.1214782078444 53.17871923463257
308.84520100525185 598.3548742508862
97.56512878599827 439.4377376526727
582.9912015440904 371.4535580439655
129.77974043991375 550.0748842900815
707.6621484545035 84.08349354412947
176.3738238507833 666.577280367232
856.9275062545089 110.6039686062834
63.17525222861102 70.0155793448954
95.53349707795827 495.60154016341085
622.614071385581 261.6965894922879
899.8803991087399 414.69969986055133
877.4597169955683 28.56222076014139
40.5032264972546 638.2170835099439
342.51237087623457 832.8481413163072
773.4227598312923 745.3259917719072
693.313984254794 492.1296302103866
92.9516179236127 592.4729352391597
943.7999557473287 722.1936640102763
775.2425552752047 579.3805162073039
259.4886419319611 331.8082126819421
272.70595124266066 650.537268675528
889.9818327513336 919.0532750294103
762.8488181896005 162.38109302774131
719.4360068463594 27.974316999112638
63.65196607093161 792.9693941810103
936.2697577615521 523.6536078536793
613.2937325210028 131.14266767559252
521.4034192145218 188.96126286882185
457.74875587434434 139.2773675465063
654.0421399361325 958.4276547364469
504.73870887182744 669.965804282666
556.9792607627425 751.1932576485882
587.5568186885068 332.5657181080659
167.00321494926425 880.8360862516693
163.82616444031135 219.6316469705867
141.87286002894223 47.18582441573418
658.0835342074237 692.1827895144531
728.0497376703998 863.254861352349
451.1280012807066 718.7134259738115
763.2335511477473 441.80498404074166
451.50543558333374 642.8020194153128
944.9464756925014 312.19165551609336
478.893049739447 576.3315579320682
338.874825959302 39.32753664211715
970.5451492567753 596.6655969655674
863.6915542794771 552.6431081039979
717.9441628281048 375.77337822394037
74.28431499376605 294.3298435825566
501.6808670991003 479.7100583674764
155.77779050146268 504.23138955989293
185.57352921845552 945.5746437668064
644.7518109848805 81.56605335115114
952.7289609329766 367.88000188608004
273.16895960266606 806.4107318118394
780.4388373557034 788.0149621654457
693.2338581437901 315.8243773545984
655.0854267129793 892.1568335380239
143.41449120580188 750.352711419075
74.73031775650037 919.6815830504058
456.78304510657665 757.8851677651957
53.19198289295975 688.1759144045338
258.2680129274476 399.81137822279504
690.4034097746436 825.5231188505505
731.8334050671547 287.41031892928066
358.01650631159714 737.5975739597441
145.47338921410886 629.2014780024017
190.09119821979243 764.2620545715342
306.16392541520867 938.5390805080234
283.22322353252036 119.71352246111195
541.7372336839339 689.3652338194245
605.805279324198 655.3912425555776
144.60668897931873 271.8706917729169
586.1576966352484 84.88610725876747
95.65284677146938 709.0426855653159
267.23651250036045 455.9554094809111
887.1994674352541 724.1292351603896
786.2267510641511 632.1722530021119
151.19340636359226 695.993873244999
231.99836769814374 748.3098542497812
195.22498193857228 319.7787658352187
710.3028685855826 594.8681086297448
618.8528953164927 485.3034307571803
816.889417880109 146.91250196555302
199.0140223300673 96.25099632083132
534.5302737739607 84.7338365848799
926.7252355208391 215.08886906198404
606.5501268518813 745.5881672037913
339.25303689973543 680.8434145644018
233.88244414732958 110.70849482812464
426.9604695445354 113.36735254340735
933.421645381307 469.8711580971368
742.2509057888749 807.7257320937942
229.1571781943444 268.1718424896237
332.991332824224 963.163769035617
815.558110646249 527.6564963173404
275.8640291091522 33.76667769187789
322.2231843437646 178.55150322249494
73.4396828085979 221.91988314812147
469.95626949195054 821.7633605664045
123.00616081710434 836.6699130074537
769.1769129605196 275.8892028191166
730.809064322506 647.9246207750165
586.858479949695 431.82775969788605
834.5285169670605 383.2517550961899
323.55738055556515 640.6909363175522
397.72565976001124 454.1298277319584
537.3127985081571 557.6655276335501
267.12545755452095 946.2656435872055
99.95100123482946 762.5095668125265
797.6572909541399 471.5427914017833
931.9573121608915 43.538156100614685
845.1684072781213 231.74858956165832
722.6786040057864 956.536820127374
941.3237179246182 766.8244216812344
382.7359728858362 630.5286205568545
265.3733668633326 895.464565265934
404.25586300827666 864.2925224543748
474.7080829739337 903.0901126301408
217.61428399829464 397.5295288328887
29.772624474175295 458.4615585192649
304.4900692301257 694.3066492124675
415.88085881229733 381.22282157504264
309.52405704615023 863.9163611184523
407.1106139319187 330.759635492872
656.5313353900042 654.0515332062976
896.1287148448214 189.91463976274338
433.1848089242112 597.1922643395728
116.53856998134948 886.4611645547262
587.9120809917143 525.6516646468393
972.2998560289478 229.47164792630048
716.3897395236567 425.71734969075675
791.6950722487129 242.95294052016243
795.1448267362737 974.0080897669814
923.456145166031 578.5225686392013
236.395778523834 644.4031510611992
617.8726832171966 357.1637436673416
110.20460143801644 332.03776407643363
977.2355572859753 748.2370509821274
849.1530693614644 652.1258996969808
957.5781023942143 407.4275142764224
824.8207683695712 570.4100745868064
368.7343010810535 245.19447648261064
868.0993494941474 148.76721542463423
602.8469494649619 205.673530186621
886.451393968378 457.3186751110815
132.13644459499574 121.72905919473351
142.06637678340815 169.85364291141303
428.9922016138894 267.1956993624933
119.04308405039474 929.1976525009461
563.3883494446995 816.8694081602462
256.85593349227366 162.83456344360803
852.6318718270529 832.0220945811716
462.1965141987386 399.1424245797077
844.5791960799406 731.1138158469353
548.0073642625251 883.970340280963
797.2378814589453 331.76661448374165
673.0643548013161 212.53268023676935
104.41679986453994 97.18359677764201
719.5502362579456 531.0363874447527
528.9821382869694 971.2839401918512
413.3581479048907 754.6668775664497
871.082160293052 263.265226120201
33.394655348143594 768.4090354101565
971.8447803872871 844.2503641299911
226.06378632194588 526.4287555432298
38.93124576535057 950.5695169492848
594.1665920412835 980.2890610403867
66.93114471283823 31.93103306283445
226.90856943399154 47.282845021755236
506.80672019945337 355.64275693178075
847.5110846662457 948.0281016425021
904.2255664981466 296.0642149182067
446.6027882450485 315.6074279176193
187.93693184937024 152.6629238396839
