objects
319.7512962761893 252.2511793342273
411.4477201318328 747.1151702006008
633.3572635353488 57.32747738930282
600.7857741640132 505.4510427699865
57.896764737434445 711.3582661996845
335.9679550745672 636.2090081774178
58.772650757995834 916.2941063322937
678.2216616323093 68.54365467362564
880.72523772166 878.9420730802657
174.41080360200573 40.92089795221402
391.73538866173544 182.50259209035084
652.1066986564837 209.80070709772582
981.1568192231371 708.236356561941
439.9858996319308 888.3799415081668
336.99454036944513 286.0400845074
618.6407658865597 594.500287135803
606.9091617498981 167.30983752273914
456.5118016227696 308.63710534884325
641.343764163486 645.0160209465332
61.687674835298665 610.8212964565926
592.1299604350885 694.3070914405303
207.7611699477639 906.7339400413923
764.4208818317637 216.39834091849644
924.9144974718248 563.3567654609174
680.9366807367088 333.6349778956701
386.7883400524398 331.24421137586984
814.946489421571 479.6500365527555
212.95644202202664 128.34888649737832
171.32316861375676 822.9857499311071
401.7823070998438 829.2387396101391
453.7522860423317 55.61077907009938
865.3006528943121 750.7712696070685
956.7576641911999 977.3382951984119
84.35284259999968 202.99833556230334
950.3267407543636 928.8275504663083
50.296946343663535 510.33483537013393
393.6262459539543 93.36896482151535
617.8224709423359 471.5636787933162
493.52249210105833 487.2145959214485
363.65430507074313 874.8920047718931
527.5243461870688 697.8952039395259
464.05427151693226 124.61688858182289
658.8636041660649 727.8335947822827
35.1615267745143 818.5575865240447
933.8833538970662 767.0271439974265
850.1710015849925 138.0614226577693
323.56972688108686 680.5747432949676
490.40623905663773 284.43519510427853
229.37193220240243 735.0730976068005
914.9412079214941 258.0871862040095
494.31366679637824 525.3340307501794
888.9786413134252 324.6773706984697
581.2304589891509 458.5086885651252
950.200489408438 217.94966200145439
561.0008381067728 294.5052903598155
21.265198804995915 616.2285914976329
664.9465967334436 492.1210123434616
707.5085067237869 745.957405840894
229.1537460311788 286.2598212374501
279.6479375712589 952.8035405383393
478.41549892494373 619.0643529293317
728.3004957045018 830.598920769109
691.5977882246176 825.4192279425723
840.3562014129093 514.4748362518117
483.1431655866024 896.9851867789506
907.2160638055462 425.2681417966628
313.9148892798622 824.0365838519938
364.82515767051655 395.1043557211173
525.1252930781403 119.79524962689068
786.6528782819189 303.40674452460485
304.22506115341 343.58212337374107
810.5575765601268 59.96967321306408
620.3730872966979 238.10630196699742
579.9796542539282 616.8695077199797
399.6750132366386 937.1386030034457
465.3720946947091 677.9433895279677
21.26787073100247 21.266496923267724
267.04157343176445 83.22141247581004
761.8289285838827 135.56251672513963
314.3132033655428 746.7872866218597
145.53722371215252 977.4519165555083
549.7775810293986 859.618035878558
749.6512188447623 48.30058100771521
425.512050865547 230.06404808757054
579.0830395847971 331.1063587095581
623.42846273536 100.82266732165567
233.4015608528311 576.8901736561036
90.90357010043049 35.096927472863
174.41657190685578 363.50823423709653
401.35378965035807 37.64959598808095
424.3300900731465 342.4060796059207
974.6937187649031 55.13853792244656
922.4459145900827 470.1660036777212
205.5089519611085 641.7449479316695
91.74096888830682 412.84875149554404
326.6049611968923 962.2060138406537
780.2755887567886 724.7240722148139
432.48157681347874 519.7013448589815
37.04536005496497 862.8808128968282
848.2042173457908 679.3797071549404
936.441744226926 813.7613317204867
769.9234514787598 571.6678412939048
940.9548896198175 601.3044119990741
228.16743659335032 346.54191844521233
827.2731553234281 795.0186730944281
178.08921534348394 296.6638116343501
707.0007231120425 405.3786128382677
390.1767893877191 639.9830987921993
214.65804385800533 245.30915456885054
120.96410104998998 870.722033195667
423.33610003250317 975.4425150776301
502.6091473218007 756.1645266576929
549.9020448580676 775.572039654485
491.7587757682312 380.54962219737104
255.74729877835557 483.37955010481147
256.9471110445646 409.3410917197059
439.8854476758194 462.31486362535946
278.4926504951304 28.061396763153915
547.0117459726638 392.40024389181843
925.4183323124907 36.44886585822126
882.537715404332 199.99197320856513
336.5975131949573 420.20927610532476
51.93678532535151 966.2242298527173
221.4631328469148 852.5624111298844
178.48552375360413 586.2527750594622
690.0119092832477 906.4673671335747
891.8270112035996 819.3499115225563
645.207181938453 688.7964639324224
195.66198434737657 533.1921293213188
830.0123984406048 560.6769377357047
477.4295038244262 947.4316693703091
31.703212422791477 171.84236285629584
595.2766027560349 424.0897352080494
380.6104661840244 265.78296368575803
969.7352529090053 630.0662244266747
645.9885901189518 152.57486732861372
125.46509589296825 374.1670927990849
671.0089190950614 440.9647071060099
127.97729321972795 108.00204998830064
941.1734332757931 397.5513480752921
948.404038196661 163.32617219379904
912.7461837134572 972.9512224817677
852.5488463308318 88.6824882304549
137.255905679227 643.5243172323826
925.9982850458807 349.135731739143
807.6788237232776 630.1816138500411
752.5675859341626 343.44902095045194
574.4940455617705 231.3174195099328
520.4772401446786 814.8105549923254
544.9135262207541 650.5130027637979
870.1352199815956 403.7724261392915
276.2856172242917 642.5792210409114
260.7974180855126 690.0265030242001
143.18180804877935 738.5831973785554
29.19524054157786 251.33743075253
402.7518393961362 881.7732623757668
124.34608506801753 523.4990954533198
78.6898504695123 809.8945546906535
54.00787627160488 454.3590104215631
61.14694031085389 370.2260882181447
318.7902146657043 567.2116362601815
285.578922749188 433.5603834607353
765.1920931536572 84.7299552668484
109.9527191532379 581.1482302390174
548.119196413956 430.47765048417295
105.00449582091463 730.9996668023505
890.3619400506217 75.19810094541369
344.7155834745701 499.992786098689
722.043031371426 786.3398874954064
924.5511821603307 893.092758529309
167.96653379894627 891.7973664420371
605.1670412775494 843.2539707401893
282.89550917230366 185.28542973542386
710.126767324652 678.6875886399923
281.6184245853689 131.80128361539934
318.20389323232 146.67500977725243
391.94126400849996 431.16296033830395
699.38296527904 968.4905255697258
845.6977682411574 850.7329057454671
181.0693424830983 943.0809184399703
