objects
864.4126882225414 656.9718683832335
936.0579167415269 113.86584083124407
66.39079047137784 526.3386953786377
618.3145587418613 928.5795791455331
227.3317903136798 444.9186700446674
726.8964685766834 540.2151162671777
84.4125369542783 292.4634159097551
692.2053188151996 187.13883469701446
468.6061766849944 946.7669233021978
98.15180415595546 771.844636604563
503.58932923157704 848.530652158738
923.6298806060211 504.9454169044215
420.49020223320764 290.33827969567045
638.4686880607177 327.1365525359572
272.75538454836607 122.24209304148397
913.4036738371409 233.0073267255047
570.7659722522217 64.10562754946046
362.43352603508663 59.108381698856775
810.5726318241186 918.8049206115195
741.1301632132161 80.68866901169879
183.08271832663573 539.1294275890094
61.17208634237 907.9992142201115
367.80756496188985 414.9380920642258
63.86057659737603 65.04946797339075
576.2424311911925 246.00261875799612
619.9206777297891 728.2291560329227
775.420439680711 788.8628257215702
549.8607051729233 440.8943658489988
232.9957098440739 722.0176855995006
407.2592714605638 166.53135307913533
929.6280730021365 925.3222189781885
829.6276565610541 311.18722941100884
194.84643227112284 318.025439887271
881.5514686821655 758.86390071264
481.89373423604474 705.7120002259904
