objects
652.979060527278 167.72177006269823
784.5911355826113 622.1127335529103
810.7132779942326 419.45003977072975
855.7160755137405 513.3738284878657
613.8147073861606 666.7324351939069
854.8490773188241 213.4581500724895
475.9357859729733 76.02669211979784
285.875187395251 912.4935507521141
689.7521540052791 794.7148322078618
105.98709361567396 183.35832509668248
100.78832883908393 720.5675797604586
938.1182609813758 432.00853295981733
568.93039512762 915.0670948139425
437.7991577770278 413.95223268871945
524.4095038432778 490.00105276859784
605.5624644826602 375.94116648266225
942.32095828043 280.6348478800338
375.31587050181867 844.2544192348169
477.3158816728322 231.11411447195283
285.1233447924669 339.9293185372615
285.447244283603 463.9683940468488
872.3752031049225 678.6905318715093
860.4818635089856 843.354345565404
502.57050749396467 734.4022973491773
69.96716232761293 464.2458773924397
192.33982633095812 560.2082134484189
272.5411130951872 177.21805784393055
87.85951381607961 340.8404688334236
725.3683056079396 518.129253991794
192.92009705238524 72.08947557033669
771.1432946785366 896.7667962538551
315.0736845093114 684.8836195847258
607.251235087474 60.34094922449752
915.207684943823 58.906513152897304
367.0471642808895 583.0077474185272
