122.868 951.079
547.733 957.2
619.459 385.008
376.459 458.872
716.019 679.459
900.866 956.885
488.848 299.806
900.863 645.907
746.876 296.767
411.362 99.4134
326.704 886.521
394.58 555.197
553.167 140.716
88.6103 740.33
232.681 858.879
746.947 122.117
568.084 237.573
394.033 957.731
900.869 798.318
295.574 246.736
43.2685 882.371
658.53 796.337
88.2535 295.581
194.361 80.7556
136.392 851.826
596.43 872.154
521.712 392.154
239.999 328.193
649.051 127.009
183.957 696.338
247.506 621.894
823.357 582.445
97.4233 198.007
135.711 549.842
839.55 721.859
105.19 642.974
285.915 421.325
299.336 532.116
398.712 261.344
900.842 174.494
280.461 713.396
376.85 731.087
834.791 340.11
220.848 956.168
746.866 523.498
94.4183 392.865
559.495 781.374
180.1 250.634
103.488 44.003
827.766 891.171
694.488 440.652
628.632 513.226
190.387 412.714
643.727 610.062
645.733 956.848
422.183 863.851
234.268 170.262
597.584 44.5994
44.0026 476.913
702.837 209.63
472.754 477.079
901.857 272.491
439.497 657.96
344.069 638.735
694.728 44.0134
621.525 705.518
753.067 763.339
648.96 291.494
888.898 429.454
537.491 659.074
489.45 573.649
332.425 157.537
730.568 858.723
742.534 955.981
425.321 374.424
42.7905 116.647
790.374 427.463
335.697 44.0102
334.968 336.485
900.887 527.656
