523.38 523.164
843.171 537.518
493.978 871.499
602.54 702.321
180.976 578.72
598.74 226.865
819.824 828.595
740.424 45.3512
264.39 527.281
715.553 490.875
297.301 680.592
573.87 798.843
494.64 72.5237
137.726 771.328
572.116 132.585
814.588 390.093
44.0036 418.167
302.087 840.068
567.401 320.66
640.733 954.307
445.147 956.468
696.246 236.691
410.256 525.387
254.992 300.897
247.95 932.712
202.913 383.917
401.074 44.0014
900.912 241.455
728.097 794.095
503.094 246.71
542.748 955.997
141.616 44.0038
468.43 604.254
43.6125 44.0007
834.738 638.513
204.136 843.336
364.562 764.549
42.8568 795.894
726.567 329.882
900.991 44.0233
338.334 591.595
354.891 129.703
654.799 397.109
900.877 883.259
900.837 719.895
394.288 671.513
678.731 640.685
101.306 680.494
590.254 597.769
45.9568 320.178
464.977 444.502
239.149 44.0012
412.711 208.829
179.419 478.457
162.61 196.718
816.984 292.123
767.467 139.233
461.484 779.042
900.877 342.778
308.384 383.076
669.625 142.492
68.8657 224.894
257.398 139.674
109.311 868.08
152.745 955.959
405.02 366.984
642.749 48.3381
653.036 857.102
901.128 142.023
559.419 418.334
199.305 679.663
744.018 893.519
754.967 580.238
351.691 284.978
48.3411 955.967
91.0604 129.749
617.723 496.641
44.0066 541.175
803.531 731.535
396.002 869.138
