objects
935.8592968884617 383.29175552174127
817.6045103853257 762.8725002569494
494.4184827708233 555.4514330671184
960.8837418499963 282.0939172676937
826.189611649228 922.6151886450768
264.968240648508 396.9429302099994
582.2727393853777 750.9518476837968
596.1771997485477 250.4082826806446
915.6029693148337 961.3056576083034
873.2683697919084 228.28103753339414
938.1363979302814 247.34116587469978
538.6716271982515 158.5005288442336
561.2334444152951 729.9875081424366
880.7395695801317 498.68452236602644
597.0930200705193 908.0997127708191
488.44138907329983 181.0592534567361
378.0841188158969 478.8679063496026
434.14288214664055 560.5250080959685
509.0024591193436 586.4659768334847
642.1410402605388 76.61300564365422
879.19345949847 311.57020843890365
356.7002484568363 514.0999047697408
679.0971159791343 627.0912093418897
861.3782648579286 746.6076451715018
182.0600985536952 628.0096773587966
391.2557476503172 818.8212585872259
436.6360361500881 610.6035615158635
291.8814194864728 687.8729196118001
964.9093118268879 722.1217343923374
828.2021463922686 873.1294381979193
275.3199004987468 28.841734899064743
77.73890179158572 622.9050068137999
224.29538141526382 877.8639631220063
349.5912648740088 41.944359788143316
664.8473283056044 19.56430361971334
912.0822183461477 442.6495640986691
849.4199802327388 620.0874908383987
249.8964058720769 184.98961956107098
210.14249645236072 38.46508331588662
984.1765935367991 216.67940957634775
222.0034114274032 807.3725234702581
806.4848450759876 406.88419900765297
302.9972300025595 788.8569470260171
86.33983024745089 326.43309082754956
986.5099203607502 367.34551618586033
652.2113317507833 655.7202854938309
912.176239615039 690.2865750444873
207.24038158504325 159.2037606422174
101.8534895765518 243.45430076376988
685.557869863232 840.0002933420608
31.272193951531385 465.7107665213547
808.4764478694259 641.4585020048635
699.9631922763508 69.8226943192307
888.0384816443967 557.6280299499732
535.2517750208106 831.5872637421169
18.778593698381282 812.859527608686
203.05406867516152 366.65561484938894
742.9097808553971 289.89775191922456
645.8398093853214 589.867871193846
714.7315440201257 969.9427628127881
605.9902321836353 353.2656144692684
362.04752172941465 369.1918255080734
225.89506905465507 980.9128289297272
551.2969458234331 787.9245479856143
126.86357227969017 676.4052151372268
608.5976399540913 605.4640970558249
892.9893663080272 814.8952875817304
727.8720615684756 909.8541758998887
787.505661196701 436.23127876541093
581.9388824450675 146.03418327131118
775.8505476634164 489.27746655069814
774.1136286139941 796.7080403875048
561.7550652257491 541.4161429233325
572.7847608382333 431.2371613310482
357.0394497183704 242.25829009221232
454.1694745887131 176.0256830128453
34.590834327262385 319.6047394670324
583.2634813117315 874.0131340183179
461.76818506486734 674.7980583665172
72.02789406013449 505.6198406905673
54.86191259025984 422.1337628760027
590.675790768445 507.8364608885803
316.14800230303706 661.9459897417634
739.3512457978378 548.4420133567285
218.62273172683211 432.9289676092413
817.137208509709 259.3689441430252
895.5355242244964 283.3816657792394
753.2185780127378 437.92510954521276
648.087692761867 898.1904964263413
776.7362180768878 412.3152518973804
550.7684382793126 683.9398964602925
765.7767242998882 461.3022259580044
404.4269154563765 866.474870855119
850.6301742053366 712.5036740479202
151.85436083078739 468.49964000178153
565.7594021239395 824.6514725974666
928.5541609709953 278.06565329647196
871.428241949634 598.4532561104152
136.81937114491083 645.8970744018538
55.527515028302 32.77571089132268
662.651435718126 548.2944494018748
175.3823433125023 510.85296250638567
412.46928515675773 291.1877867770638
764.3219399942772 628.0776104171256
737.9370133746731 691.995873807401
114.4486563224689 357.5434987876443
14.354101835659336 882.6455284569164
78.06742023992263 656.573057861611
96.87932567500826 841.1923206937871
978.924408819104 870.412571568657
336.4147635448956 697.7322629268795
163.85063229823533 978.9197756956482
292.00882725039094 280.14319838335456
210.38621480022542 654.6584062774313
981.7108907657362 675.7007431980419
290.6395671695818 244.4459823845251
154.0696459249572 207.50192844726465
323.31628759039467 484.7717076509989
830.6816017994141 500.32348885894726
955.683706078008 497.74997554201656
453.0919356507548 334.9659955836699
477.29522167450506 413.2261809272704
99.94313769252861 902.1219382506649
518.0787343169047 421.6034255593977
533.7773894856339 572.1366522694537
309.4715686469486 214.6126013827073
822.0529648736892 62.11866622298226
858.6537801909939 75.60423048997976
265.79644149496653 136.44709840839081
735.827673607693 382.9322017780505
723.3397001332215 810.7554633047886
281.0994067822582 893.210224138816
508.3291969292795 392.7033869165248
691.2233258627531 588.3812201716465
539.8820948256806 399.5043772304315
367.871147333863 638.3311783460631
249.13820285067436 931.9015941720181
427.2374184084242 392.61403518789393
944.2475071256098 590.4410289011762
630.6338012370119 106.15726955883545
607.0768977068451 452.67021307568695
351.394148843399 859.3528355285007
270.636908222649 208.48981687435264
117.01714511946527 116.67362493287868
727.901838512708 479.9017878913316
104.29452444633257 867.7693670371391
539.4945401970936 895.9525363070019
944.2197373209812 25.647332247905425
815.6683755107641 325.12782784383137
582.746865407545 40.5313190287777
278.8265593002421 81.88706502519807
482.4948277825476 739.5232611201834
645.8235601054387 457.13668029172254
526.9029157210017 501.0747914615787
804.5467128581399 587.615546817845
704.66958679923 765.5793284553332
755.4727893409115 354.3741503984494
304.773316074936 734.5380316650156
873.8281926238463 160.73851850367768
626.8039085341484 739.926177458033
32.66104813331034 233.5605011425541
714.2874556134725 171.70776412935874
807.1520267616988 719.0177125342409
464.50682109690473 462.6328788407721
125.68958704213647 231.11236054949723
203.64038201385037 479.9712661583781
222.49467641682853 223.62659932850895
218.49050318178354 70.02291700420236
350.53275653202365 575.1999827071609
375.0708145644141 964.4676057883337
956.3237271375219 129.6258647947834
454.3911554263583 926.9390012210837
812.5395487259186 134.11444500956722
107.50371540097865 420.0369924393461
438.1898973792916 982.2869621595673
385.37524508155195 676.2791574180694
410.56782922479306 69.10517205541674
20.507390230482976 98.60265570218026
159.33789954176618 165.5957755870302
362.2076756323123 313.76328283562736
