objects
684.8457339446186 437.29305164476796
974.1853030626486 40.50555523892939
415.0297473920295 328.6389201341197
727.4933417043969 578.0674917071165
175.49305522971213 477.52635953312296
875.1702756109812 375.2466803310953
629.9754142935803 839.8224117852469
374.7946650160743 299.35142179488844
590.2530147354377 756.3487250843544
375.40583141422945 519.4471288380902
13.325451399779961 155.39498779876058
771.6589080322561 688.8621919720798
59.78715150555549 553.1458936648634
347.40528762533324 288.13315731589853
826.1183274730797 180.1982788464966
127.57457070450751 640.1945058408552
794.9318411013735 407.91304879597453
71.33941569700693 262.27520217053933
775.7718462240351 960.2410481568261
187.46924401492404 416.045189051807
894.2476012803295 579.4379430133349
155.06875420047982 180.76772731841285
345.7704112876578 195.64782539934328
450.75452017922237 844.2887424691055
230.4588752029091 792.2980485295296
37.09942739426155 806.5394246890461
762.1271583251732 836.2789828466603
704.4948877934635 191.18639335985304
653.6150129689009 137.81940310134343
528.1216499126418 16.083384617585477
552.1578254113942 340.67429901581085
743.9876226421104 459.0934707965628
820.1436278762374 288.7231738534449
835.993648238565 79.66136290334312
954.926037567117 707.7378729749207
58.74266506987577 63.5161155482736
479.38192758683977 358.43682809403674
211.5505949447846 45.68287661992134
299.3431342302813 134.21364140263086
719.2965405496946 160.05649395034717
149.20208549129768 497.8087840951622
72.39104368044205 925.9667851740126
415.495299059761 792.6912096744621
723.7125553589954 278.7596276214823
79.74480559813819 311.1484684421577
655.1291442684496 466.29973575814165
610.9516990155925 62.92737626121959
790.5359562376387 538.2810753348965
381.8245960201971 927.8697204378734
112.83129653799975 520.5662584777263
91.10113725112224 639.4016631638259
721.4237253541529 767.5454186357341
37.391273850835226 974.2709102269807
530.7971939487251 585.0626850577241
112.22610550583609 317.6545627126869
471.45898513674797 612.3092338950473
958.1598281189961 344.47932723402926
745.184362674085 255.05711604247034
438.43023955341636 198.25755512447236
835.2454070452562 29.119203124160727
939.5657646971003 449.2659208012871
293.7219684806433 539.5335138199921
644.5721605878755 928.9097931557751
825.1961808248669 969.9320258018375
175.92189976232146 53.806196534722275
651.5899758943945 746.2952665876779
471.61351782085126 544.9473379130051
268.97748463819556 630.0345248112471
484.42836700193556 572.5495059423495
128.45876767704783 738.3971645658592
398.82583100854254 695.0973332909325
931.5954783512424 887.7796802737195
592.2939739655376 574.4264677191233
944.6504691485804 173.19548321945192
69.76547714214 661.5090907743929
567.2406756069746 586.9145447924236
130.50328749150484 349.98281963183115
900.5484389835334 212.64579733150768
909.2366579919149 656.1312895920129
513.5907283611766 634.8992600733457
120.13783087852241 847.1864718588166
507.26348684624054 97.68614988621978
672.6853274109974 827.1865297661734
788.8081817018857 264.54315738322776
860.1600100788852 774.364746150955
305.0839010108351 902.8409995927844
964.8678465903243 384.2422712793185
166.0098679588983 739.2546215473052
669.5722543016021 917.8731437314484
90.70548426018135 733.5249637030292
895.3640908555227 287.7027048821879
301.79572023737745 425.52802543001263
220.6648628195881 202.17691280435264
489.1077223946319 179.45360160361798
279.9384313373127 448.1833256851147
715.7180846468872 472.0061721855847
546.0648000895649 441.6339490972277
654.7865524935331 191.05005263262748
682.8755711219727 54.56478809401313
851.3864264089242 338.7502598222747
597.070532854229 699.0399489541363
873.4513943993957 973.7987355603117
256.50355092343034 808.3792074693146
409.2663907664272 394.0562150946422
759.1881747216705 753.1588231890282
95.39124480784461 577.7424316538827
950.00393364509 802.762145282512
165.34941000832595 870.2679236474294
75.47601975069081 511.3855335133507
799.3029066854241 576.9343246328133
326.89602752714353 826.5313290640366
515.251947337275 157.765904119565
617.2472777617805 541.1761503579702
547.0582269849127 985.7704514543858
950.6424306725673 974.1951429168718
719.3256485513377 842.692532764531
748.7426122655575 647.0708553806855
554.376173304366 487.514411418469
665.0067003025397 556.531609550779
226.72654254879794 324.4670582298048
926.2717417782939 709.9868551356789
450.8503046283625 40.04470252502172
165.1157009051727 772.2660917308688
811.5613148542133 316.83576539023835
240.16464115687475 961.9559249288309
695.4259108854134 120.24114862105861
757.6046114934244 356.34329872755944
970.8137450711499 741.4831487748104
467.9708377852008 99.24473255000221
146.0969958359382 602.716379304527
815.6029964699917 927.1244003287296
509.88490157710817 717.6902199972316
537.3600482208133 225.0871886741303
680.1354672782782 166.83174531158338
273.4432623132644 716.4854568464564
701.1235113251436 299.5502124342307
671.9590746117489 716.1785107807951
682.2489903304853 779.2947982045499
65.36275756857114 361.2656018517192
142.54907061302632 796.0515618548294
246.63932747792234 451.9865823321344
470.2824580110002 436.651958203516
662.8131699583639 678.7058794941626
341.4750577654367 659.0819580935635
902.9981514817891 453.366067487218
732.5501554106132 810.0868103016091
918.1058855523568 331.13006057686334
21.974375053288238 38.59146891133727
495.6088990531865 530.2949993785898
116.86636858402468 256.94793437697007
115.12732938855449 221.08510171829107
887.2000329509352 322.41448832682414
789.1358436152792 225.99596759389092
580.9775126519986 210.93462680456568
362.49054163788054 795.0280459058965
106.30080089735742 436.1569973255661
521.1344564763793 690.1467659995441
267.3053318781845 125.09761841120195
468.2670799994669 130.35121100074684
854.159335053435 913.5199557295971
125.47453915694794 405.03257642317834
51.49674315801666 705.3921851329875
928.6042513237823 611.0328902192101
545.4686378234887 674.2403062090328
417.7497773593711 729.3969304733987
866.6185962313103 633.3088347197179
172.184210470708 256.00254641834454
844.9239995543452 705.8733029376021
64.48089556986533 173.2049282849597
353.91407546314383 436.27136869911334
584.2331456646507 98.70512207062531
934.9245159544771 526.1865730127696
601.537154448186 164.64918651505855
298.5659543258481 735.8986480419727
831.3374960910141 667.505735614777
141.3662596635515 541.9192694693875
542.6990853069487 551.813967429078
818.1193528967877 846.5129903000578
517.4559868952696 888.200931474055
310.4074413291668 707.0842692033291
