objects
50.092058476291236 420.3363886286803
77.14435389953024 886.5816374812854
265.63942953378165 581.9069765374082
195.91699683021008 348.3139139871588
474.6369607468191 72.61426836460771
239.87476350593766 472.3486793098308
756.4521545583298 355.67792911149564
894.9431471080962 853.2363478265493
920.6194763638728 376.2022280676156
314.00414668170737 323.8164392992646
291.1139740746616 694.1346418636524
87.55309367412497 606.5670882316488
554.2051041012325 725.0409758945023
678.6969866246574 50.212514927536894
145.60323393705556 157.58595337858895
178.79018362340437 475.76704147234574
209.0555716561088 427.44086208147684
232.10176294830532 338.31290145816735
428.21413871007024 263.37729299718086
353.64190282589203 492.67810912994827
795.3684698003865 591.919711223002
867.4204921545975 790.8234778719303
272.5308674052465 664.2126311885834
207.54874544433042 312.3399802252092
326.6597708997813 29.4677515378852
342.32370109705295 702.3872800972729
266.0768750824783 178.74171736967168
703.2890627731235 456.5654872756631
577.219988776547 85.71003361812019
928.8347528218012 248.6979554702522
795.6338544510778 912.9048536235337
953.5034940739471 80.74444491753755
475.4452854227139 443.58517307122816
912.1550068513112 409.1868873132605
748.7160677911916 908.6958696600938
577.3533736096662 427.889255794287
593.7062396816323 771.044291721942
816.416190576846 382.9047838911576
869.2256426609508 493.76336763180154
769.9803310677961 284.14799711791886
696.0431955792593 647.6655550965639
166.29698655582118 857.9637960889878
814.8869160757994 335.35463444528745
205.99736359647054 964.3973812000702
507.70800856478587 21.381977196930222
528.395429704283 656.8233570389991
455.1815243620364 748.4738160492004
54.663690308960696 690.2024445629471
878.9779858458595 897.5130664436728
192.9307011204034 256.4597622117065
380.281020347227 303.71858731795123
410.28261664799203 504.7074938971879
74.94454077472322 156.45503000178263
15.001594651125599 119.04440745557586
250.39374331483444 155.9567538908952
739.0937881756255 546.8486550036599
758.6124633895962 782.5001384763874
373.1303874903462 544.0296190352885
490.5660945007617 155.63184538660215
63.188323883872116 791.9539123380846
780.5720775872085 91.81920877314603
105.09289024821858 341.0019534980489
307.24324253048025 671.6285290393553
545.3022798198724 339.22936168720867
188.91539609766556 156.39126022500585
595.3573951244646 521.5696753077189
255.21900681713637 887.91821986426
515.8581681185236 537.2528390595196
421.5510260355773 798.665160130135
826.103114521973 747.2326185113858
251.6005784838061 87.77013924461504
629.9635568243884 770.8579467008745
805.5940323257454 276.66669798791884
635.6443200160036 124.90471003326698
530.5273869708369 394.0034794757403
589.6452600906237 396.9231296617167
668.4726302967315 508.60308292038906
130.84684721532417 921.7007428750576
427.1797374834087 137.25441505627114
168.32710574555287 593.2360033286668
59.32054466693568 56.27691679055108
203.5545101149207 391.93693110695745
885.1015103398946 50.19863498210361
756.7258813202162 44.167845126850075
836.8218130511926 259.890093501641
135.60013959921977 413.1434849057053
275.5490965133095 20.087468465655682
825.2557879956262 438.8236976191748
963.8944495644015 232.6396092674361
760.5100490055316 145.7584977685865
40.315009800583525 565.6739520653067
295.8742394883289 193.67872258057076
381.4922802935374 406.55675913876496
216.29292173202415 652.386732060784
297.67823009700646 229.80114052879554
50.55163306632833 288.9396699380841
765.4376920447189 465.7134876885557
200.9145206774873 83.04735931297341
498.8393311635665 788.497184039142
446.86836252973876 981.6720911259
327.6564838635535 893.4381712898704
947.2055778984881 834.9398097040245
502.926317060274 726.2975245948542
438.7140615902712 289.4563010951597
415.1303217820103 37.37968994989159
857.6928142002482 348.5197541666331
856.3562671422463 312.76177494334775
710.0058868614358 964.9464429669933
564.8468886930793 195.41686939102303
614.319460007171 388.85971261874806
287.9578734274493 436.30026351606523
549.1340258349188 285.40397594576183
465.2297134811012 355.91568402324503
337.09075839456744 662.1809028072677
446.42339471512935 408.0110280648147
553.0912829638622 869.3852053261111
65.94204626100182 926.345085828489
902.1595705272521 727.099230931562
624.9957696997859 733.821492750127
383.46939275751566 779.8592173423333
970.5063300134733 378.75891033220796
695.935621107671 278.314407385742
225.29394061269585 121.67156083045975
547.8305817165835 428.93470738840995
841.3022183474741 231.4013531905204
310.4673467311614 280.2462823913097
74.87817542145551 848.2906141830292
363.7878644546053 148.9245667620087
21.103310011149645 697.3192397744064
760.7378927050454 568.662279167132
552.4273943909127 588.2066084746825
233.87358643719043 518.6736230840552
655.2554824284621 401.9063625698139
646.1311555297821 899.8752749729257
507.64377589489044 90.14980217945963
887.650677857004 333.8913112971258
55.31216699439447 214.7154449258071
134.06313146128252 759.5702578469536
381.64018553386177 624.129701710496
345.5594378910632 112.10067622676497
41.0529379622401 21.0647471599935
314.87693498387256 548.3772344228814
512.0056406657455 938.7789856638303
100.72915959959508 736.1897650537537
185.63360496749976 672.6957253494378
732.6618657516044 505.662452331574
287.16171032509504 125.0938596999837
815.1207949062707 566.6163958802416
232.18580544403616 906.0245535075159
151.47243313522551 790.9137651914352
805.8013960921606 849.4230226369074
230.4100125566886 760.1042396315904
20.049320852735054 200.7072147584302
841.3244814360955 711.1838690977291
660.3002549697114 654.5947193910265
166.57914149861358 903.1911426942792
483.4556652578636 667.4027734360872
293.8057713417274 77.48189657155748
612.70415814619 929.1599755973866
899.9571787557059 673.8380827308678
110.29873553939733 14.813457742170755
417.67010496777385 318.56877739129584
766.7492629008658 744.0368902343175
275.82138421354665 211.9315935365137
113.11756370069294 660.2174316973529
568.0497156374436 688.8768070771112
441.4507075809566 489.2587557510747
852.0402932126483 851.3712569411952
88.29744938945836 115.23489268975392
910.1186435953049 186.7199280274095
231.70010586000544 273.62765288957104
624.0685760743888 879.3354528955921
685.469701050823 981.6620162209581
694.8425210490278 778.8981940932332
40.98751572425236 846.8047655600676
877.0065411473855 128.83678470887992
726.0828442125992 136.8301362926688
350.6247756674733 864.8896557634093
955.7096174501701 710.7020267480736
484.5136933001159 963.2401208439834
