objects
323.093151561263 147.29077401857035
75.34858188756712 168.86167652931232
737.6575211425791 107.31661911306776
603.5536678438056 393.2448292095707
335.19677391193403 57.61410033386723
665.8147593848811 108.47050655234136
885.3025174716425 750.2457840578638
92.28982263301539 790.0849570858205
127.2538496770509 766.0859186004086
884.8459226870597 597.3931448391334
696.9298945714598 974.2662419909384
45.69230974346792 515.4643866371491
972.6084724135424 39.09963103864666
144.70327464177333 697.4794176301278
512.7250740654523 112.38952803661199
516.1970610485138 874.7188980874664
159.2461539999843 373.4670937630164
265.0661875509747 804.3283453905328
231.48927216681483 59.45773039761309
30.102906696651175 383.0853673391859
406.7360754782762 138.64086716733453
164.53845478904753 786.9770504342501
848.9887097913816 669.9286954325846
582.1210765912258 948.1357932159143
542.7783668517328 590.3090558173907
135.85791751230846 164.50633508377456
531.3243965435341 49.89084779765448
381.4670301599323 597.1958840697808
91.66620921753696 598.0215735860576
856.5150688696783 101.19073330435683
601.294067688099 105.42170966378484
183.5575400907779 126.26092794355345
325.8706458711875 243.85296537299396
275.4842200495947 898.1122963331106
244.53040425098416 782.186652109619
745.6022812197397 762.990809894129
467.0684510926594 726.7644506677551
949.0967199818987 798.6382996677004
27.015619901609917 708.8079421248857
510.3669467110276 304.7845081814822
611.3376748709919 825.0236063493655
798.9695596779808 265.00748857827944
347.72530916786394 974.1160796821837
482.7187463506805 816.4276876949301
84.63481685253925 847.0094109148788
34.52885785909665 337.02500489063397
259.1987011631567 271.4560821505078
136.11498409585738 837.2258020187734
395.85355921852187 399.9767700398964
450.3928952038996 380.22611975687033
403.4267631332953 659.1351652696571
455.24383461902374 847.6689135909579
487.7504914459782 530.5153877670165
655.9320757956651 905.0845948804762
668.1626694172284 650.5368326456838
383.2728852775479 829.4388022877998
594.985604801407 788.8653558954054
705.0964613800714 254.7922087819187
525.6384568068127 807.6845897773542
473.76175018031944 232.4067040372224
945.769987599549 225.53982346431835
321.48713291190325 709.0979733624511
943.997138292976 497.2467552256757
123.54829550904758 809.0238948838174
469.8468195274733 266.80599978705374
167.4638054776441 317.7556568692042
378.9482955740429 223.87434692877946
671.7500639500862 790.481055971872
854.988125296334 778.042479709689
211.33690211609294 984.7989552173262
267.70338424561277 860.7901531941699
621.7121181368776 552.5515596940513
726.3686084120333 911.5809204697503
844.6032617095055 817.3126802385439
425.46725472997 855.196045003404
144.99813211999668 957.0776571059412
607.049507256276 600.6308756476077
73.09942423020684 103.39047868385563
734.1101735093988 284.7873719001906
809.7672413857711 195.07889633313664
545.2224311517816 477.6450561843417
631.5464322385579 271.98676657506314
366.73515719986636 126.01917204299205
784.7425995197455 221.41092275500876
471.3085905776469 700.0677923535643
361.02690577946777 649.8831348560803
891.6880160250265 67.21518390946733
552.187664461677 773.7041838449546
658.503341765048 612.1576550405872
121.43501056650913 281.1486731624469
395.4623505507894 716.3873712185587
888.8803377311137 551.1161866014199
958.8832678365987 322.00165781877786
303.46462169988195 476.33342970668457
672.6750141715207 21.57895568046339
412.3883551017303 779.8797609287469
252.52025563470843 336.06892588299024
368.6975329905618 335.1935961703609
200.4088432043465 295.3298851570807
257.81414749332157 225.5777812395957
310.68057456323714 972.2624558227149
102.3457709715484 677.4629168451925
896.0012281079329 95.27418622848393
786.9418362788338 708.5263070697207
520.9176786029466 207.46532593054621
247.425590732411 141.7211062863104
945.5287271606984 904.0267222607146
662.648509147884 274.83320986712397
528.8084939890205 721.8942902469528
71.98132547650862 233.24836885979676
422.4075471701543 532.3861949830483
445.07927507862195 793.9304746165989
23.625894441816286 50.71618977814319
545.187851962196 746.282136240941
169.37383707128288 431.59677779021456
962.4675594730829 552.533950961558
68.0414186789765 409.9540392569119
218.8474950043096 769.1003544244091
842.114933790323 983.0367602776049
47.23958550778971 13.642995140341627
195.73910243947952 183.64478093529695
781.6140688825377 468.3085217324018
472.3314074100905 456.4240173462968
467.8165488074335 309.0285086799299
874.2812749669208 374.55082231806927
256.86192916117665 309.2713458584536
668.9210977247526 566.6565621696349
333.2535379572522 860.9053149511186
676.5520332152212 929.1808793369593
168.7489105694805 346.0594551106806
651.8882540853912 375.76978312196565
618.6318020236142 523.337615239819
751.3788625763734 971.8241320545509
517.5756368964377 982.056888253265
782.2145041742657 90.38963622941552
850.7008178394381 314.33533699501055
84.98889671159301 502.1743023944016
611.9989984866373 329.3330166580196
589.8199315302021 244.61785246999662
206.73854214797362 243.3997532823436
411.1301901079253 889.0407862005712
814.5416386231063 597.7427078395809
79.96570782105886 661.4679839206306
838.0265139287436 30.0966218400132
56.140306547326965 860.0650650221191
65.63749341517796 784.1890527528204
292.7172090831897 690.834760420125
254.3794945900533 564.1236424874971
549.3671506668379 75.0799253734745
701.698449357889 799.0867278579507
945.9162864313151 359.724899195361
32.357266897121605 438.8652728062641
485.5385703102901 42.93149721088388
239.43677236371738 374.2974206050016
840.123282560258 348.85684496612885
53.57808526279314 141.6976758384051
741.1997668166964 494.3491402228347
880.3208051118418 308.62434369900046
83.98467742016555 317.52052110784155
727.7715637820556 26.85694154556679
579.081742496156 511.45282089680063
808.1792673351795 547.6181682479739
455.3603825779142 955.4617176100045
747.4553257402305 658.5090798852883
956.428669659919 64.26289916389355
14.552029209027342 472.96091113036044
911.4922601551104 33.58983935248788
689.8958965355162 752.0842956140108
269.092398461134 605.2591443043093
68.23025201886507 575.7728913512773
264.4370823263865 403.31843791266215
638.3960287208779 955.7485744646344
906.8950584701622 382.9805155007074
947.0200347896033 412.70638848330265
180.32897596004682 397.0490624412595
259.1086686389211 702.4940273667656
819.92036746301 857.5422818571006
233.00482884494627 742.353771834929
385.87683323992763 95.22590094005037
302.52138120011784 861.914943992324
