objects
48.75600957374866 899.1858529293178
371.3215812463642 777.3672838713356
275.3201068623394 614.0252937733142
621.6869181362749 497.42242837891985
872.8905105931096 181.9945149650773
414.1706944018289 960.0761587874064
935.7765914274801 937.49533312659
479.1264400094148 506.9626309896533
408.58677288656475 602.9521360009693
524.8205262366855 903.9489619447495
285.679884022622 209.48120665311683
644.1423851470093 963.542864853175
832.5864052895811 879.3669027377888
526.8545984449772 447.3558871327333
23.858369146569977 603.2080855741746
938.8964719629064 621.0524067521512
175.72652409449339 81.44999728538775
282.44045132048603 162.07018166334032
920.4993643462765 672.7513443701098
721.7126019394573 50.15658006737296
717.9953621701765 882.9476523212521
748.1128055974796 830.7458770232531
740.92362751319 298.211881391559
443.96669858541225 482.4594200149793
341.8048163138353 203.66124997144053
143.45045660847666 459.41698352793964
504.36379565212576 64.41400540362841
687.8513283332476 598.7338695178231
422.29102594546146 880.7390850150231
173.10861974977212 297.44564952280905
110.25194538008151 806.6558425314824
569.7893197475747 518.065807226737
725.0603606863597 424.4969423969674
568.9162478761224 377.3136771036099
573.3816395950746 551.4901244353615
314.2287382457868 509.9865327064308
495.1629187037996 741.0436649445978
25.754315200460866 190.04293769948438
959.9086363691622 908.9048319676423
806.4615610692953 599.7712995809026
662.1130481277567 752.674224516446
606.3045409478933 267.93152999826106
935.3918115177943 717.5868448133493
890.0424190858242 458.829784172393
372.6524693632875 301.55387341864775
729.2325276905766 602.3103235220319
804.7374149514122 874.5282101466266
836.8479425603161 505.9416961407456
494.43987829201103 231.6460399082484
520.8915153446397 487.89976554205145
966.0966186640293 335.7318557674752
18.3854230486169 501.9184292232163
467.00020680924365 198.48136329982137
76.67766349230212 574.0298960004912
839.0097081378439 267.6676522102476
202.94339501800928 338.2342190710566
879.7752052461487 533.7719913785942
334.03579001791076 696.7504774976794
246.27490956148776 971.6870321878426
466.2609386469161 303.1388709578595
833.1434323705024 437.48516758205534
448.7610197518976 227.96714430722923
619.394005949244 382.0863645591986
812.6614200753457 836.4997231368295
594.7554018668841 922.0853564685056
87.09859048486474 621.5357210314453
583.0719619924646 793.6116195210366
334.3772609872955 416.5059110813447
780.7650067599994 902.5753532353692
496.22140980668826 274.7849955596103
470.4587467126451 368.2388615168623
225.76890081574447 690.1584806286364
983.54239910997 296.25842491180026
729.3816280171798 962.0398372914093
853.3369434538808 296.6510567542255
487.9294469217266 810.1534229654164
436.64287767017373 311.36940884820285
769.6502957821203 184.9804301197051
533.1329051885259 386.4402365450234
396.3174611955738 508.4040602341934
93.66126384892706 846.237202412411
584.4623522144462 883.6434147367235
385.3071265315981 427.3825061944547
166.29712833080362 415.34230905114737
655.3172006765622 260.88527570890125
210.45320469830898 386.74486048643695
439.441879704988 147.4025515462728
309.4968287937991 555.611383409968
225.56933595223433 510.80894387963457
611.8203454020802 775.6208874265596
338.6317732133843 970.644909916964
652.0591607555957 686.9653496962779
910.1586382961838 942.5868461385478
367.86624404015424 554.3591319573999
270.8556949089601 575.1309162729609
852.176803268095 390.4103678534268
915.5086216254793 494.20687744876494
792.2080383379991 684.8603247896239
394.55462626245156 792.7916131997812
621.6668228177282 878.315934465407
336.03816824732274 53.16277363080931
166.55997324864197 625.4060425060358
685.1717025720264 896.2532211157658
868.5159718057027 42.42103716177997
744.5467323969573 660.9493001714121
70.73934472493222 160.64813231829257
554.0804647349121 431.6044524754078
116.74960578032989 414.374917522899
314.9006459831178 145.5436167201103
629.0497272168125 662.3495568572997
389.1742864964496 263.9334939919944
248.38294645305936 435.6699804985576
295.2116864808682 767.6058137854762
685.7944528821215 178.8732766405372
851.3881744167935 947.3205543843186
794.1947590166955 948.5932124475635
361.92567942679864 825.9767508628838
79.35137050187862 694.8757571265064
80.60212042838555 356.8825540870974
919.4516950443162 747.5405905962449
39.12045515232454 85.88736652660675
576.5711321432931 122.32555101229059
671.8375677531052 983.8561396359024
20.796666304461326 983.8772197055656
84.17309982671487 438.9762788770044
740.982581162347 112.8221647623353
912.4893565468095 232.33307417065612
763.4301186129691 726.9864135212839
85.1297822291869 547.1121154954708
898.6332775429842 161.35052339521118
284.2448554587774 88.20297711160329
337.6447241101044 93.8803677552159
967.1326422281297 593.4341020901555
556.1465092875926 315.67629457319475
661.306158755475 523.1902148937988
983.8184337491776 359.5761074730955
231.69547650113603 402.4147585088858
660.9139215644988 639.8911566630783
857.2065188077181 625.1801264499044
47.23543587434789 260.07446343316036
815.0961298863416 667.5734047988709
740.1125224439548 177.37894612691363
444.0798738626714 96.12061468576087
388.1686580411853 928.8469445987141
537.6454835477929 268.134460212191
692.3481219721356 64.36956954964393
668.0575169843303 368.0004151682554
513.6602712711878 195.89518341596965
355.84550945237044 367.7545490930562
508.8078072503456 659.6996227132605
119.26313491455147 348.9783199706755
941.0887346654005 765.7039427621057
61.49245309590122 211.22253165237564
214.2913082409685 455.3010222518627
818.8553105152587 410.5055007561079
762.2619386169516 700.6194048187175
165.13551948840438 575.2650381777592
388.69621245094027 899.7778399922944
349.2164137017689 451.3460098401916
149.57301098138126 685.6018803679281
466.0680980264036 762.6947658292306
158.7919268115814 833.8898880141071
374.6016930733017 863.1697192714101
437.44074299743323 176.76107536495573
407.31344905652674 240.91265925700213
714.3683945698743 487.3149541485992
241.1270881651478 828.2583718701752
484.1665437533509 87.89231841583262
95.51071001329173 772.9398526474594
592.6142546897755 98.63932376023645
320.45495949208424 587.5124366738083
535.3061015419472 112.49309034175312
639.3910793818653 112.98278278967969
378.1500755145339 634.1609053883843
124.71861706009125 137.36909673359241
449.9966503595881 722.9160489397397
706.0564580029667 453.459452791354
626.4586188906991 163.07030601485832
112.6202341648571 588.0832491030801
458.94314871321785 403.83336940745517
