objects
390.879019892235 569.9547106056567
528.3341385624527 742.0103758404412
19.117258735900833 658.0569997867854
751.4330086552164 467.73195212431665
56.61768494556569 724.386431444178
822.1328631713168 728.366130771702
472.5261444547234 951.2390412284481
19.401170002455217 207.88214992121095
699.1336843238117 256.3505858188028
931.4630143974398 980.541404597503
168.19303417242062 779.9370819463567
349.8968876289375 704.3231080634107
171.56844911681208 269.85245605754415
93.64641470514057 728.857603066106
422.97565219066354 81.21206469601802
434.2609107824214 666.4218933896573
388.2392526091757 526.1756644550311
788.4920737138591 613.1051555117798
620.707395469752 937.176164240261
53.408549756788794 297.0948122316945
605.5784615465361 64.79708344500314
243.3836056273609 411.0702355914969
683.6371133438934 362.13364016898123
329.6990857977454 520.2729430942233
42.562956928581215 223.6986461513604
378.71172464500535 668.6094013962803
445.63063339721236 597.5813938627327
382.04831764243943 474.28581674575094
972.423708263608 372.4382200189389
493.78789934681447 779.0989293128725
726.3638123613982 807.3489235988698
972.5355634833595 688.8063557042575
513.2530616514651 324.6735836657304
331.370779875005 422.6114070852846
920.0141940755341 144.83223331471768
627.3382808276435 894.0503941754685
793.8766257210727 152.14938331572424
161.0863093049123 682.9595840616929
380.6890195367662 629.3674545314075
59.370764076121304 270.3757165168423
405.6804239693071 447.4613908946084
388.7136150538954 789.3714198470343
356.75271458448333 168.5899463849774
584.4677728346088 607.8027981136096
884.7857701558402 517.4130067463111
250.63697863528088 106.17517878567598
293.15935289570183 602.9874807990411
699.0960628101739 332.7792250966973
466.2194975195687 148.31947421050953
861.4978140726835 426.87424883389093
577.3789298573862 301.9491740264981
512.0534615183822 133.00015488297993
177.1952586886916 447.3462675210546
19.585357556109784 597.1217686238191
754.6839151515794 241.0445870477755
497.3765169362841 922.8250789987345
695.024376041382 439.8051334452877
206.38134445663707 139.026167839672
897.3383577628667 250.69708207581542
781.9701459896049 197.06310395725498
583.7929553773308 800.3157668840529
568.8848306914293 55.4938124303761
63.51513435802361 25.855671260963142
959.3070482093714 110.96192261390259
389.21614385876904 317.9252966009828
478.5691903044113 254.59065405001542
735.5321414444734 144.4645971927275
838.9799142091232 304.01225287863565
548.4454131315645 344.8507262692733
556.3609378884229 947.7371109055817
90.64774633517219 971.6586234682363
845.1018998231534 178.47180475166186
591.1451236305062 207.91486967479926
113.72968072308423 520.1254115656304
163.75805478027377 528.2072699404389
618.7266477150685 100.13256595250895
506.2202870665241 188.41112959696127
186.98943881617964 86.48500904629195
335.17130256637046 578.9977061997665
234.37063326535903 864.568920173097
440.01884547238336 337.4425566181139
351.8158133925935 799.4116821658935
33.15333619734352 698.9731248209343
110.73684158500109 352.2282462571012
618.6128456396822 142.99493801381274
711.1257606971786 927.7678703361247
90.73406118015752 439.7990065703995
652.3719896675545 251.1932131139449
394.53850492326376 973.1949474831147
719.3783116401497 25.159593959927815
204.28226335149228 471.8697553832522
309.79872642850955 175.19994935116918
653.1027528172169 487.52921611541865
662.4516954252275 536.1751920111614
421.3126966875304 978.283040083936
359.38267638798675 845.028054958955
581.985468544769 419.94082898303816
71.63478508502676 122.02136990273449
723.1881600887784 618.0364460826509
369.7499744754398 254.08290283165096
772.8380000544715 369.39771962204304
447.7796826854244 476.9316240565994
829.7348374933898 918.9518529821988
508.3457751883412 40.72387428454524
432.03395791363744 820.9237784500754
98.30336799350275 124.37131639733781
635.2098016461525 359.4100156474417
621.5516116996666 426.0958063641245
46.38497478670332 428.4758121832982
203.84443753689763 890.0027211597353
274.454833892686 333.94190249474684
318.1624922754999 846.8057284781203
869.3099496739641 211.35711857366917
782.3672566303736 738.0274331765332
480.9055700939364 867.8501987870616
546.8119936242797 762.1422480075128
915.2722616050185 535.4652992015964
649.2836295271574 829.5420732591039
117.52948667511649 849.1568312559124
739.4289722424561 861.52430397227
268.7529050245294 771.4522308568445
977.4885058111022 191.24261414200149
510.2056616590455 513.5970643825559
699.1681015735387 890.6097632714773
731.339172363284 75.31280210179298
570.9064022926933 189.03878861545937
137.1238449492603 749.9867948195325
669.6137000547085 568.0166085849544
556.6931225150912 523.1733493796846
460.92820162481087 670.5144545340128
507.02183985152465 465.29457676804134
135.18222144764115 387.98709815267495
792.0498035868774 116.05576739906402
540.6014955053327 271.1063144125488
353.9658246111167 489.62254088239797
750.9407055844908 418.0775601898969
320.9169317246266 380.7854803888546
417.6356314699144 188.60027756020426
777.1733530324508 548.4407251325138
823.8530944539679 236.81998440036827
872.0141974699163 916.3639853539269
474.88266152111254 376.3725982266774
188.61429719418638 325.6899505663712
373.23099259869014 945.8427029046159
347.112731810929 543.1062431946139
61.18055905600744 907.5149944076692
631.8654506106371 606.389213058655
733.8109585316594 177.50449116127615
871.7225272821328 329.3688100352318
341.63827048790006 629.4892497462653
276.6514185860317 578.2415652354111
664.3393316493665 962.9665408462363
384.49170423127265 833.5134138361735
949.7755423839255 230.01058552561605
198.9928349489743 223.0170032904577
813.1388286252836 590.5029843288387
767.1051812255058 72.37888950164509
15.347917278239338 783.3753444638753
232.02850117177317 816.7171745034268
701.3527441666841 59.63076570059848
831.8649773707658 968.6999761631336
262.8826786614369 438.11431463397736
611.6780492056641 258.4916157477079
960.4554192192396 645.9732813687386
423.33121513879576 780.5238426636295
208.21177110575752 794.0447495494936
974.4430690255682 480.8377177445635
836.7896178025594 640.4708583931317
742.2515414209505 785.260712850867
962.439527362754 150.0338716322322
672.3841975267405 877.3443863734086
425.0789401487016 230.91482378366706
413.666907875747 629.4632556070239
940.5790623854926 354.81687371181863
267.11002096557496 484.5377085080522
543.7705644673212 313.54139619418345
32.72611568066495 388.50781710531413
839.5872292202841 674.3110121960611
72.27722591806285 490.1599235258535
119.87230789045383 906.3180772455648
