182.92 397.074
828.095 809.922
885.646 58.0245
182.355 58.0152
351.189 673.919
116.067 158.759
290.734 866.676
116.672 778.409
462.937 939.66
227.724 648.755
330.992 435.382
57.597 889.712
681.948 821.679
374.829 161.74
173.156 275.405
671.074 254.508
286.935 320.941
608.533 58.0291
179.24 922.674
576.802 885.102
554.002 297.965
58.0012 405.439
766.047 337.425
650.658 378.886
308.429 57.3587
58.0438 652.726
413.767 340.331
692.964 941.98
885.416 635.415
733.307 489.026
452.907 591.277
766 666.882
826.897 166.387
887.311 457.492
471.718 818.18
826.776 941.992
177.22 527.695
730.7 89.2084
643.41 650.168
496.361 195.749
