233.114 377.917
829.344 769.718
634.168 140.857
114.605 59.1131
445.118 156.177
576.738 353.105
256.448 181.452
887.224 59.3894
886.582 941.994
585.918 798.418
360.709 247.969
436.833 608.367
238.749 731.234
56.3074 739.702
366.056 58.0021
404.287 825.853
123.638 440.595
829.311 644.724
485.111 724.761
704.218 755.819
668.367 262.128
338.219 942.993
464.078 936.972
429.005 478.54
117.412 943.496
781.728 207.127
663.34 559.944
177.844 620.807
360.18 708.383
682.239 879.889
302.893 484.918
151.549 822.197
240.625 58.0143
776.525 465.15
885.849 527.804
539.373 537.37
546.502 231.365
119.934 304.918
359.164 373.957
767.597 340.094
