37.3661 765.006
715.379 644.792
329.671 58.0335
305.831 759.795
453.132 472.477
579.269 229.522
215.342 59.4358
166.264 175.5
676.994 524.777
802.522 479.646
182.516 943.822
173.143 671.292
734.859 108.619
436.865 124.504
886.663 811.475
669.719 939.692
337.459 243.122
804.062 896.987
93.7245 274.656
369.299 564.042
17.1033 174.465
592.238 618.011
261.546 411.816
436.22 885.387
548.458 942.649
887.855 386.772
188.873 515.582
214.982 291.705
773.178 338.851
650.944 753.086
887.278 208.919
537.711 385.916
58.0139 640.647
58.0031 943.713
76.6402 413.843
837.135 611.925
705.252 232.606
385.098 366.254
528.759 722.243
146.366 823.103
