760.778 939.264
74.7129 728.467
781.898 229.59
512.545 462.167
409.543 54.7847
114.108 302.582
58.0447 115.302
886.73 944.25
886.906 599.758
827.697 116.222
889.172 422.369
770.301 551.957
593.916 360.233
347.33 639.309
286.047 526.018
706.567 825.985
53.0254 883.92
235.594 926.831
526.43 822.565
601.445 198.486
319.452 271.274
58.0313 546.725
863.875 784.111
411.836 873.437
411.945 531.124
163.314 496.626
199.938 743.061
154.758 184.071
716.494 685.475
226.915 356.79
305.309 812.153
410.058 388.861
58.0174 424.758
473.321 640.935
597.326 652.492
785.007 351.145
700.849 444.921
521.804 112.009
500.26 273.698
706.117 57.0286
