objects
905.7083552416432 400.14645088998
318.9685466941561 211.08611874923594
608.1818090422967 505.7666478960655
814.8342126498111 907.3813834085838
457.509950709293 347.8351234876229
455.1467727547782 775.6548222121042
379.18782245224105 710.201335066713
103.56722701573258 648.0155404012501
529.3270919223127 114.91020065646516
948.7080850219337 726.6545638269641
778.2666143357945 610.631921348429
203.51387327196502 564.9111174151516
272.2065909216846 727.6051728515924
464.2323848093448 55.217131646165726
169.9735576038124 179.63387948275394
630.0562084283832 51.59120209921112
366.64189549296964 817.3741496328839
958.5032726738463 264.0177290876712
579.5389644010423 572.1818472190186
862.725035087201 655.1072421460368
647.5772947163123 601.003961597212
109.07203196529126 148.26265869104378
933.6476403227902 605.1911418517424
565.5836729812683 371.27296058481124
965.9219771488686 559.5602242384132
792.1374979275768 193.83322523635363
779.9853094752982 750.0168482630276
435.5337106877293 113.91317880266543
430.1271972991006 644.71832425476
909.448289746463 100.59659951302987
384.9050498303141 386.1568270313872
603.0058705674288 737.9203337713369
807.2251022841276 431.69147147779694
381.30781306078796 555.9803566393537
594.2048062552507 946.2515329694544
106.28435260194811 554.5306059367655
894.4802407681351 935.8515837430891
203.68952699960852 810.8859659537856
147.26325890984722 61.83051809488626
120.21515868398114 924.7035053546166
