objects
910.4239940482547 563.8731489058432
827.2570593057258 581.4226299945022
534.7495045594549 518.9406330018456
606.4804132823793 660.7620639827871
831.8571602844207 415.9408838644522
811.8990927577694 344.11333169347245
140.67241388205812 554.4230007909385
863.6859002038806 721.9960178566915
757.006552827599 819.4947499326355
600.7320670263382 299.5245183832376
856.0192763524695 254.34479842465151
649.8427357142205 767.0300304475974
958.7270859444606 188.5662161415209
66.87743583758562 253.55778539462574
656.9180079132982 824.7471197001544
418.08665943489393 596.2776433985365
736.5637081291504 951.5485879671351
703.2316236883139 395.2468919308082
609.9082655234363 559.3859271636717
560.5015386850441 249.27969422025126
968.9470197283422 285.12841680176086
518.1758356206127 300.3220749848915
767.1862999685966 876.2715394705557
406.67865512802933 897.0912903655026
100.27419709850052 599.2363200783501
825.6570003591034 519.7805608973181
556.7859619564737 708.9817463470777
80.9813934475667 491.627985295101
168.0735749344544 792.4768431497058
935.9375326444937 112.63638065978319
632.2300189019318 65.92833361644695
544.9472424431367 650.988295080858
251.38495798622588 494.8223488499954
257.77343119662373 90.38334349639771
965.4310332390445 757.547609707232
351.0784670805938 312.75846144028327
539.1465216282005 108.29277139116081
179.39987447121263 963.6331825025738
253.87137167500174 346.1756804354543
945.5994305454136 37.978625908781424
