objects
81.80332014767518 136.79357029273777
275.25382445246055 41.45296182835955
643.3924531250565 559.6873093408756
306.95969663469907 949.915317724009
282.8288403641752 169.88549427345438
487.19482713071795 696.5466726289627
793.1091379624771 779.2872992234556
363.839120183439 521.6244027179208
802.0336777607415 833.5366245509315
243.0891734230907 391.1581650254366
298.1633464812157 403.2951086831756
970.0172937465733 54.796716890965385
501.21965246046307 219.92450696300682
215.3814419607171 893.8769992065477
826.4496642673232 161.27284645141526
913.4042774003871 554.7850402350421
108.88280707683965 46.553872841143686
309.54201796606264 890.7454633244746
318.6559919472408 279.84468861743915
121.75768468594453 842.7175772924662
621.4964921333134 146.17708390029534
238.58895113681552 578.6940067847963
432.50245481588297 84.73069434689454
181.48972142387882 842.2177758431062
764.9371360069375 574.9646753598689
395.0556979171205 801.2364304901903
576.4177499731693 959.6287876796832
112.63903038528856 238.56977012128263
771.2336008540922 912.509609760459
177.64905971822873 114.72669015155084
65.00004167069048 374.40889392065094
724.0730219107567 285.62986674261964
670.0520581490053 835.4464550216545
39.13789830286589 437.54244864046865
879.0503387176714 708.3693147424882
905.2178345398456 52.47560046753382
413.4532975147515 910.0121628521166
196.7016388146895 232.7287172868942
844.1963107540702 83.94899107168743
518.6751692214768 598.3500422954718
