objects
181.83282315878387 280.4712468653848
505.70052055851926 221.61996756978044
279.6780941110139 709.8586004097614
492.95643592702055 898.5888423488504
689.0514133922918 396.0746905959362
166.95085595538765 807.9142434901324
915.9009537264109 466.5008635855389
760.8516383333305 187.65934520765686
705.5692412991457 907.8416718545882
666.6198447165334 134.55222904570988
289.3854053453295 444.94980645543825
720.4558626150691 489.7269170711849
901.3891780474423 891.6924484898902
332.1224446240891 132.02691103069054
803.5117880553274 515.9412848244443
837.7382989757025 438.79884181865685
865.589822485159 489.378157726208
597.4696164953853 84.07450598896531
410.16512115777743 518.396809080335
36.58059864696371 523.1698626302108
839.6184087589752 663.2832562510149
172.60240995073482 425.2897854288668
579.7493394683901 905.4049968045807
491.93446400059577 488.3727191975016
947.1105735850651 635.7480707287884
119.1308328813305 344.0517866387036
268.804809213685 230.33425058020165
413.2448094409409 758.5806899813065
373.60405579705485 577.7826474991464
448.3809816832834 562.0474262117849
220.40976459105488 772.285037959138
488.75087405742005 127.54919156329328
508.77767894491564 820.6243515254768
863.0263374659582 751.0407289164511
547.7948891450307 312.79540969777435
386.5104041643125 450.27720385660456
953.0673656651444 914.7656756919439
269.23098898422916 45.2873375065082
813.9204483877425 805.8989061453733
623.8729652346502 395.2744293107493
