objects
618.9497591717092 326.21902052563325
696.7121704987356 445.0208331963971
122.95015059760601 553.3087401989553
641.0128230275503 433.1727405055432
567.7253453728556 827.9383008774373
288.7147752243176 788.475790088759
914.1874644554835 882.712224600865
625.6676045245014 176.943799588459
138.08720605632033 85.58005067554387
30.67020069498698 799.4847824815967
698.5838626871729 807.3584583062141
129.48129414720233 253.72851747365203
458.80214169538203 455.96717825133413
914.0495691155669 33.283972414511474
445.4808496366676 561.928317582042
666.2023509667414 531.6468512574111
458.6474253782926 99.85683811023209
291.13087280792166 692.2897084959353
277.1655136830491 843.59879734368
49.5762073686239 596.4585853432139
921.0021761807054 684.3198620512708
922.4982107394243 747.5162357053356
553.7398026056508 911.4752203492558
156.87250672505317 498.4649601430787
67.40186505472897 876.2902792303929
725.6278391383784 933.3367190609739
832.2845942456337 494.00947569620314
209.05522121637225 645.7556777593873
872.0824473778168 248.90691827031202
281.9451394913572 75.0736036552872
895.1109819149626 148.24773732646443
119.12691037713543 691.8326639072376
781.0406170618235 349.0566015353284
236.21163476960655 358.05432741638
583.635671313991 656.4959539713967
777.3748272416468 147.1995581065621
380.1133707970957 550.1435037519941
737.7628086001773 222.49977308881094
816.4907697744774 259.51025931394645
760.9096286453212 789.8117959355213
