objects
734.4690824664033 69.63195038972052
608.7111707688639 91.2983580502042
866.4971109486999 207.51328166687938
657.418708367523 878.4092212517292
233.55626863610644 351.8847077780969
215.6689303932573 670.9075978573461
951.7330569455044 271.59165867107635
954.7148801892018 54.41802568598398
260.6901377122085 438.6378067382392
106.1116455079604 759.0235592507137
921.0829666321483 448.26930447918755
688.9687149717096 614.6799899947165
346.4604756327225 593.614306344529
845.9120874329903 65.6760765057963
390.82456609892523 429.0959594045434
135.34837027496494 437.3732279697928
494.9571983660707 605.0566777851759
46.15545364034298 905.1825333626633
602.646333874957 732.9391378933001
918.5616495289945 801.91647028553
799.9430162766674 609.584812751915
916.1111330580948 636.3726450272134
611.5424963508465 258.1054755555664
440.61768484518495 481.19917320129804
716.817120718878 378.71465691062514
518.7547788482248 836.6876961655163
48.78573253894904 608.3752603535721
372.6799321124783 663.3326482913045
140.9438940045896 341.79295993966525
420.05183591759703 242.48270495230912
431.41771729620433 53.28544639004025
496.0498432536405 223.83994239304275
102.39727069741302 961.9086412700275
948.7558390236668 347.23821665749574
606.6725465486485 582.236507491881
214.18035796293157 783.0434678873377
687.3790135580828 252.02113558126473
162.75203630229652 856.037197381701
491.0787205101486 120.52442949715156
958.4667723345261 927.7886348857116
426.46061711086855 783.1138515286963
148.78031812853095 268.8954750093665
258.8626607252378 133.27574938783482
265.70161654647535 578.0760232365122
207.5449431502721 510.4068264693758
798.6576149508071 369.93526189395203
250.3958625494701 912.5722498925736
330.45117904287036 736.7036532541213
858.7503388533428 556.5921534837262
306.9792547097166 961.75472915967
780.9189189548824 191.06630803567316
713.8241950556172 534.2406769350769
64.34105921819759 42.87272279315859
877.672663510225 299.57791478241825
834.2466355357105 462.85584618386844
789.9841774086722 877.3047425158693
529.2353896746679 341.2437199099542
736.2917779571774 717.8100129101406
148.0329034901472 83.14851967737684
755.5725467867651 297.7409675121052
343.6556137222454 252.96422119870925
230.10713618944294 233.93427260075936
385.6157457278363 912.1802659779449
173.76706285266215 162.26836843008584
538.1060888967921 956.8076929031893
60.41294744310348 833.2637312624579
515.1782379444985 517.1236332582187
447.22547507760476 679.6222067633537
641.5264385257922 796.8544593382921
408.534998032918 321.72033495883795
