objects
534.6589006056953 127.42773916675513
691.5508716407844 389.4919435646461
862.7206805751838 526.2913855161828
553.1589238951508 451.7422051860146
441.09574031378844 791.8081821348582
917.5930401965066 669.2941541435346
83.23000097604096 732.4430103855636
705.8606586453556 117.44388466501088
369.87881840930106 519.3801089079254
408.81421239506193 442.59315044461334
952.3949258523778 100.25718869856152
79.86834549263887 586.9517368525024
64.74259627348059 839.8019184088204
912.1159147818308 253.6714601022004
792.9023215683147 451.2579400304429
273.5466615300148 565.1864135299627
281.3404800726109 111.97265054616409
194.99960332534425 80.62624790614818
403.85464335259104 216.47988241409075
117.15648073168907 655.0337705987562
81.7096859647313 960.3919644277016
573.5318101092577 559.7063367216078
381.4288140605261 648.7986972750712
794.2255210672375 752.4283283912386
604.0661930772446 924.526114224539
604.1211287317545 340.02168247411385
451.2431711587585 889.3608931485189
259.94737924045177 661.0918905475974
205.94069450367317 193.32357565132543
91.08751305366906 414.21429921072684
629.0152876503333 143.03231703051478
903.5947640138 594.6472482650245
267.3577556335188 369.635283953737
311.4677962724636 777.354651851403
749.8608545434672 209.90395994662146
274.76434458397586 283.006039923604
239.98904470587797 738.8485848930463
812.2511214498695 296.76697063463985
544.8057981784744 290.4227673497165
531.5258920694911 377.5210794457121
368.55490251374283 904.2513134067397
845.393188581604 376.4824084227286
282.84674786543826 491.23354632019766
795.3605960440972 902.1137118705486
645.1166160551655 838.0159624512626
51.69261171600798 288.44682037421205
669.4043605598316 725.4995297679217
319.95668737150777 705.5886970370117
232.42729250208623 852.9838075660117
721.486902858687 320.19193385421937
149.50548008779126 900.9110996722792
579.8177555937491 676.5396808239065
456.46457263338647 344.301755382181
721.6651660446838 869.1416447403608
960.3683238402425 768.082191776743
773.5690242940709 82.7899015421217
186.66545440284312 391.39248779829717
546.2463489243239 860.4011089747826
650.0687302789903 214.5189504988507
46.895856986164745 489.78902646499586
444.9723637285653 123.38232385585314
821.0347246293368 175.60908045709562
102.80075672813992 56.69151226324482
708.581656861078 554.9872055048982
916.2878484626133 928.9932220724615
517.847790555967 736.1515979445442
520.4419222331153 629.9716789346364
752.957311033804 649.5469723310481
621.5012796771256 483.66650076336595
616.3360448261188 38.17965385542964
