objects
672.3151127409953 770.0315534181847
53.928861653129445 494.7661796043327
814.2614634907844 577.0890145749985
50.07628761613762 649.6708038973628
740.2249265194738 163.37404141121795
870.3586580819285 388.4727749499818
255.4488707278332 589.7402469292905
415.6866312276223 859.9162777646328
375.14221320049796 349.38969748682075
129.1481114140264 83.13578479648268
628.5908364232404 110.82230918708814
178.26857523110687 934.4158739842773
85.15090224890788 951.4464564568586
795.760380424845 863.7831552504426
400.38659296528436 116.56463422062275
115.03392803852736 364.87693954149375
368.8002735976852 498.3315843097071
688.14399480323 625.14983306347
230.99327301097338 858.2450591463135
242.37750465605086 266.17688321979875
864.6525479952866 315.13237778406693
472.0817388001721 527.912675599383
552.9456323532322 416.3147809206692
87.49590159707634 856.0402920700383
467.5986314326214 681.6739168547572
255.24993120101396 449.45438682831514
281.7714312426626 519.4066526957453
753.2185767887885 755.5929846461502
289.09860652730544 107.46430211237933
932.4480265080616 291.0508365978057
415.491198244927 936.4369324405852
473.5912427270698 796.5298390576138
324.75670207908456 628.2447750619833
641.0033589372293 329.6645102179852
285.1961412254402 788.4308796066646
659.2729438966429 194.52015103364045
375.697597634349 795.5155799754075
885.6156951739472 192.31472582821283
511.2600174397996 303.78973671727834
785.8234133657498 321.4651476378658
541.2519778379021 135.4025491750781
695.7764528211671 951.4745370337765
43.69046450885037 412.22069814771567
676.9497500249028 503.8457230873629
623.1970483001417 588.9938080905777
162.33879736646094 275.6105152013639
197.64465803921775 56.19519496140528
604.4389670094155 246.82658960724137
596.981057559199 926.396949306338
318.892568795823 958.5111819242753
424.07988248284505 293.2787551408216
507.54115268633456 219.54256014713405
831.3266673847365 693.6553746261675
93.71398136759801 235.93182252696465
223.1061758448257 737.4278293354887
215.15031354941004 197.09876390045525
45.439240117710334 151.61975714910574
230.17898901707196 351.93186330502454
350.3042036480747 65.5253688684389
940.5873470312473 134.9727045953749
824.4630471715263 768.1171308688514
471.0443615482283 367.59191061557226
716.7643097879966 240.89643802306006
346.7187504769185 169.74631218781263
593.7059286682895 827.2177042432338
799.9511152480098 490.9633575360766
920.1979635603301 660.6342694570933
454.2652433942905 445.1042991235935
540.2719436219022 575.808326717428
43.5725986871291 72.431552043372
