objects
682.92986974994 935.8005059698876
463.871272124592 109.45509929980203
342.03107647846724 674.6352576052312
634.3440902573883 293.32292273046954
780.2902549685342 268.13634666490407
271.71254119404483 715.4294029093221
463.5393339793404 309.57551525117236
835.7210232125615 398.117485307506
588.6409568100156 809.4340699680055
680.1899750920076 574.8895560928548
393.41987524300544 268.0026254511033
768.3007918888745 574.1492967873468
115.10262222390163 156.90925192250302
406.9145987036739 404.59236662962
640.8983195868357 502.42951920254995
899.9361948148365 495.5701193121755
160.06515282141675 320.70376824485027
762.2543771275255 135.23623948919206
514.0538238666735 814.6536073502451
81.9909011133638 767.4129466367361
76.19928679750862 908.3412572143988
256.3126933465862 50.54109384020529
68.79567025544313 656.5550881413936
925.7310706244999 206.04888713296873
447.3998286903315 469.9721490961473
271.5108245863103 598.7133516162681
532.0079733547602 959.7174815544022
259.7543319427496 244.76683354611407
303.78053330907676 822.92150152743
229.74575270351806 782.3931469299959
489.9989580529516 658.6364106626963
222.39142194657006 863.3613554195597
387.0566777329946 110.15854173967624
872.802131606823 701.5734777141256
521.373989058771 579.0689409380387
742.6073110443698 691.8594079033386
59.66150977898545 567.9267726836217
460.30587896132096 944.6137354924176
399.1155651915092 779.1525808302222
143.94812540353342 489.0559687953528
259.04195469962946 520.7369405911209
50.79128777953143 833.6908149597832
154.93271709340837 720.6857953494037
874.150161582252 839.8463256738445
97.39584100153846 413.6618690466238
950.7969762163755 762.3223024545505
564.7977433015892 416.3949584276384
648.1047954005353 409.9098735022756
293.0826094706407 397.35346449168753
212.5966287108564 649.9327941986851
648.2589149489663 120.66267163407235
712.8331045626999 224.04390654163598
426.70272903945323 697.2822626333519
615.0832847938342 614.9235298325686
335.86507620045506 313.21455174015
926.736119089929 131.19501486120475
127.75191869598058 607.6872073053215
552.8715902479009 73.65709340206311
795.977814969632 741.9627307620261
881.9835506361933 286.05124550598407
764.9694473363074 359.5792369262462
37.39074202237336 126.99280425224076
958.7281041575598 362.1852767618099
902.5246110630763 906.2231576633128
456.0424920482984 217.2619653310332
156.21918017559958 40.4525101682363
853.7807327363629 124.32148640021742
722.0290140451734 814.1686452195138
362.4708408762104 898.5273480375283
231.22420629798432 148.71978749815247
