objects
751.1236883741038 116.6753653988527
572.5937814207114 621.9776587115005
53.11680194614782 395.88920583173666
102.75936664550338 601.0932843527083
391.2560474283342 490.19787402259806
284.61227665108544 906.7883789200766
849.4343005299366 471.5094545650987
505.6624528123193 129.55634410666127
572.0167467649076 411.42121833359676
278.98574779417964 230.53019329522397
913.8919235837025 283.0764417367435
151.31078343350367 440.5592549554115
841.3384095973984 718.0299097146705
578.1946822908851 943.0072103449054
324.58661380251283 798.7379730584724
596.9223814017738 742.6815396849536
450.41747478459376 705.2949980043362
481.7409375515911 540.3256579124835
722.7818580284683 710.6179185196928
219.5882632663574 145.6619945277577
923.8321155539422 168.0804261600154
759.9044798198273 599.0784453830823
290.73578825440376 430.67939492975916
53.45058221023652 511.03040917789485
173.64309568443676 277.45893778882316
686.9684424114098 944.8705801407466
650.8989470181937 845.0538944072774
612.6485163503615 243.7709517044536
518.4820953303167 276.952059079304
220.50874074371194 534.9158980444932
778.6884971358147 352.77312175056835
450.09568453382866 821.2654438188548
79.09252578878339 916.8730862548455
131.69564284352987 814.6627067022606
78.39604942378776 213.44285692739624
800.6575316495104 935.6262016586332
668.6922921530597 450.42859346316556
245.8525990075852 711.8558548972744
115.10586716513524 707.8421972506762
923.4974026914253 868.3619617852445
379.1223809636039 175.09510323750186
643.5728557600987 106.07082368058323
184.09972940238464 915.452137932621
307.82537052045086 598.9703533092901
908.1289622951574 610.1723021977388
310.95615484258326 96.09200834665774
743.2326973145085 812.6476318269557
680.113746695599 325.88788514855105
399.5577589352851 946.2050188282841
371.99528275911024 316.0654802034581
