objects
845.4617429724406 597.2774096674933
81.52299427968127 77.5282693976537
937.9311830397792 395.4071514495061
382.9304441238014 326.64919127131753
831.0016755985474 726.8522312249461
601.188877766005 124.73703548734062
412.7978057317918 463.3882859954948
92.60037061367305 818.7231776527457
548.019239699561 449.37747575236216
54.159268942550526 946.4258024892865
176.72468646598566 145.57943330801697
859.272520767729 463.51796724189415
484.6860397272592 361.49113595190147
495.1870370926598 941.8603625274046
217.80696150031673 724.918009386412
365.2243976278566 708.997851410864
416.8547549758106 219.8895529248719
658.143459689562 374.8166481186902
159.29686953596007 481.62200160014476
829.5398448755952 174.32598739736522
451.34898553153056 835.9958716721687
752.0142801945652 792.8831278229205
666.7996850267127 508.13459645297564
506.9734346552471 260.5910191060442
262.8607640581742 324.78760914417353
570.8104580454112 775.6061137569645
497.2053157305909 688.3017879377562
383.981491392144 931.8101058870899
309.5290524504423 611.2701700831385
619.7598225456481 668.1827651235841
146.18078692129885 266.4010572654865
608.2494967824206 887.4110246121769
930.9954495275093 221.92010169921946
424.3971009724973 605.6936136004642
291.5867010005902 214.00546645899237
749.0203591411827 316.21124593273805
533.2328661012161 595.222197044196
850.0013017982405 66.93354293220739
930.9129295709886 722.5816416487532
497.0745732187125 99.38935720462527
700.2850008649876 191.80157290207427
71.27891099999891 674.4206274041018
325.49402224475824 113.0314251993913
766.7422265569932 935.2392541342313
843.992464822455 830.7033416365056
324.26846803100176 817.3522298710195
745.053634298227 70.27645877254061
64.09829073000817 375.7957572661035
728.7255848360556 680.1992160924519
909.4818205463125 909.0439293874174
