objects
143.74972036228309 329.80888203950224
186.74921666546922 237.69898826747362
646.5251901270871 430.01127257720015
249.51482954238304 533.1948890805244
55.806470291422706 55.415945008206975
862.2998242567537 761.9163020734263
883.7281428234616 940.2889336790724
555.4745302037494 607.6889910864304
424.6609232742218 701.2534392518407
792.1267628876011 348.9388318062257
131.9345293661424 126.32159646001779
201.2626082381598 947.4227471355588
437.6770971520028 309.5188227275946
687.8577235211492 833.260101869844
811.9171175756636 102.12692797006817
492.16585135029396 917.4990108586777
732.028420528606 526.9192580169266
61.83970304292768 668.9522842523511
624.8251919866713 100.40762466803888
745.8459672901805 201.1266277569488
378.9100737320784 204.86347614493025
700.4160812437048 663.3356920642285
347.03777959197487 554.6616619412325
484.1208403645132 422.2529884091903
171.78759831681003 436.96992913462475
324.48983662471784 453.13239237241186
94.03062790410578 512.5383545290006
226.62810614860084 846.9785013184071
371.4838526905743 859.0852644984401
899.7714653150629 530.6643474176539
915.1326240525981 107.83841124155771
303.6400940373127 355.55812925630414
892.4226793175686 314.06334771888635
436.6742069835806 598.4444652601161
311.0979641841974 662.0068834456904
177.07116314592713 739.9937040781173
331.03473658254194 764.2403897442312
251.39820280787637 100.74283828269513
664.4098069743552 294.2309321020034
774.5360645638476 926.9669449561197
72.15892821625991 809.3551593178657
508.23381513806015 146.13361180626242
813.6543496226141 447.36227317723655
940.1758111787735 414.3364675735881
931.5466805429473 840.5708352477839
380.6400232302748 83.81414655581908
532.6868397673528 739.2729088725305
78.88270453951799 921.3721644315101
52.08557651875371 415.7663399441423
51.366542250443686 189.9378379678423
