objects
298.0923043231868 260.2067225997531
890.1696870598419 697.4139930957805
943.0567546425746 539.3389790580836
641.4730022908162 204.16888336970186
423.32002925101125 529.2730898587876
439.42482680591746 653.9016667767899
99.51487749411493 276.476948570973
776.1485811257048 418.8839734624493
547.9765667594523 872.1685759630219
862.7168243055639 295.7370045283329
215.31708699543643 440.2166534105629
189.63445123514754 541.2255882297726
323.5377967793665 719.1745801522701
578.1772531569424 675.2909398573441
867.3140723742131 140.95448261454484
167.49997669683182 931.1057933872587
79.56367440860143 64.46209255693212
797.7250145990125 609.4404627721269
425.803663516034 139.38285378008672
709.920855556445 310.53408771678755
84.55634035374183 831.5470519460533
662.6437945722175 935.1172362517163
439.6129052633522 933.2781734539859
559.6158888878407 451.6407537316984
798.6985875749526 214.9618660414077
852.4112530041652 486.3730691408316
506.95956386973006 220.5298354269469
638.417292263321 820.2380743406915
236.86961009875714 796.3000262401619
339.9000813782618 875.6568081296973
159.81572602120292 189.08766870426763
260.10643802936494 70.4049593179281
742.7166809542126 111.46143020138027
796.2966523672244 823.1897118222661
657.8893406037538 414.7691826372607
365.3555675902784 435.40577745151035
84.33250439573033 512.842228297031
698.4269252070965 522.7962568849662
369.7825446145604 55.12976178644226
496.03763770786605 771.888107706041
545.5832955939488 342.1996479823071
138.6787556848579 676.5930276408769
326.5307367080807 551.1660179584277
941.0035658890504 228.94517713400768
643.6548363321104 70.191732650897
205.64411795022525 313.42751905502115
681.8049357726475 664.6925388777851
51.68652596197635 420.08870302640617
442.548554270165 325.32513385293254
942.4555199642866 55.72992870480699
