objects
423.2852653253291 773.3886115024962
267.48187201234754 754.9359443006095
895.9610987631779 157.66174183015443
929.1365762111413 921.9012733881184
240.41690438300367 299.6950361571422
64.54499410125788 94.17081864957501
728.133359021624 892.3836772608664
63.23626438082178 344.5514735278608
812.427886562022 580.4533577714766
565.0610736055024 218.95042149131282
859.6634073982738 685.3716358112501
86.72801486595128 674.2303096995005
305.1197201721484 84.2044170598239
466.08849596396385 532.6990599160823
754.2374768997265 215.13446484452592
748.5123769535945 744.8239768263754
370.0454806401334 446.45777638816253
402.3842580973978 659.9593305398133
740.3241596437446 376.7740413127251
320.6959935121751 877.4230493467222
537.7473354368257 711.8219075129231
907.0070931511754 380.79598576871257
445.7255624871738 112.71386003591152
945.1854045624284 551.2655232104738
475.02615451701274 387.0974609862651
67.76232055532196 577.186975878178
157.35283060070253 745.6712049189076
608.9848625518797 643.2752747071612
564.8819147328645 438.45607239108614
136.90957918385837 277.7870211075148
812.9284163346239 89.24733165818591
723.5313483760928 485.1699738713542
167.98253924545725 51.58688804279905
402.27321463476613 936.4605915840456
375.958296852799 198.12326480266864
944.9749760074804 60.11416355010666
563.9672378416432 324.71641962408574
847.7994663397232 468.76430226641077
666.9576503360526 814.0435137498297
197.76643838190068 865.1750045221352
925.2750092237189 792.3235472236593
541.9359321694214 82.60176385019847
200.21255841641565 537.0400639443284
450.0864695089054 285.58270020555824
344.17850991652546 339.4744319493842
266.89802984507315 456.58712466690207
169.20518119283753 412.4342089508213
182.24948724545516 165.14979483155545
672.7165870309827 143.86847799312903
264.4229751555167 636.6718632698773
