objects
415.1096873388411 531.2270258896424
528.3731383143077 729.2315417124947
226.2067436990389 118.18961269853243
225.2405458900025 192.33301768252613
692.67676528208 776.6326962927125
677.1399328377088 425.13603401426025
737.307329689355 905.0183589430403
264.502667916433 948.3673878670601
154.82426878982955 64.30007714850497
626.8313274660478 137.39641513356844
56.75712743684457 35.685820077297414
462.6245668357368 22.84484131388862
272.06672725089743 370.4440604517303
286.5058437557621 611.5781331653328
384.2584282329818 29.483742068847114
873.2652651911527 377.0116833545411
655.0628596087228 218.58847247902187
599.7036872256771 653.2224747167862
227.21267363547454 758.97788667523
51.58026316810746 126.66072336984452
757.3901602359329 754.9383977457005
523.9727173615585 524.7453411408986
151.17842681909804 185.53164233263644
682.9191229015266 543.3384447099488
351.8772377090986 42.46382963951877
124.12315909811363 939.8373302875156
318.77133359196114 712.9109659430881
520.1865120395164 110.05294774797301
359.7363592528731 707.4192542390889
958.9453670770299 816.5595488840748
701.2294910843046 216.4400580276049
613.9164572083411 110.7949049018972
440.2549097086598 661.3079562620445
548.0734164327622 171.06036583233302
110.94756103070233 331.104103129324
383.9963669778087 392.1950934105901
157.35417196199333 465.0102074221566
382.1961484087307 423.85611833137415
648.1782160461077 75.61415070126962
499.4734999679033 152.12871986829435
743.2180379915068 430.78155903681557
867.5314731001591 189.19217391589595
49.502713660506345 421.3040783928809
881.6536753243987 152.94719630603188
916.8986722693319 359.7250297828377
294.8087119573055 501.2627706906418
778.919283919021 21.121298074278606
236.00336963772529 250.7080111110581
263.9243283603057 153.22071569801193
624.8131166234554 197.21651560380943
643.2332938289743 296.03783205078565
439.03684929327216 870.1082979767247
681.293903428686 895.0877032402819
565.5995399416596 415.9631377844382
980.8247544421257 919.9959537888751
363.45707305276306 115.32768144494712
702.2755242643614 501.71565032589814
61.969335419365606 344.8697612764879
523.5666226283282 660.4308781993461
863.1260009966011 258.5715552547394
640.6189067857849 862.2575712059162
463.2149604046423 111.91071289827207
415.208535115546 357.60885037758504
814.566633567751 82.13929952155083
612.9774749865682 301.18320948507335
910.8864856824524 488.68888270133436
316.7555595105191 421.03620522704534
805.2786388875215 791.058309793338
497.54738357441363 236.84882350079448
689.7372604656895 114.11184842093749
808.9465968220389 826.7832855942128
950.0777206474468 912.2626477576977
679.9923988665479 927.7424402308234
813.6415609953997 173.73624948441054
226.75198829754416 867.9820346491103
365.8528547169166 563.8007754333086
209.79583370282617 305.4357255989019
75.58760602438223 896.8544705308898
268.7367031225168 199.36417339954542
19.30035712808653 261.8857385036285
643.130501760415 541.5537561419702
885.6733926307899 52.585003748085754
722.244496336886 793.0808103495374
980.6438218814917 182.73461291236254
843.6199287583561 424.9431844888274
737.3012281110085 591.9134446063069
579.9843845207641 370.0785822012507
239.52877125657287 914.6018050914466
162.68484415782973 756.3519204122418
453.52142057185495 502.0308110942055
903.6596442305548 89.87720888822997
319.7343840810604 40.32640714593179
43.63449298382508 539.4278434721725
407.1977108706716 48.30776520938486
398.3297285229529 189.92161128702614
473.8282869436596 722.0706328111369
85.31542378682583 754.8446432165382
41.71867505302837 621.1181902915056
299.5143318669558 108.52629963176864
50.47870912370232 862.158048323401
135.43695394593644 983.0365301130337
574.1542857501818 191.25301009824165
643.0736377195743 639.7053174784255
729.014880829041 402.0277315666403
263.2449641587283 984.1295846317084
598.9288612100329 777.3167049957651
962.6065272554912 241.90771086691305
857.7065608112739 506.62641647846806
26.392369565838806 879.7030891448684
983.8402429161371 878.4188222722532
553.6709946864847 326.40291780775175
835.7743493601258 273.46396986014526
880.4122915963604 910.4328266353792
926.3379835417198 643.971683138313
520.5194402920229 286.3555014556409
614.3103915025712 553.7305987575052
702.5122861291212 343.07941715961243
164.5049861036138 691.3337243749794
295.27808516721694 734.2488525603486
969.4648018756733 477.1205051481521
423.6365972301506 611.6234830351501
540.9967555782573 21.57296243183766
918.4640282606686 460.9575928636728
56.477432611234605 201.2748271399555
741.7048791538338 938.1312509140109
483.51151236071547 593.0663039909733
432.994583891323 899.1747798706639
107.1208272947332 884.0442016456407
858.3578007722836 89.28393757823589
313.9460836756888 230.93773316717449
179.99773963147877 718.6687986973683
96.1862455211393 984.4063669651744
672.8102247982371 979.4835529220121
25.058888658613128 112.56387421077099
847.9665397387264 717.3134918469934
28.64335853129667 353.22587399238125
211.10744674874184 571.2785873849291
696.6651417873258 857.6001342997587
360.79117658772014 236.62482296554228
31.89204730227867 469.81459917019487
199.73998732089012 385.3176805616661
127.24650527331801 120.79632327881525
544.5611427452727 266.371794693147
366.3138218593231 207.22041355144597
753.2873309725933 499.3872892862718
