objects
860.5377791988873 888.0885099739935
677.869925918493 802.5223052952012
686.9822029753512 573.3991385619928
673.1982851350043 112.72194994435075
624.7797271096568 197.562869621641
939.4303950621974 80.80560268645097
538.293155474143 165.6527991175002
839.042195859125 554.2877585910074
584.8099200038984 329.4114076566869
346.572048556987 745.519560669411
908.7989166470951 308.8843078208026
179.47160536137864 323.27638496718697
298.6035294274125 862.3908129970341
39.95394887622519 253.1570880979756
618.603390271573 613.1730559529656
480.32095572818105 916.0855231136937
595.1262410079602 554.2355521928145
126.5429162794422 455.792809836313
904.8325834884815 915.9134335815405
438.8811482789727 41.71770890561136
789.736359399658 344.8387972217661
221.4713272803584 58.75070341813635
729.5308041536096 553.183781780278
378.9053352188039 760.6358128320247
190.53916737060308 77.05496681192356
793.4961415887036 453.9132337375242
393.8117947755536 935.4857743458236
289.3864303660754 828.2700980381165
112.62900361001586 788.2782181272299
964.4998164979545 256.41452801645414
358.7070345121901 227.2912310877372
446.6052326271555 422.3964078049679
843.9678994721692 694.5399930419524
653.5664184284796 308.41790099053
78.78068717145595 824.3066288823691
859.4652297466824 607.8112952947091
943.2944890719491 510.3810547251097
602.9534360000293 299.85847731016185
530.0448154703339 852.2507994976968
126.9328355258652 823.5634533944695
748.5999702918216 755.0702119709038
969.3068643992813 783.0886340780991
695.1363683957768 464.8712051134675
278.06238088420366 775.3442015797287
51.66873983521596 380.8923749762019
206.09443024604693 141.14205754993367
673.9254274225423 771.8594349343906
411.1665463933006 777.8699776804883
381.2405756480735 44.398538061599425
279.6990495822428 508.96051921265524
206.07760339905792 282.53540682808847
162.22756133996378 17.04208650329583
90.66570726790616 722.410291420629
648.205692612292 271.5977597240665
341.3087253111036 696.5206549899063
48.106098184456116 587.0275779505719
77.49842509475431 761.5696699150601
506.6999302279 942.6251149713713
853.367849576306 153.04916858500115
507.24862450440446 214.6652327799476
132.60809965883013 895.317013184363
368.15126398897735 505.5721995126935
887.8406720260164 787.407785738729
419.2353495826879 434.8530328259693
691.6724095135038 37.212648730728944
500.3097917956667 520.0431715428401
914.2571152451228 496.85804565359206
260.78517526057806 685.641197653174
163.51334241701807 388.0021722450812
75.70325979240634 532.9354325919996
560.4815316306018 612.1105795200564
267.44899761212275 396.94891689745396
564.842254965023 211.98438463797945
963.4543326020241 651.0790166500049
164.10804594790918 852.5624557757736
395.98459963807437 270.7930193075464
77.0627215924646 958.1631360595023
156.68569626850828 725.0127051490468
979.4600723244731 216.96987960723933
56.993783453093386 152.0579687369856
102.23705209070445 877.9157785579434
872.4477915315534 749.6205871073267
815.102012312946 878.375728901939
63.4078522169223 660.7196606128741
749.9767062674587 586.0577919292348
738.2078178766026 56.5535589664309
925.5629409538728 794.2689580825779
881.0716135885572 839.9570745516027
784.9574557609396 973.2754331228008
983.0257269111211 684.2512868577883
288.7315402915898 620.436251189026
297.457511770415 932.6672047630943
932.9739908008597 824.8528842940027
310.060865366995 48.409277413290674
195.44629798360003 749.3101581872888
593.5042342665473 94.42400339900057
749.4277654325069 654.271788440333
524.8416281473054 916.7800556494286
18.15378133482905 849.7516567968952
406.8977445992038 349.670155737583
911.2932238025122 248.80567295604513
174.06958685652847 559.2229071312452
107.13148532947633 554.8487721106322
507.51688499013636 612.5943455547522
352.65196525714555 83.91183546707566
933.4913383926909 934.6496999674263
463.13892899877914 271.6291656746844
966.6864487288884 33.26323655793157
400.88116559205497 590.912351822394
206.65381959968613 939.5386117080449
510.1230172954481 468.2290088028241
43.12389455906201 788.1507456425051
594.3890457336456 752.0411380664277
760.0399958123 325.0769287805858
69.69412518797581 312.6264494976425
362.0961672105919 277.8889574822166
454.2486938150013 521.8732461534905
936.09823475432 145.2340166178028
439.17888028585634 733.0367983287852
556.1480757820519 710.0814380635337
654.2506062332666 186.17838992035692
632.2184685982829 928.5125242515317
568.095873336669 455.4898358144832
26.05691500209783 45.139639807841725
748.7769306665065 617.3194183464673
793.0679657006376 238.68351189150417
222.75256164985566 978.9917133378347
940.7201041209169 899.5564922705281
786.6139656650947 76.60601298656825
655.6877979931777 823.407263436273
635.1087119364338 679.5230008441623
257.2432226655918 333.675898722804
551.24445931241 108.08825365859997
796.7054781612102 820.2034822452506
138.51424742594492 159.61000334716795
634.4507050737058 492.98734265252546
325.6676146783401 604.051870594065
965.6218847422821 727.7106881588675
823.2330482878217 806.4501039911473
779.2619301064601 881.8629515938804
449.3693461534182 343.6425676554259
394.51372909200364 844.7183177086578
347.86956915499957 355.39241150150457
369.6026412623603 803.2395758826862
690.5511266719446 839.8897986453743
