objects
493.41626901030713 735.6530792242223
409.84043757813515 709.5625406565683
166.6778667328138 864.0648325867153
268.36942067207883 213.84448968866963
814.4017549161189 318.6722917894062
409.27003069408966 29.328119225092657
616.066354292383 527.9625069970773
95.18061967664698 318.22166191818934
618.607352698758 954.5684035252543
920.3049427439623 59.54173612967592
605.6309778591965 254.3216644424155
568.5179021295473 324.29114052174356
901.6205611491721 92.57813785026708
221.56733457418213 206.1603105828625
571.630158103791 558.1813606575794
565.3163269269572 431.06782581896084
359.09463655447854 683.2835596457807
792.7685844979978 961.6300564103303
368.82485645159807 322.1395889882494
450.40563908997984 340.6686707533113
880.6853448987856 486.83340315850313
772.9080044327685 464.7389254653426
882.1347421153507 915.2725487471206
929.8746029522728 758.3396325229929
364.50274751855756 930.9111520341091
498.7749959727889 256.87375809866063
895.5841104757387 335.24556981981306
876.3240101617887 31.42342409453314
512.0627222611512 347.57041056117976
662.6993420585637 724.2485894092126
893.1909746889253 886.4525783850692
952.025655695592 860.5456942948816
648.166529441617 195.6844859362769
797.4406430896728 525.5814457733712
776.4461499541621 783.9479634622614
403.2582831024372 330.4011444202451
559.113553364996 248.69474814599747
260.4004422280759 632.2234320915437
347.26722836319163 217.58672686710008
127.55689645794153 557.6403809865293
944.2955105819235 325.25340806112507
645.2587251414079 248.309944767772
194.3495794089126 571.0826439089077
640.6756889093783 870.6135604090794
739.5969051450777 28.847982768786565
939.9049360249129 658.3614737017516
531.8189692838323 981.2958964424771
771.3990522938624 854.0248816815266
285.38058547451476 533.8758969102317
107.27705208593052 833.6778286165527
821.2918480286006 52.77555830781353
748.4756138982586 80.82759974231281
641.9178853583905 902.0233599730673
209.8713289523605 923.6927437103342
297.1849315165549 588.8683725772485
867.3226032736405 150.56138092701968
193.94322805397056 74.46421864044639
839.626346177092 233.39726730005663
89.7828996981122 419.13775274011715
179.53198378891997 309.6429288286242
570.2927403339937 960.7090332744406
706.8917984666424 584.6001299944494
228.77454029118957 454.9491398097557
455.9338116263352 547.7661580272865
976.9027335925683 749.2076712419232
833.5732467628791 686.7657144236248
359.57160205631897 548.8791918457607
791.6098568297494 223.1328192434751
732.3530834183331 271.92758131850366
693.6692430990448 188.61539593198364
98.87725068369909 522.834419694258
974.0485558693938 96.20284265021532
389.94258349888327 503.712368493256
307.47694267041146 329.4314750441527
696.3566226414019 811.9860237721516
479.30482048768135 588.3067453056937
87.08697233126244 656.3224874104817
54.20196415317689 163.6053068301235
656.7560018429236 368.79145364951387
427.90250779953044 659.5638603169538
959.5201522134126 20.58190517682331
589.0861980298379 738.6288288347455
380.10700918420673 22.968393056243308
342.61982143236486 69.15505912445897
164.58562162225255 111.60880501201157
693.0292275121204 651.1981372725675
710.742180360872 763.1756493577237
132.60386297792778 727.5595358755821
352.0305735570285 848.9129634564727
649.2864056993583 158.01232882688
849.7700674666219 622.6348126684536
569.9237668694207 801.4378668134765
77.82547275140992 480.95448776486137
917.6080218682072 431.251281917924
71.49631309145363 870.6625691919699
856.1384241591938 574.8734758629992
205.12512408599034 360.4425331510761
938.5590507998539 111.78039711070194
740.6237270686 596.3183590736543
175.37193741777443 247.2617599388839
213.84809478493816 160.4506893952432
387.65645189726445 73.97701618067886
799.1167010675518 111.68734879404272
576.672517950622 31.056338737201713
421.07463982362856 552.2400833115587
762.459090317226 411.72178061748406
536.5286955100489 294.0355628906889
75.0910497412362 703.7562617071872
858.0161016119147 520.8924391253709
125.34035814089272 384.30974037338916
516.4961350800442 487.2606342002404
778.8006780795156 164.8492827311674
926.0982760548617 359.0531130092733
128.15384128988464 591.3329467674868
641.8727094838449 549.2552589315757
515.3873594106499 873.218171255782
295.21547278208516 627.9045354053308
356.50585997700233 885.1817489614454
183.73679021470494 530.2749296362026
776.5872742672151 636.9098831778236
434.9194532435952 800.2302716705057
276.78719432406893 40.310106336067406
457.6483369433748 780.719153913957
275.7290388188119 157.28626351271961
640.5288903170789 486.0109052185525
147.21146211860696 61.52000030663247
205.4361545348226 494.088734608747
611.6420427059758 124.1553888513867
473.21962220744496 439.18597455101843
205.33154175496523 728.235223311806
137.97346482485082 254.3242692561721
956.2706289311739 429.7641510740546
37.29397152287838 64.24537660169725
842.23210748908 471.5817999867293
258.1185824443036 906.640107911424
84.88582362329615 280.4150916322075
467.71573946902663 656.5956876617784
272.6112742327275 879.9852705426006
782.2048502753494 889.7872727851135
665.363511352242 90.2437074668522
158.76078797653926 624.580233122049
166.261215625723 336.1327667030938
584.7302783686472 900.2508014159321
968.9522808324859 638.584903937663
543.9580256280335 514.9213764274936
