objects
131.03146823159136 886.5500527575098
432.6472669687737 238.85104761367307
457.69493433857207 606.9441992237523
15.393593347486124 97.87224240173649
527.0999467669224 959.3748238419901
595.5110555498575 420.8355094556999
384.5688184870033 838.5203053689974
840.0153082743827 364.8504010437843
934.8104612163581 740.4006437231453
576.3007510217775 193.24753722997247
113.56632393240564 315.1819744396694
692.4925672916726 36.748713230132054
90.24733725313531 776.113765801928
17.559354197718733 239.2147863386765
830.8315598875301 125.01964690771364
306.46857036035357 937.7047390938961
520.5379485989231 259.9161918175398
23.566741538643754 434.50379876459175
867.1635766516418 91.86647309020461
800.1389290279567 711.5568871478569
911.2096586553173 913.048843610056
195.67424015815692 72.69634699698443
860.9470896620609 184.7996135418348
288.394461014588 862.7876441586739
181.43930728642448 341.3389951883124
899.7817942500507 604.4001719632242
610.6452752032797 374.73486246411426
216.8550655512206 274.6050421405716
67.35336263388673 676.4380444191257
580.7954012680713 846.1164374736009
505.27282176289566 611.6951975212415
983.2148819486354 175.34407840836167
369.02515593903746 419.6648938398278
522.652924991512 482.9581933456761
206.6716040340705 447.2490981957679
48.30305679426415 849.6184062844392
279.6670088973377 247.84334383745244
799.6543294066679 961.3620701589326
360.6416504462258 807.922039630564
172.2133605270462 182.84718692360696
379.6004258129329 735.6681002964912
860.8231721327797 122.42950505435047
733.24816897525 838.1174619684222
317.24617825932773 361.7567830152229
748.9527945698105 504.3516489641096
305.97750597533303 323.45065258204875
724.8408940653527 365.76707969328226
399.03703900003535 675.2228991377723
179.44499608959995 424.2883413661704
369.51789858345484 469.46139302300344
678.973485517627 498.77500179489925
399.81791094613703 322.9658516068236
189.08520823080065 235.84400987755822
888.8538676360477 206.90602054797242
923.8013862804887 31.93215202394814
930.6725072789154 407.2068880295193
452.2722751752033 900.1611810967489
486.19465292924104 804.4847652002469
590.2953102960098 124.06426620160467
611.8558704955192 815.7035315221724
440.1348215052457 728.9544641192856
445.9421521037072 336.6671452668079
544.069058529661 537.5336873557319
249.7346813655652 627.6183231149175
953.8172733401817 837.7775337072623
700.6823048814526 426.24489494933636
977.3352308404696 864.9929645971139
870.7169671522895 674.7699846794388
585.9839792992499 777.4299591718028
323.00825002087635 973.1774561752414
746.7747623339905 98.0319421914936
658.1903931786896 41.61413959218309
677.8524492093594 787.106486996354
717.3182912622871 774.9603857720714
561.4402929527304 745.4618068389483
885.3477340166412 816.3432685124866
868.9365776896474 764.210438259288
417.5284258467757 396.1599155656156
512.1675478827077 70.79673717950647
471.03653643695174 847.3521977075419
583.332129666891 26.12395108432508
635.6573060152243 309.49553218203624
291.6707542462313 780.1409855370198
645.2376213555087 921.8120686009984
681.93376085078 119.52956028911609
842.5814213089099 588.8938526807418
846.279909773251 895.5633505962254
905.6011595856617 563.5138793269494
231.45663518759542 686.0472720244055
978.287607422935 779.1796085541839
754.5897458918039 911.8842316199936
805.589246382483 863.2740184610714
614.6814098688571 902.7729356575691
651.4914514033736 685.0859363201129
656.3617488456276 754.2235716874482
281.41485351213134 501.5331396528156
329.6342516780801 846.6921678995752
752.17279727179 49.95389231767793
31.038788128105494 270.3567390593552
748.4252708065212 434.5528224852889
564.8114893850525 953.0849305993298
19.924893958477607 165.8607225735534
604.4439716092512 532.2218898748132
698.7290523580624 237.5114295374323
98.95555764837147 420.0489384246828
544.658747991568 598.8001017466858
216.57486109572164 976.9693043499597
474.2126797070674 674.8856481631957
168.32871679177717 770.5754293619578
73.18058009597202 330.23845298649917
53.36972046571543 230.6913239221416
962.2042382870526 369.2710577660793
60.85292941927891 978.1617419384585
184.03598514690916 647.0249874229694
553.8519993835666 867.5026193799719
168.64346680437922 114.60078291197969
714.3512444791849 520.4207693421264
345.31517860653815 586.916942156367
272.1152186951245 705.6500689742778
218.05419688267028 826.8118798377795
328.83467733091567 431.8967340962226
935.415303381858 803.9506055704275
710.606360402232 126.82041681887611
197.5913496577314 736.0658786572058
980.7611112695635 427.75153581137647
751.495237205913 979.1317575318192
403.88795221629226 273.72587631764
897.228607446135 249.800590113917
242.88527018358903 657.0519310011863
83.22107775625926 83.2024557522158
249.96996078790912 957.3442561138093
312.18284906636256 37.94098138477531
200.41909012172837 531.9787974993392
107.05142450429972 662.9981022889029
830.5393557314213 515.0858709224952
52.76482545711577 589.1750854906439
435.6519305067403 673.3676575097326
732.5285690164769 472.7916206991664
224.59926255748235 139.82000358217866
688.8925391094252 651.6964667091769
472.4188670355523 717.2099400793154
417.2844614464789 465.04410224756606
48.920192972187394 792.1160880691689
712.4957517760523 731.8721715994434
935.0448535931376 580.0040474691567
