objects
509.6937238210851 953.4278503498858
352.0949325497712 465.3820185713345
498.33081285437936 114.29518418614393
314.3489006443652 842.8507140981039
845.7250677683211 249.7580502843898
281.05727073957615 202.00361577194414
151.4823195117401 726.2335997112408
455.3519953352039 842.037462430036
442.4903372082048 715.7618573407527
176.14849865107908 814.6250489323733
90.13531549643709 670.6482905006646
655.0536323183015 337.150528972682
777.0866067720846 501.55957651884245
265.68696388764073 322.2025225153194
448.455669963774 124.96791740677183
283.1251759001233 28.972744713436576
535.974208282866 254.14886969330692
963.3998076886602 152.49106810847846
983.8984365603812 278.96234228864756
516.3157573511608 790.573629693505
689.967038455691 537.2867939716311
785.2590996977515 272.8040515252618
588.763963975208 690.519732755738
907.0171088425773 295.2146410603403
477.31072930690397 914.9773290030065
292.45479670302933 466.31063147285715
433.3774914301004 812.8341833934714
745.9089189230336 897.7846868949083
58.04583010298728 538.9834880717016
204.40777671188187 548.0798677629521
532.1955997735971 576.3709985718411
892.0382426235695 354.6813258961387
787.2965253976785 708.6252745443282
73.10439127111056 742.8537142774101
558.5461356797697 15.536267583647925
328.37215571178706 690.1749499346611
64.68902696893535 812.4609097144365
313.21010171989485 899.9507690796073
530.4250162027465 837.3468024819604
499.57191944717727 44.885714845949096
452.20263566121986 444.9097404394993
433.91988468044127 89.67878101464457
105.57119732160078 547.0832314470531
190.31362281153622 775.8898975996109
366.45145083462927 169.45954356359752
132.648276757333 76.08393181274562
564.3824368813123 288.1153686482438
177.78902340953826 172.00677867167045
124.7826868693141 752.5321003847208
925.8142152259603 402.9043118438448
177.589399707163 366.9447400954293
676.3958162892038 563.9122267678146
547.0014809471935 397.6081811652897
581.4924909064728 638.6937165959176
204.1222981625502 311.22101656601825
983.8352924917097 698.4841476819241
129.74889883988521 885.6029236201858
598.180884759485 577.7349292181938
340.8477453870531 811.8036465014156
184.58991303716522 82.74639916972053
384.7493178484686 903.7404134410616
941.834523852135 828.0697133767691
452.7900051858463 247.6359828943388
373.12752789153035 213.90942046679558
325.9930477477109 441.0834978149421
747.5101425829433 314.4451846484524
689.1053602206202 87.25828955851432
937.4779413862074 862.5925323729757
792.1532555116034 816.8897276976334
786.6230464202899 397.6374377234062
545.5386907736945 647.2614508038251
712.5241667505094 704.8551620940742
463.2782025493938 538.294492321343
691.4410472451864 330.23690069021404
284.8365351059252 965.5260981108166
758.5207510686007 702.547097544907
378.4768321872064 337.0674801857207
853.6093161045898 935.5977050576471
214.3823271686357 456.9919799998814
92.29552019080707 319.23352448219856
460.2014097599563 365.30942499989754
257.0973598236612 620.6478952762394
91.96451874179586 85.20226880071661
795.1499890389496 669.210845260012
577.0766274493425 468.1297803260293
844.3907012803826 680.2093124583733
424.12127909888846 354.5338476412797
858.7235508439379 434.88948042356805
657.0930751829233 92.77138938879816
32.12141143112761 611.972334041008
583.8979357612226 783.2573420724981
532.2093183378789 502.7838605865521
509.29515306317154 462.0913388650548
616.2270399013559 757.65756972521
237.03425268289976 361.133542848641
339.33594863273953 570.6677322389951
452.00436584381754 633.7883599036767
337.3720078101296 733.5397627639901
293.18851399197143 644.6696425470238
897.6589261501533 133.74856871285425
835.6982427137859 885.3565407049056
630.2262532595324 658.3689878984756
23.084359981274392 907.2587949032501
119.80586398903253 344.1415175948472
636.6470960817747 42.37160569998062
770.1253769472917 68.17143180247163
896.6366251474811 573.4443994995216
58.992154792212844 328.7724314169098
556.933764471571 115.26938684404696
223.08292528815605 734.3682745213857
805.6125139609388 133.39638827877872
648.3727555392054 381.3945686291153
180.1296483318463 960.0600063113308
244.94709890387935 411.85542788709597
150.78635669498738 598.8629718337845
931.1134882676573 442.04496248451983
486.96747979325323 658.257162640427
914.8907258283147 260.6217741653228
180.32345009519793 21.75051725137665
970.0585054279634 434.32857145918894
970.2616078773722 572.7645595770438
506.87391281492955 189.3076923475942
78.40541596909962 889.4236684893112
388.9946607909291 138.33130501712205
381.8043312513911 40.555096887808595
936.9787299509442 574.8322001191093
501.3951702282218 490.94863171583273
214.5288340332031 210.99923766290868
563.1182614683438 859.4142230253666
478.463553597157 982.0335805106774
193.35627551573282 881.0476758223685
619.6771712665762 221.5249700722212
40.89659106663958 766.9230402914772
762.395081384213 587.2271802541258
952.762798237396 684.069631161693
637.3547779878755 541.9539504451753
513.1673598631959 644.4729474532772
414.0915713380516 226.57916902535615
873.5349033083928 838.7529304983841
505.1263590803404 735.1866903768893
879.8655628326715 785.849344800392
585.5586133058512 374.3028871232029
898.8183217340361 62.117236825452025
706.9077096348028 855.4975300794808
171.70832837023542 470.51776849088895
