880.428 56.754
343.451 477.609
408.364 371.957
506.512 279.542
263.764 56.9225
600.316 57
106.834 540.559
693.344 279.786
221.525 493.418
858.124 705.504
610.469 793.631
301.565 603.225
806.857 819.008
887.794 585.07
887.661 342.888
535.943 644.412
189.508 259.361
56.9348 849.755
650.283 414.702
386.442 826.499
283.358 758.243
491.112 760.013
345.62 943.639
768.789 619.499
469.622 942.997
162.051 783.968
421.719 573.788
672.518 157.728
699.559 879.879
290.586 331.33
768.791 378.191
744.853 56.9956
527.521 157.3
139.076 942.998
741.154 499.072
57.111 218.171
284.594 179.162
168.625 136.61
385.931 250.625
57.0088 718.055
242.198 875.231
527.666 405.764
860.21 464.177
387.215 692.892
104.471 416.58
805.957 942.967
648.002 591.455
592.93 943.173
718.04 732.476
56.7488 83.1214
