478.162 830.592
244.593 300.59
57.072 109.574
135.099 242.377
769.93 382.492
565.742 516.689
546.619 55.6052
354.935 844.439
757.436 774.467
427.577 717.212
244.556 787.936
656.596 432.762
309.654 405.779
689.406 672.155
683.43 154.423
653.059 873.754
760.143 57.0002
873.44 723.495
887.787 345.111
230.097 163.64
308.942 681.127
554.255 253.994
887.151 57.0073
508.514 408.555
113.805 446.965
427.162 942.984
476.179 157.658
227.087 498.293
550.641 703.215
550.498 943.448
168.603 55.9629
367.56 292.981
57.3357 797.07
180.075 682.02
802.667 621.676
57.0045 338.055
477.089 603.387
813.454 498.144
700.665 548.667
404.551 56.9226
353.245 169.811
796.213 262.19
126.172 570.349
360.747 537.592
158.642 874.257
889.005 934.634
887.771 178.554
674.324 284.973
57.0064 673.277
55.9165 943.719
