253.249 302.132
56.9077 452.22
887.999 419.747
721.178 421.2
543.521 750.121
296.455 742.32
670.865 943
476.652 645.694
153.942 866.151
487.144 178.749
56.6483 285.94
271.542 56.8792
861.643 739.868
698.461 299.844
381.389 243.498
238.119 633.256
744.413 699.109
674.335 177.738
628.124 503.156
581.18 259.58
475.755 324.861
359.489 863.906
700.557 56.8873
57.0722 789.066
791.331 218.044
371.142 488.945
498.508 446.676
888.21 545.151
419.91 756.096
738.035 561.968
509.148 56.7167
275.679 180.177
168.914 522.834
888.059 140.24
359.279 365.513
78.9076 113.903
887.905 861.056
389.873 93.9506
148.803 368.966
56.921 576.073
57.0063 942.991
455.004 942.987
254.723 432.177
794.92 943
768.591 821.827
887.965 295.747
603.695 381.518
172.455 741.883
155.634 211.252
644.59 821.962
