763.875 619.938
887.365 860.929
685.129 500.122
681.304 57.0016
92.5595 57.0856
474.674 942.999
134.362 614.585
364.065 506.007
149.53 942.975
610.789 285.1
94.9338 259.512
877.03 737.381
670.003 723.376
486.598 650.935
567.163 544.897
210.166 308.047
370.139 57.1336
887.775 365.751
887.73 489.824
156.169 786.258
382.239 380.68
493.449 325.191
57.0071 860.71
273.262 935.167
887.698 613.824
384.002 859.673
887.604 57.1067
768.001 827.297
56.6348 712.305
598.674 942.815
282.133 201.896
772.963 412.594
242.846 674.649
721.757 942.525
466.673 139.54
246.095 57.1978
399.858 243.838
702.186 201.333
592.41 143.455
267.592 428.167
248.428 550.774
792.281 286.535
473.646 774.257
279.989 792.956
851.993 175.884
484.659 450.558
140.454 489.802
361.953 640.156
166.363 156.991
601.379 408.699
