810.211 714.252
407.792 103.007
633.465 937.014
561.739 532.807
114.406 388.206
668.495 460.309
94.1058 629.283
63.8081 914.947
297.501 457.276
887.739 451.927
342.411 574.099
301.165 307.876
887.739 203.926
509.389 180.256
887.667 327.926
470.699 621.382
207.31 558.682
372.724 698.12
211.975 150.796
674.608 584.158
887.653 576.266
56.6803 278.692
398.459 384.755
242.893 820.842
758.225 943.399
250.97 674.742
394.336 226.123
780.188 389.766
887.816 56.9244
491.069 743.698
626.916 219.457
308.125 931.379
292.757 56.7146
780.325 513.882
146.726 741.884
184.631 942.913
77.0358 506.463
767.192 246.848
522.943 57.0003
442.071 500.315
887.74 942.999
823.127 837.578
491.677 302.985
509.472 942.999
668.409 336.309
556.104 408.934
367.023 822.13
617.682 730.152
180.682 278.551
710.235 127.688
