objects
48.76020965240388 573.2223317925764
157.97376914823553 253.7866131525659
318.69811766850023 170.1587431598367
319.82676520972853 631.643578064997
696.0668425661339 323.4846596186194
144.6488658722375 431.84432644164696
877.297325270781 653.4098282446737
381.5559835621219 768.0531398087126
395.9143715043848 136.3077491259594
33.84794082590514 74.91284445563377
630.6491087421292 752.7433473796664
256.50093364768435 546.6974911421044
261.954786726717 700.3645707535885
232.8015439323458 248.78005620342486
403.0366633112451 500.2849512099831
467.65286230297687 475.46654548493495
248.8958637621557 189.42975473660783
600.4146251490554 560.2794326099671
543.0387806709736 321.9663601001336
681.2056869341188 870.269296218462
750.7717037587008 506.3297716353237
766.2288572283802 773.8854320126103
491.7493204417499 216.98626262417267
777.5334429593473 874.1482394581639
687.2961626716688 948.0822032591062
49.40401799858519 931.7404000926322
405.1616068168483 340.82297442913136
690.7733459521905 88.63330101048146
796.9230687609456 575.2948736291243
289.11096711902036 451.2105858548152
876.1061446532027 548.7019585891909
953.0072829716511 795.2975993548765
621.0400755793613 109.3099431199445
592.9621580059015 43.14934192069505
624.1209385410693 388.41502983231175
854.9993267469395 959.3709381386719
242.68336588601036 856.7271074666453
470.7416227911146 393.0409609323246
634.9769245413693 299.3501437296565
423.91295468139253 909.0469899936314
887.7675884114848 380.73483707969467
822.1878588271899 378.11743382977494
729.6601603862074 683.2767536790249
604.4646853830716 874.6853878305732
817.2114320914114 223.18773019297834
176.4592014990257 53.9044108202101
329.70116026842777 824.0147303546718
443.2835053488357 177.45647540909044
401.36691873000507 406.01501358596227
249.6980372545186 76.05365937466408
593.5812552201586 938.123135249499
751.6524668002107 435.50903882760156
963.5725328411373 951.2960713112639
940.8572865077076 645.6253682661494
517.1270617783599 544.2266067991729
205.9725118945316 729.2237730229789
66.93828456158946 303.279597016719
650.6709390341689 195.35698100391042
906.4582324190773 729.3126906552221
546.4517878227592 760.9609795888999
166.2919830171654 776.0165524612037
136.24066111836865 176.31185981385696
867.9754034799741 464.95339648417473
654.6139827879529 639.5741776647943
184.03934671228672 604.6678890708985
437.1282647270028 655.4849913708879
515.3292859168223 104.42366355594402
961.2381313713263 551.1749942206909
501.2803818727209 814.6504120367872
591.6253817468508 815.4393020084564
421.6768988758573 279.3561519769827
115.56316488011473 374.84896180164765
764.0547823772212 188.0770091678731
426.5838052874877 42.75923122400803
250.24822443630651 328.28206806439
