objects
562.2806973992743 666.124266744609
714.1685548090678 931.8573388565528
590.2116100983819 425.47239514149004
464.51635761392606 191.6493716620019
838.7392048241544 89.95227501174455
162.72205324161962 570.5660189415739
170.16164953460444 859.044956850431
104.58501526353379 426.7829403314079
125.4431883654621 245.42341390037996
874.1883736303911 465.2825284722032
685.7079812180607 696.7744535179809
243.40593082069452 519.7988501604956
963.0043566625392 349.2013352428393
227.59278997313453 333.66116628910765
511.22079763597947 531.2783958812291
512.8715863094911 469.1084546974649
838.2767495097468 181.34368393461932
64.78731154078946 332.6972312068938
413.5347737564276 726.1428978754392
487.2790643042016 808.1950684966237
841.0480980722558 834.4368152502205
772.6307772569828 177.48783538635968
753.8940000697564 95.82176648533147
510.2331691653343 242.8998250652135
130.43584950540887 501.8028159392211
860.2468497595028 918.3326312036329
729.6291296926432 561.138115000168
181.90930117686844 461.6669117427527
395.90430611867265 115.83810663810351
159.68256339858056 770.143968165767
98.6461192615877 63.751548533448016
411.5577941931049 879.4945506310459
962.2344004475452 871.0010315087933
42.20652383440559 479.5632685465937
473.12194347541123 388.22377295641263
279.5488534335355 723.410862577181
658.3001241476742 243.30542658054125
945.6510144076304 585.23636872668
345.8409727835347 282.33916959382896
651.2704594729254 567.1980675585913
48.17597383409043 801.4319823583634
505.0919401621521 614.8020245679332
251.80231091405156 584.7543821443566
386.9254635108467 57.84837360998551
449.5853988649389 664.4556443035592
312.5265181806168 571.4940306488487
863.9139348286269 353.73699453564603
825.8416079353323 292.1282945361523
77.10538230041507 586.106154506322
316.47610111343903 678.0223626833688
145.43557266191482 649.0980866828643
954.512308411501 679.9741324430455
747.560806789771 298.3972045246265
358.4272438381054 794.2478833771662
309.14141923442963 854.9949778105882
933.7791437939686 750.8243548715762
196.75087288767222 147.9794184490712
313.8654668251158 929.6036777077079
934.2619295234797 72.40324299481581
783.7485410965993 734.8088565015391
148.79600580413336 963.1749695537217
315.30187451088995 433.39895735057524
952.9632603335046 512.5058659088477
951.2725968922205 805.1266865169215
779.7426145704738 961.5064621806813
396.2678069254799 955.7909857540567
111.98712885833095 813.3870563031871
946.9763557403428 411.4961871615678
374.79261073537697 497.6236256869432
894.0792186725721 171.92016255381327
633.9245110738556 101.44917778854202
325.6075088584624 137.5533295508826
603.063270799767 191.18719701447552
583.0039343494544 833.898130957788
878.46947078229 732.0847190394369
