objects
826.8049279310869 210.9605530965352
214.82729604394382 816.6797895870282
518.8034862185642 791.1068066926333
704.0573062481404 635.5465347379657
341.2550437227439 463.9507054952765
618.6221376592497 724.5338932715629
40.037651563910345 355.40704269587746
300.5883689419822 200.95452225047032
431.8825481435847 888.3711557075947
132.4892048852097 300.50788199911244
371.90180618645286 910.5482149337482
916.1327190615286 696.951787159699
871.48435821227 495.79286094038525
275.39120230771476 532.6608874957313
515.2742536487989 902.1115058927552
385.6678721490068 349.70593071950015
867.0352528415656 314.5062484298742
640.3334323601371 441.0637667870031
746.5005933165139 326.4402533814802
821.6931670086263 80.61178445219795
372.98935691867797 57.50543684311481
833.784064938536 904.1302214036347
461.1365533463683 201.52365881972557
849.2226833905769 776.0351612800047
128.676099998057 570.1547430293479
106.33797169832977 850.3914986601268
667.3855422266028 253.2526919467806
432.26320408094676 720.7256307046245
737.7677885924835 37.131181493823476
184.42618420456265 143.11273442619475
194.6803056896452 903.0831444621356
872.5060423525464 121.55810310066312
55.41492046780022 744.121521336633
314.7703484725912 781.0733469354965
469.98283420186124 466.17846177688483
335.515453745781 284.7738891316294
135.63527909347826 401.6797957793015
200.27315459792155 227.6165665913569
492.0356376750956 702.0652715870881
60.36017840864527 118.70544841617274
565.3757597149514 272.52756836415216
62.968999920969395 968.2335149367855
415.60456175308417 548.9558663137541
611.1634515867111 917.1295450847987
785.4746713962758 500.20532006838545
741.0993740113032 129.33172442367209
535.5868432035654 407.0942199952525
587.753421571108 96.39180065163592
582.7208432753409 32.07709307506811
457.1826942785189 626.2913013412536
306.24462769386025 620.7522613099774
50.090359707437656 663.3869071628867
310.9010648231258 138.7828345760147
955.8774511887111 389.82979721593654
536.8245056686222 519.0323118352057
255.67067686226704 943.1081578813842
45.7215690003065 856.3560021738202
507.31282563332036 69.99515686214987
138.80417629736968 42.174336403326194
717.0307070508061 909.0150008507621
257.12379417584026 384.1629304044745
64.82450967598831 176.59868091827497
179.53635022642155 634.574199976808
630.7750195759671 600.731956167538
613.8762997917715 365.36090074897487
449.2804162002238 780.2523074361924
409.6349627906603 238.52541599645843
927.8794408737184 68.92286730485735
816.1838370543231 637.8269390278061
439.8949567555332 961.3795074349993
965.3712074658832 584.0404563897024
374.13877926112605 804.5308160115442
127.71303525150262 785.53849062669
603.6836128971611 783.049350858201
721.7712450056936 711.6257535900633
