objects
440.64843105085305 944.1718991684487
59.43566931204627 327.3403099930095
940.2707178073216 856.9760076523255
287.1406308535771 821.5298735978141
115.040864494716 71.9429548318823
858.0743663158332 69.16529355989485
678.3582510281819 220.9895885649968
687.4757266338963 817.1008453459292
589.1182900872733 352.5848328810393
499.8536048746366 221.6894717652741
199.8396432799931 775.53203209578
648.3810027475705 129.9067981679582
578.7376169734174 774.429404861395
445.1419414588507 301.83904363674407
862.9801503821843 593.5453005445291
242.9987250114349 470.2605436011166
718.0674814952905 961.5636891767294
313.4528686907319 120.55807152276171
110.52613035759288 793.5429742257958
80.30233845304414 628.3794782105184
482.3569332948885 541.4578337003986
164.21343866385578 612.0492771514071
561.1774634766721 289.34737434540733
537.989006570741 36.464890826091
622.1285832310125 831.4419949334351
873.1931749420969 708.9491065699622
173.43660726886142 218.6991618155399
577.9642327368116 112.16566167917418
730.8798691265413 355.1409106211632
253.1590983008273 884.0574387054062
664.702733091237 430.57755069440674
403.9580794239733 155.85815489033655
790.2502187250989 376.7153044822011
565.8192710603969 967.2614173197053
750.874309002982 522.8414142251742
435.7253306049105 820.8411750610346
579.7173539204503 583.9485107300148
583.4463508021457 472.11190090643726
43.018006429444284 181.74095962147
817.8446752003872 637.4184802850573
292.5631549368345 40.722517521842455
235.17556033296643 560.7416358718752
841.6920763687456 473.106340327798
224.9503587618289 382.1721018353191
913.1531585146842 302.2304496623536
957.9067180218054 676.7692268716944
516.8837637488176 614.4641738438313
959.781186745118 175.5130139351763
249.76714007422876 142.6654143203744
333.6000899366963 202.14573812904695
480.37195476218886 470.1267931704062
690.9637261316439 896.677804869045
398.3256294097212 472.925138334824
332.87316295830124 388.39695738195627
665.9412589372273 48.836568390989434
968.5977395090861 32.84822993822621
936.5169291739436 737.7104481638476
773.6600616387843 771.0940826120367
339.1575199844258 491.59527660004375
38.3494164084128 101.41837289147759
371.3218409949561 727.2296484230303
508.15189773740536 848.2796694258811
172.4320483341917 475.79685593838764
50.361317707128634 944.4172299477601
348.39554929828773 933.9661282252918
585.5245808565103 194.85229777370844
163.61026889017586 942.6113869690101
478.6461183777517 660.7651703840096
650.6902426470714 371.44608319112024
291.34574008710626 631.6566243927475
161.67692558873634 678.5761665776952
948.2162197738792 436.4160973524719
689.4799363463795 482.22312817113357
382.22811576274785 65.90583911689845
732.7280452846757 153.91181361684932
