objects
254.22725099864556 468.7597866931711
340.5575594338119 702.2139176741612
874.7281407047502 170.16400807374222
549.3471357778002 874.5402256256306
908.5279599958297 74.04317328595886
709.5782258902204 250.6336959037067
343.29391901913914 351.25896181915135
834.0310830659394 536.0967654535466
444.73503721153367 202.45973868140092
406.356107409224 533.6083586696275
458.7865297467304 292.76658402724803
703.3256498557735 494.1477817221351
276.3944595709785 772.4515861325484
210.74349328460065 904.7601519469412
55.70698016811248 156.59086863818797
540.1516039851718 444.89539512468195
536.4437724475459 718.8502261357517
912.8619347037616 559.1071226701633
920.966474185606 967.1218877308352
138.82087628871022 638.3465814969348
853.6944911647684 378.7638822557838
393.19212186898176 263.2139734054709
723.8059268052066 732.0497479687983
186.99695936840882 369.10184981871004
151.24865731374726 253.35171157796685
727.9864361154781 323.06646074250745
802.211750972918 210.72975919732446
959.6049760739605 500.8000566455884
311.1242972376353 442.62986369032836
190.223097054801 299.7313576658657
695.9331860223591 842.5184939638984
82.22747106252086 604.8289336895338
958.3730110151279 635.915127911947
225.56716538927412 223.59193860111247
701.6228108412274 641.0031131075897
429.43515493806063 362.21380493474476
751.9241942440257 813.3768466503367
926.2663504827353 784.047155620302
774.3753541125317 928.6215293332544
260.00974849705045 65.71140149922465
773.44697272535 691.6079454750018
633.3252329931465 523.1423605646954
383.82320363328523 408.8815523200251
283.5355732762798 220.2575080084519
610.0524093884926 380.5564368578326
29.47847094841509 626.9937886457824
795.9319159053895 137.18570273466727
777.5843165594067 366.44459003355746
863.4921330082896 482.14764920575243
674.7517432495479 132.53868542200033
969.426634808971 276.06965003238776
711.5939561338 57.187065815267985
77.21026202422738 405.348435526145
592.8921541171475 741.4356283988095
448.5420104267792 774.0527344473649
817.0384821065584 812.3371544960577
552.3402419049804 48.24176033447772
77.85104229555566 40.81381635127507
771.3350894291785 427.2794837524602
474.41481387903747 118.59862752674664
657.3276978217907 778.8160699100479
487.5757108508728 637.6753881848276
334.1033352219909 116.94832402765456
286.4113653643623 338.8522224652295
810.5321525412669 42.0136613369409
278.22875599732276 684.0875772595037
591.0449501625653 287.07649516685575
442.33671783121395 674.6474127508179
508.45451786540707 394.77501561671085
315.35455408267933 947.2226950093699
707.2298775312508 566.3602833787888
668.04141472248 396.3167154789499
238.2122039040715 404.5122198080561
817.5364760842372 610.7000569108613
111.57191505159497 846.5255164657026
