objects
425.8550885940418 408.072967087393
863.2464298152715 143.11671849888327
800.8747481187439 347.0249551724454
747.2412347808615 794.7611330744559
821.9420912291087 589.5832872645475
454.2709552988719 845.5143722405369
340.7788316888325 742.2287571498102
608.2767227058515 454.96546508082014
411.24750788147884 214.70031166325336
254.43326598214824 712.1344065878446
202.7053996636707 555.4163400483849
235.78164529240485 399.55423942611947
62.03477956394094 673.2488262752458
281.8620578625928 145.16714040956796
871.5099419228881 260.1248017447385
126.0991961627739 580.013814009496
119.00822347127132 394.0469896582096
371.3702688081713 54.88405911178175
601.956720240913 366.31561256026407
438.0387409757298 306.3729792550121
168.04258813228805 667.5501980073099
286.7051473149083 43.117256191468215
654.6720742146722 175.71355680036484
874.7088574152365 932.3423499024019
444.048657521835 753.7786754352481
112.4773122833866 865.6887305817708
928.2713931527461 451.4296634210017
553.8599695276113 822.8225328573989
808.252600720577 749.643815431395
898.4898513598988 676.9675130618474
539.9790951505018 611.5434670977302
158.16681024441564 725.9961415995051
723.8513513447379 468.4786299540512
380.68767792225015 598.7499028069254
393.98766967846996 817.2710219046345
290.1592551738686 814.451001761975
946.3981059026722 30.191681506086244
258.139675627367 541.1290135831214
778.3848891896571 220.39123202369078
424.58385346940645 661.1153251774398
839.0103061883074 422.810886897486
312.32425482832116 559.9178277373418
745.6641090062134 915.5290710747131
138.54522449405107 483.77858549325896
734.9147366721369 145.96494517817612
753.1696623078448 592.2604570290426
624.8651961419226 774.8854248567733
41.42890114788372 527.9058946377376
233.54382111974422 68.93628526917696
690.9352277719054 96.78336607535095
322.704626530794 323.2047244765798
660.4331338890559 368.3195146063951
515.1605034035583 963.2393593841188
780.6685898673334 848.485670012596
261.37350008183654 935.5795809489663
502.00868947733653 897.6152307616917
510.1243464117237 40.91923676944273
452.2980997671235 122.96012564515291
262.55980403472995 477.43201717272103
930.7121703066593 254.59818759266656
221.40451833586178 834.3811038347123
340.73791245505004 861.5324231284776
34.96596177364745 436.6018203611008
55.70460024699932 233.93457452901814
257.7466723528902 618.1873358821608
85.48451219829087 620.923121970075
881.9232597020354 847.7308361338509
509.4748744765334 775.1299748614471
810.4045025428592 966.6360739639756
239.328847355523 265.8656375610002
597.3938696325683 91.7953944924218
585.7828565985466 731.7626560540247
175.00790937326346 318.63403991050507
832.5859803449924 65.89308075434522
490.1963868491295 171.7427197690534
