objects
380.3262706179906 490.3518568983064
675.5614854883586 408.8744335109272
939.2268824937962 382.64411645070976
440.63295028725867 524.0400564028848
814.0672453102675 568.2274746062001
590.9746192872655 47.9373356449948
816.3938552874293 930.2556707636741
240.5792653166095 769.4698411724775
595.6293244098678 624.0544742555901
275.776319818026 863.3106676177931
196.58392871987382 379.573142834718
942.0565467328335 35.77284750200278
408.58340715863443 351.97003496919683
494.3323151071825 171.88029819435013
61.134294228287175 197.33191286260237
111.4225697602221 235.93670315575895
262.0026924703014 943.7960802287377
480.86429072321636 599.0381661257832
440.164696183263 234.70522608877323
277.5967472993205 375.05581231932644
198.19612818174372 227.06085030910108
555.8407023923414 437.62343515729174
756.1721709402716 889.8575532682157
543.4308569321108 505.42848639187685
403.29357509103835 958.5913968674593
509.6364136533257 234.05829622001943
308.9444334350942 88.80811724465642
884.6089325370642 842.7646664435199
485.6696008318994 528.0673815209483
739.7615383684139 743.9041862740386
368.53785944492853 408.937757739649
447.83109768552964 970.3779576663146
353.0733693853058 748.3970807900566
729.5416299837461 213.63264734058757
873.0715568808519 405.2570121239456
903.7233527082944 740.679850096328
477.2649630557187 770.1011886871411
933.5634036343982 700.3609973746544
166.5320960268816 166.61895056769387
491.769744099134 374.18459059428994
942.7224100726174 224.85996717775626
942.9647135495381 539.3420329845263
709.6719575026754 904.0106575044717
855.7712729113301 688.1349803616612
445.78384985681646 854.936521141153
556.3999418984041 799.1777854580955
761.2353920667374 102.52621761795895
905.6254476197929 454.7183219498558
90.21312874576407 365.16536207248066
520.8285244542164 287.60887058466443
220.91571922935717 672.714013446109
844.9290605365029 277.04857662108486
752.9233863852475 287.5644301229146
296.0488408208466 154.4241951260302
322.30366801845764 445.06716698420934
746.5514941257337 524.6676223379847
691.4564883089115 335.02236909156784
98.5219138008333 846.4100417634219
248.70687502705877 640.5027103040437
197.06399174122666 138.68931162993684
257.81511121634355 502.14108265607723
726.6525047388521 412.02934714430506
143.88818808538116 821.839114803729
681.0050423799386 822.9870054450121
343.77386339289046 800.9584176086137
724.2621625873754 33.31682155106636
947.3565687984991 933.6548177156983
193.20732689844613 637.7873670494998
354.6621520300794 529.9721024153124
451.7999023637744 120.19548430614991
