objects
59.375715754444826 954.298138245366
149.9710216770363 132.23499256936822
368.5140364074541 904.4873789369522
741.0407799176364 279.56555916057954
682.4687224693388 791.1367974185481
858.1477001616865 213.50911743108136
527.0651943493425 190.15605418286808
437.6703994806207 597.1197775672331
375.5744107518611 664.5624385013821
119.69094937177493 701.5970077657556
309.28907696614885 255.7678627545262
175.67458547693641 431.10290518916656
774.7826372204174 325.6240357753872
167.66653438049877 937.7335096752774
373.23035077477147 385.89766640270074
900.1736505970698 126.71506394133496
704.2190253034628 968.3438798388033
74.05542757855233 612.0114535486441
933.721219415851 778.2882472657858
172.06721122741183 877.524598413131
560.6479036892912 346.0197197921751
611.5839553384914 658.6441571355587
866.2336942336502 89.42133946829814
343.12383522686383 756.1170051895434
511.558304076852 609.9921265525472
760.0563157580856 530.3659901861068
596.3731626069219 604.968999129914
472.03724164701174 820.8691247501274
752.7621553095148 51.14523177648717
484.66329420696866 456.74688570950366
43.27868508921436 324.27474084103466
95.68342539468834 341.377096067496
379.33814139607426 31.870707841708274
686.9205523240204 743.6291816609086
182.0472252279698 662.9359561912637
593.9275255129951 305.72924318967614
134.3690477601689 447.88202291347557
35.568541380155196 549.9327175410957
126.24510301058687 36.97779165649686
813.2338291781526 962.7172714882221
171.64164390410824 309.95417332353014
919.8316651974508 882.4059958106818
688.899926380273 645.1541908334893
717.5323356110847 177.50893323200242
392.71764569625566 809.6977887239547
228.5243190907541 783.6794627986241
663.5698571774498 839.2054512230203
820.2522371629815 397.0384797358368
572.6147651020984 416.69132029224545
301.5446613316693 859.8112450856862
333.74721313764906 101.36955037497559
817.6286533107098 572.1134869575615
618.1746353527591 799.1159505563112
491.69583742226024 279.3497904677232
213.86797523467675 401.3949516402809
810.9862764766501 645.1657895317658
73.23307950861206 29.64730735038936
893.6986276644496 669.9526369365736
814.031614941264 194.62811433224496
527.5191499124326 419.6680944131392
942.2839319562679 188.90654069105395
749.681421541669 812.1415264774432
532.8554977404542 32.54302395271049
882.0580229014016 802.4966301768897
466.0313955761947 411.9990681565549
935.0782161483257 504.5357574695432
253.6902336470549 960.7293601296241
180.8740590943684 261.4198342097377
133.8110709699404 218.19680869455203
437.6215494215986 639.8415875842071
