objects
511.92229461749963 126.44229352886332
251.70788112029098 776.0685471908548
244.1144419328531 576.1871733045646
159.43446957513657 59.07011971110953
667.7492233295199 711.2686491220219
469.156001984154 929.8411181658596
963.0984221380735 203.10051214092724
933.3032758241943 672.1437073318269
233.89561561883238 407.619533055082
706.793630534505 482.5640240648192
467.6606251557263 620.0444839072884
879.6948326202564 513.5358971391246
896.0770208876414 247.61597723817235
60.33358768449129 419.0239049454328
633.1461768487159 867.4208981276472
34.444801837487375 277.5498410996082
632.1226755809986 606.3320596144536
104.25727974593708 891.428683529869
920.833094057848 64.38738384739581
370.08565032781496 410.9271332569914
258.6595336104804 731.3680139652291
702.7729797054939 621.3400980017659
328.94831480245443 487.8949076138168
946.9295475792753 961.1995295572672
521.3567380487455 402.62594373184197
524.5087207462868 760.8771338241088
191.40587420890952 553.8547226716232
307.3389057847476 739.3032479098727
413.20511104354216 905.9003933555132
446.20360974143216 515.6973218694316
235.0379184404253 166.91903831440234
969.9309143221011 328.8527502327921
580.1391027625498 309.91345538088444
273.0812822961209 844.2515496446349
57.00820203573363 67.38082089805953
347.1905795865948 557.223927492351
704.299347220797 277.5876224840541
652.7113631814724 651.7590872781307
904.4856615181543 462.57435858084244
952.2056124687106 262.78223842097736
659.7984869644591 201.91189233236727
213.96577546129848 631.7169856619855
207.90311399940057 88.95647547970093
801.6953961360498 71.25897256457698
92.02412881797825 313.2315731800729
835.0444250743462 434.9740357231488
311.28572837127655 637.8254347828408
411.59901723572756 602.4199720392966
546.0858890427288 25.24787730077628
864.8898091124229 580.4807791098999
455.62175962837034 310.80602180310296
541.7241905236986 589.3640733996227
136.16402316477104 372.307263177736
470.2881263828515 244.86926243121601
847.3180297222095 125.26773885998239
246.64628792023396 64.59695205158093
454.9858685187726 567.7653209418502
130.25147589163095 500.37202354369384
600.6881929797082 456.53943280764616
303.9061282464462 446.482149114575
271.81387962442795 256.30474453148184
630.6746098054361 277.1325116463058
501.63627763010635 649.2039308294483
922.5322362657862 157.77901253672462
457.7453843632634 196.9397320687738
39.683113505466295 175.42401800815963
766.4376764869114 739.9624343035963
515.8027437661714 209.6736612153966
438.1111643684624 788.7632793276181
128.23286553164564 964.1559650461265
