objects
893.0439733944398 705.260665243392
531.6180007761766 953.2772584334665
471.0480502370994 807.5555098036558
842.6816335190313 653.4885933237776
832.4888192305461 749.8512813709149
53.865976930405154 149.66763998332723
350.01009128155647 804.8299367302609
640.3262065091774 83.47785243637928
293.0560674138085 871.3616547158199
219.48289427901182 458.8404139955879
948.57324587043 475.16106147787605
145.51173194850864 333.3915147362076
820.5545483166321 938.8520838978474
119.03282485211284 473.557189811088
485.86116340742217 198.31450196881835
405.3862089165353 153.93443801263734
565.5091265608241 793.296518597453
683.4290372423271 457.79652439060084
213.70410143577465 147.41414073633658
216.19545700855522 607.5115325412459
350.03529471991055 916.9342526140691
751.9306473757598 944.4546577947223
760.9832706944195 482.80635714952626
651.9420577742397 31.968311940855767
26.097619229626947 398.80652464775204
840.9757252730836 97.95277086861134
432.4217673548333 237.85181530522524
575.4649409801357 93.85677333966888
349.039155460497 82.60447258657572
497.0143739550931 575.1869190628236
595.5112500825162 179.62601162677615
632.6414422878082 201.44463525676736
379.03117149074063 762.8516625561048
265.28079489946145 955.1454167542197
277.01213560713313 248.29308980296645
778.7235072953378 545.0524331854317
127.69995793083845 792.1476590117356
26.475059317014694 260.7438434256531
727.6316642673621 737.3645703246406
868.6317233613565 296.0505359003494
683.5214491315717 656.688713106265
238.00567074647327 57.460363940088484
516.2602182010338 26.785586471060657
911.0594147038302 109.30638525828522
50.40936595946012 353.1294246108354
167.85164964215016 70.35157330890954
958.3723931894846 227.9777968031029
894.4033419753347 820.3642416369431
801.9877284650062 685.7591235287208
303.7490492901906 636.7923431033641
681.1591204434762 936.6532665451456
355.2213828560143 583.4955110779214
556.7181678744616 47.70256076967937
517.5234003184554 696.4048082428179
611.7658428428397 133.41662780687676
233.0951491421237 903.3752423739617
901.533689996457 917.2184295338074
456.77842970065825 461.6651974888277
939.4792956288268 874.8038260691542
141.84235208690652 29.293905732843612
754.9426480160618 887.7911928099777
240.6905193826254 831.3204119255462
696.4311883822567 554.616461404248
847.1210886137668 598.2952510398889
625.2995430598544 577.5664983760945
67.30520788943475 297.29558739939336
451.57052575903464 712.8978205040263
881.0103300662649 60.432590552725955
401.0749597246556 54.62255507876306
636.0701763979146 886.6647471555164
