objects
755.912681254755 796.9088097737051
203.33729630854123 724.477690282957
47.5995968096487 298.5965940634706
148.8646977989059 919.8199094749594
560.3481869779998 722.4731883168078
756.3545228706396 944.4724660269382
556.7804106254725 495.92986973715045
33.51293739743315 145.40646910162062
770.396898134927 366.37062225338235
318.2985464584558 538.9015938690773
422.93176222345863 726.5032168890117
262.38453731591983 459.0499265564837
628.3222647437237 461.570910783662
562.4418431856204 344.3553293867398
220.01304263749245 748.0373532972985
580.0467166590017 443.55954765368983
760.0530761238481 218.97321802748064
856.6230001811844 894.8944242972218
194.9056915367762 967.2856276069728
599.0852834028354 606.4282615281147
760.8001903799126 643.416256431044
66.99665939101554 382.5001962626986
221.5606046867703 167.83313915035066
24.19547230976554 334.91590599551176
82.72414663404405 265.27477682440775
979.5995295252311 30.76731435565117
329.55045277772444 296.37508464840397
185.52835353566184 505.95191010825073
689.9175735487929 304.30887534520014
624.4507377835948 943.0440620483887
806.9000160420866 761.0971008771571
374.9622436537181 289.13175005608554
617.8142505986551 193.58294532720407
933.9537147232361 236.6339641513557
521.9158032534648 752.4915449750529
714.9158775052417 509.7855487675659
636.4390200748688 809.0383398155735
390.34115290297456 935.9397800522215
500.5960303953721 334.9090446961487
602.4640232005626 845.1658463503525
245.8958775595619 376.05364517485845
342.1955378203674 810.0841816143202
566.3271857483105 753.2751493568321
381.1638370549364 127.32484214475902
681.039556625123 717.1420313474122
425.41671851608953 753.5295595983968
698.0620929105283 135.2007753117594
652.2884836610802 149.0783769520811
752.6734447248124 700.4067838136214
317.34622701857063 477.15173012551554
211.18480077374926 410.037645743994
30.02700703700542 458.63276051402636
145.726443209497 237.96446376751518
339.0168781719083 619.6174758803052
612.2713567586671 641.7096548730161
301.9418028709667 783.994341726409
65.00612723753378 748.820247904249
545.5827492562327 122.81162289700744
723.0396644517159 679.4551306213018
603.5381178325438 787.4728105431176
80.84041934083068 314.9533287280516
577.9170589602323 275.5464471110401
159.41273890175617 322.40652629345726
644.2559475416024 208.99299558993306
851.4974839896526 726.5766240079505
632.4059914673268 119.60933433457934
99.1796837566443 155.98747643060545
684.4437322958444 883.0009984003643
593.4991998636402 373.6001567411982
265.2115549611292 52.59815670333282
713.518225190306 897.6967508076775
980.7851813508344 504.7499947871981
844.6095978059859 432.05275886292276
488.3023982986599 584.7252384766475
23.817549394305033 225.75739254080224
694.9240615737665 190.22146073435889
658.395815273217 274.3705456736851
370.6098906170107 984.9397209363053
974.545618733396 713.4295838871599
76.27748061750691 773.426597028754
741.4332724524431 392.6842310429854
598.3214846244812 503.016628401567
460.1598871152566 934.2136589592285
538.3866092866953 168.35816628421543
190.42679460681174 302.2072263284538
313.88531338183657 334.560575816289
877.2079487583128 855.6476757890694
401.3565675626202 87.32544407068897
326.128195668506 175.40087302846382
169.3135765419086 285.8210346857618
216.51870030559633 658.2744564070091
449.2653443474601 623.388514000262
589.0598672092973 697.2431393847962
234.3817070588894 625.6484489199979
154.67635816802408 481.2359515795912
130.23236679899546 157.9110786337388
108.80269822475934 888.9402171934067
400.01331478256793 583.2528196611614
382.67395899949537 659.313109725153
82.54166058375854 835.0206935497711
545.1560419565432 543.8196703303121
495.11362261532173 830.0296948924024
588.4270132852857 885.3589037150404
146.32819655903924 958.6716753508505
130.19628146545227 617.4340928103965
363.17408209946007 473.589906816576
352.6911814503053 849.3827839334023
535.9709761694216 435.30706356234737
798.8669840792961 964.0340414544295
942.9593022392054 829.5388260705608
194.1371324589339 928.5018296985476
132.65904884810885 79.66772540626806
483.89638011111856 855.3269288669751
551.1182586358278 289.7968349084849
128.02903125796888 585.5115610092621
336.5880824911185 236.63442939988195
596.6992441337417 930.522972006621
597.4543012014416 545.7118310388616
566.4827497738028 229.91986140218472
221.4809746152119 232.75180565408334
268.8266630943855 147.4986098870876
968.5976423578968 783.3292850864581
306.552214714172 32.55637915877988
196.92607223892668 479.086206962625
135.97671085517374 123.79170441278313
521.9256909143061 206.89042652013742
827.2486464035925 885.0866205489156
375.028943663288 753.4739411530569
387.0281968064082 498.71348743864553
288.43508032317214 540.9228474991814
169.55767203872918 851.5842961487897
878.9292837131976 73.23677304848788
281.5425582488596 230.74603791959134
975.8545707864857 589.4373671773109
787.9497902887588 658.9809758605859
257.9894922728973 308.642481236995
774.5079550116438 834.53817556433
732.724570308741 454.593799282114
725.704451550244 41.7896967669662
795.322883361347 461.7988619438387
451.9813421699259 262.91113156441213
639.242968423385 905.219781838745
199.11150966733086 100.56362525363228
246.29333393763773 429.68739382185936
191.7787478088684 217.35359917254465
527.1867698376965 565.8954174151601
941.5459918446965 386.7870765988473
839.1147872424797 77.46579531343747
848.958618127716 471.79558559944644
458.9243628223269 965.1337912545292
472.3439963608722 696.2594660228784
187.18764885427765 366.37875837384684
536.3113636720966 821.9890413827624
469.3843396511341 199.39616534074864
983.6713254040864 619.8928854619415
980.5378219174731 849.3426796109164
294.42720983986715 363.6612887362682
903.5336742135107 534.064969240437
616.1392540621733 576.9335560447273
874.6166541173956 656.3591301179044
716.7678160502945 931.6053986691014
325.21611108258816 883.0048995705617
254.757585043558 789.7467730256682
23.887161423368756 27.006811906513512
288.41254492231553 410.1074496763593
951.5484655990581 889.4033550253057
115.16303665385931 220.67472282054348
257.82917803509986 723.5602435219478
443.01706532947173 491.74229792444606
451.3690735076137 437.29892159704593
