objects
573.137191365796 277.55189404393246
307.240606576734 130.25945953427922
290.958064953995 511.06782773757305
752.940806777895 659.3321224749143
382.83604442179234 910.5070255023412
481.4614575110014 329.6595537998778
617.9819448654792 619.027256115499
591.9444591351015 387.3332381249268
906.5455994450072 607.1225444513898
514.6650272116536 486.60664285411866
452.1860051408364 454.3913977163607
825.5070541636612 560.1560122967117
756.6876518807896 692.7479294186227
67.17322765576407 391.26588999004974
791.8087263661354 951.4140829543983
98.61539792541919 554.5945890074947
785.5010207733842 604.6801867727299
946.2263771055103 634.4947624282382
230.75818455988434 726.6212630432486
546.1946107451574 668.5752513301876
388.2557160697762 87.06883138769346
725.3243919144614 70.33279790473091
620.9722337284603 170.55106230275942
804.4614335604654 163.23080772692722
659.705516762668 390.70259959184307
470.4010630414234 385.1550112732349
788.7853748745522 560.9978300084261
824.2598261235498 513.903328918205
549.6451141964715 168.2230980837367
258.972112717991 495.12549028953424
362.8242256251547 514.0036186748522
222.09812367613978 289.95464334046704
402.88814990340364 165.62125855831357
791.8714529963997 671.2355903268397
510.7401802001705 129.523267672233
305.20230494852564 307.32253007388374
983.2365387994911 739.3961350575618
349.8531790147431 880.7270753081233
290.4459234117165 889.7131330936485
728.2353807109681 844.6816053604642
759.5651750506419 431.1349661952262
166.72371529027336 563.9912885785224
859.1680699297206 265.2124480489535
233.13748501291687 23.117174974029233
753.7020787667243 392.10712694614637
141.2118422775256 379.44800418463905
847.073828147613 395.0963135175941
221.36511923003118 925.0414869494922
837.2414318905217 143.09223184390734
229.82599387679215 372.62574429571634
956.5707416200955 849.5795516036251
501.7595726025551 985.1909216927817
985.6611999257246 51.77466952983593
830.4712820073636 651.0041508331416
415.97808029501766 511.6921571584891
249.21898445562766 624.3861194239386
808.798348466193 134.60421034745355
373.53744253403886 846.9191461077469
245.9374464096821 154.56066559683262
254.57038270571493 593.5265812426816
465.5566774186811 823.1382381576093
634.6547552763328 313.274042367437
617.0690735656365 925.9143548981459
50.726805880485074 597.4498109505604
433.7204820161796 745.2758357227199
724.4811628441594 339.1610036180834
119.04415440991484 588.1855733775622
119.03866168334588 660.2812719786814
775.810612737627 15.58738106044297
959.7575926641156 671.5973829934787
872.8735916293488 449.5470885469902
685.1646123395872 695.484577323647
316.3500376354546 711.1530342943761
591.2562749577041 315.22172161087144
277.5896079547413 20.730932212291467
483.3667033608093 956.7966818472096
834.5902882009096 332.07615280087225
295.77138683460873 98.46328558674256
241.4946504186631 843.8745479359551
593.0406944119416 565.7167068177137
83.3012216387707 773.9741592250969
849.7076315846991 35.6730599688255
558.2862850465813 908.3228455307111
806.8259985397425 753.9297948881383
652.7605180096546 432.5504649753266
898.0109918433433 402.09362128305077
506.41031502393776 400.4819367405512
343.5592277318973 664.7916509872273
429.7226893312773 396.43668040710685
740.222918334717 128.96505774829754
948.0576232197664 380.50207469098603
85.42715223380418 14.059847746476741
808.4638010586432 240.40487549802074
713.1756480555126 573.9879534007973
648.8249448829332 582.1786892560661
127.88030874148178 806.7039210040266
103.59903755373388 264.0652098507936
627.3041704273758 864.3133876404333
189.37492291140077 123.26486681681308
90.86656343112243 846.9598849729059
543.3664518598785 796.1047293345543
326.4054010394143 773.9394318318951
104.23500642446928 718.9613610819151
717.2070942875281 170.79332094558748
934.5987590835019 164.9981159247201
726.5367544005333 940.5682472907607
774.5487818632212 272.849315434824
870.9037243863878 363.2489761518343
569.5936433466437 73.15927617841713
167.08023103797558 804.0593592335405
812.3577601987305 425.2151635928035
195.1362807776501 575.856182365487
972.6182091513725 968.2542292872955
169.1303882602025 599.3598114879967
454.38657617077416 138.01591742745885
873.0837959301056 499.1037187929488
627.1523840568485 779.0281540803396
435.96292115036357 166.4568040958991
683.5933251827113 360.10402242022946
773.3424509131098 115.41692139423549
317.689173824227 917.140994105666
305.5662724309305 166.77934043191547
352.8562206418122 719.2793579304707
382.00493522557105 641.4232699084375
424.1328691175784 348.26214904230255
918.9478703229438 300.2974005566593
592.347902109737 865.2181551025624
919.2895886048261 133.86702653046277
776.4418741776911 206.52281475970457
496.4875394308681 444.5947257741373
402.773375167249 287.15996015249823
567.3344687908142 594.7661667722678
978.0784080605854 236.44949066966447
726.9866228437669 441.56516120261546
581.2635972703924 421.61479049401714
311.2792241621479 50.13379984254594
76.64621177248736 747.8509318581911
883.2063018115313 945.2890028443296
869.4557774690861 632.2350901417642
245.48176716041414 686.3031126295446
31.00116479970785 903.4310025400325
966.1696367738015 541.7866483650607
603.5943213458203 81.7031878727909
932.7984878118091 203.2991132417775
452.74002552968574 218.1248969325355
253.44786510678793 525.373133162263
980.4884348851276 389.5364270143681
63.43129078147729 272.21501562568903
675.9274267249809 835.6169756847333
318.4734492838067 463.5355704117772
418.21449682614036 107.6037555042901
821.269723219339 958.3254006916142
781.3068469519953 713.1180748556112
74.15283221512217 515.5719723664986
866.1822748526607 844.8566196626816
459.69451822838465 914.2634470796199
428.4824179490417 796.1970231269919
253.84972347167763 233.6077815656582
289.74495922270995 597.1749872178219
158.79088274527282 498.89719495228576
169.94080428266494 670.5329697131281
125.09095362406488 971.8170931920961
958.3171131394214 426.00412645084657
892.9750966022917 36.96420947537693
879.4835511429786 194.5812989813888
331.864305404389 217.22735515814898
802.7537815466968 629.161841401542
575.3261893372292 447.7125102773852
531.7034562773852 920.6997753543078
52.99430224868692 694.9656569024502
