objects
348.61340058589593 969.1784879098907
833.5030678689371 373.92046467533913
343.2748866842778 795.2977778215816
406.57669239781836 367.9902140111277
232.06056599475534 213.9083384729794
99.11492234166536 79.87712953596929
913.0762689119666 745.4377550027297
273.0337903454003 830.8787540978404
80.76147560193297 576.2055276805738
366.44407199022453 496.9392284819994
300.2446901391178 354.52911711412344
246.6440534584879 190.46274604138188
255.19752601289466 633.9581987310765
179.15722673901524 640.271402598719
756.2223253906601 828.3586258533207
668.8846340976478 97.05503060076383
869.0616241649367 493.25669714091197
499.0933737673459 230.29247948055922
729.3415034518248 101.50044523487956
431.77282657846104 888.9660241745255
531.0923107316922 157.41241453055463
767.7964607191122 774.6982268416251
326.8280888793111 319.6698650591607
185.34740178666542 579.3398456428922
487.81216843577505 761.3637088325803
81.22803511833399 461.64685437647677
842.0342245813434 839.1554167097488
766.253287437381 111.37349181587237
979.110854058829 327.5220623458822
938.5195255632502 911.9113943266858
484.7686996809596 32.40861185050635
647.5381013723276 851.9016526113815
715.9304643390997 822.581862149942
298.2598710968599 765.9894202769947
321.22499753906794 19.21371476202645
925.0596659269019 616.1260844548715
429.1808621438982 61.269587977141995
952.8799109924933 414.70452793995395
312.80826027390407 289.6316983585575
924.0701508201422 250.94901597576708
315.07447477341594 485.62753095346966
557.2978636972678 270.86351120796945
643.9972972935052 466.8587627786565
132.35896700406454 640.5888880061361
351.6675816177001 664.8983394131633
869.2600215321107 420.84013057635104
207.64736315431085 690.2853191605953
145.24057009732056 34.33402378567039
590.4397448054381 206.71537473743868
440.23882492875134 798.6056738079945
608.1581297181498 962.1631176861048
851.1842054450957 93.65886145578409
225.88271540774502 753.5643196347798
161.00329818973708 973.8354243964144
464.84982019946597 207.51698149312173
98.271813377246 635.7204378287275
687.4466979434533 581.2936844753227
203.5954454212259 317.1707469431497
157.8301854365193 231.5874885364052
720.629922257229 191.3798009529558
69.30850065652136 540.6964487702276
785.109188645543 954.8945538872887
392.91619266717356 638.5777704027568
887.4668738823742 691.1448315475526
387.80152857826903 292.380761536428
131.4995078919164 413.4939888552955
732.8797712634689 250.30778108791023
114.01941365023482 770.2392316481084
80.78319396375421 282.39733386691717
370.06450005234575 757.5271142245315
350.5254059844001 617.6061693195489
861.1772075339258 559.3251647955314
246.3202630555022 481.4585669772926
658.9979941462017 345.3507489159158
535.7320008802241 953.5022306407433
393.3716080037442 562.2485950302257
961.0994574053689 620.5736112877755
897.6149389229989 862.1763090829396
960.5528425507008 99.52634207287345
209.12289750478192 367.9833953771217
188.33820074935338 17.043093797778454
662.786628462945 277.6220509854437
775.9828527033173 601.4099477556778
431.2164217556071 444.59331833594194
430.86472340248815 249.7692480544777
167.27248238086983 96.70645950595936
490.4648252616384 518.4758946316683
882.4444661827036 125.39692432088535
904.7786211696257 491.7735397185101
140.53927164336312 596.2025005555795
629.3055838423337 251.88023583590976
513.6036015650268 380.50513040390246
684.6991845559369 187.0039351860645
393.04533116614755 697.909768034318
44.565383267296866 455.0103301559466
618.1728450015555 684.2548709579694
685.3891053426329 524.1376352286115
870.9115270730626 341.99618356255496
821.8056449328212 564.0902529215624
896.5230842746213 270.48603076988155
702.9923462019206 153.71890497683017
963.5454743876104 359.991606638683
237.13858140766877 874.0289349773483
392.602051446115 731.4153638362206
612.5480747318448 180.7839020455025
25.423664385494003 515.0363001644395
656.9911104088069 985.0771961427657
896.8772871678522 581.8584056764671
324.7891637546289 135.22926023856323
144.93374165877478 748.8158139162088
748.6841124065197 529.6146869551405
534.2015148882674 292.50382760323214
681.7722630156206 821.7112498638584
837.7321549705415 440.3000356009573
599.4461238725896 841.7989729993417
512.7248627212529 543.5877269884343
506.6782933935415 296.0634264290165
938.173523564049 527.3820249393754
290.051119068765 120.56796196050695
820.2497483545276 308.2662586200728
48.863819215792205 71.24588904508526
891.1369356100668 634.0276693647329
27.723328630333228 205.65818049847667
209.56526469899026 143.73248205209416
129.5408459551585 817.3323583034746
194.54850681706165 827.4712021590607
223.15446475081814 955.0492669618146
812.3577137584174 967.2608231952763
812.7120945939865 13.90181975431247
323.35196119810394 240.31310907863252
813.0005357128506 414.8576284244913
193.17536839533918 116.42842599535776
932.1006954714447 653.6804460935384
845.5711718540404 635.7538374887232
40.68001590121621 539.9123198046726
780.9377557273783 441.4803853876274
867.0267592808841 159.5512698165372
653.7704650981307 758.2429396815223
687.1891126057982 915.7592520275078
177.49493271253476 311.07294399512233
766.9851835547865 645.6423873286517
867.7023516491311 220.25047831961507
946.4952174964824 960.5947448078945
220.52944373647276 490.1605492062243
74.89111825412478 939.7082277757545
933.5068744059149 69.21019070574395
731.4563940451601 664.1011925650257
719.1334133200974 32.913969016816694
514.3918655076523 14.193841501252365
413.2169475305769 148.23506588184827
127.8325414839885 187.38362840537727
741.6910628177629 382.50668253160904
327.81951770305767 916.4242798721128
165.6201150006091 472.9454609611917
264.69445959160714 73.51480533727029
53.066549568120806 779.4300981990781
75.73741018365666 31.188500445035075
550.2654911718223 684.0189520443851
571.4311553616523 381.2064200552326
621.1620208421692 442.59372927632916
82.60433374290527 836.0939947698382
914.676263006102 463.22951269359476
68.33916793208647 110.82653146247455
783.0875275936958 177.59238659478393
644.4641777964713 697.9024424672848
704.8880800980396 310.1448080239066
802.3920421379316 504.8552406946167
753.3381429971349 566.2475733235319
281.5367471141773 527.1641196405221
378.44185625041166 875.6326539346766
