objects
880.6494134977054 230.65916681464316
45.9435459607752 943.9237174128209
43.40801740704575 132.05860261383134
919.167098225299 269.9464611900193
722.912964970354 260.03273659816875
110.67442263299158 671.4929765880714
217.14214836194745 551.6501092457002
916.0020924768058 480.0859191666974
696.432325335579 822.662468331848
237.8815138826357 261.37703959698774
24.112076833744837 416.6363853255363
548.4088655234176 742.9319520494616
811.7591012516024 416.9875511475024
593.6698824587237 426.6237859905471
497.7342246619225 507.38899328279075
266.4378022332883 572.7489376605456
909.6773322413668 198.25001702273659
555.666421764273 802.4916672249283
623.0722170561496 213.563417115248
38.43188909819173 92.35904092026114
614.4757904081563 885.6881152588804
258.8190821643138 26.003072835231855
924.1194158986817 860.5195005611916
273.53695778874277 861.938202509361
68.11526208577709 778.40285264169
684.9577507626159 590.521525379051
319.18966427482246 515.5907751150404
330.18613013649826 575.6760804836848
844.3266548863786 802.065997203773
512.8929716235248 751.5103065585727
964.8077511921176 357.67779322413617
128.18311129692177 975.7784591328772
169.52721907126346 784.6591565318041
897.8717591845908 659.7154586244995
575.6034545577068 114.39847851605437
928.1225960224118 932.0102475430128
743.6912226743569 803.8387439202583
925.5560124451208 790.1427519852789
890.3008914317384 694.9296899379456
863.823228343746 876.6777595545879
551.0496899263522 876.1109530289172
200.89106754149554 913.5164338055439
843.4468772286283 423.65196161686026
302.0530621682427 32.45619619920068
651.0156138435314 125.25231158970014
692.6476865969554 185.21979800224003
603.6198398475326 389.62816805235013
664.9573937935476 276.3189031354611
451.6346838390716 805.5383421077782
495.90313067837104 375.5629220339427
688.2586077576095 357.88699249092747
563.359563386899 636.0111972754032
325.6444325495812 425.51608864526804
85.75307578099708 60.53970158946882
650.4080022885762 558.7499501746252
219.3068870374831 609.8310413025424
351.02797203795564 638.2545689699939
596.7397771667929 568.7215582595708
314.2293923813767 819.4916098623991
77.32459859917195 533.7881443983523
324.69390585736977 387.59413700595144
170.1768703868236 539.198326020102
940.3350441899244 388.7657679588721
383.8291836468718 986.1696553843313
636.7231125713879 921.1118863378473
787.3550463565961 294.290188987038
512.9610341271269 449.41808513088114
476.766195173301 318.6639334088259
413.0473445994078 602.396814209006
745.3581503205218 938.3266761880703
273.56763820369025 520.8155239090063
848.8297138239169 467.8056305523499
368.65499991889266 756.1307671407291
980.1951985509095 477.08404814248007
386.68782901316865 474.0276509633624
172.3942208924858 461.0534864131637
383.2292520168588 234.9010724769992
273.17760935561284 918.273104579784
374.0581650383598 896.1185401089688
612.9422309233262 640.463708539681
248.68938509948677 966.5107142501473
212.88434280088438 29.473959791722173
175.88789981408564 75.09724585145057
258.20296329268365 173.81473431860542
561.7515411124377 214.64238025553271
739.6159702423807 739.105251478417
723.8790115417629 114.14006255745684
418.65389797865805 682.9899149422431
465.0860942941115 935.2434751617037
717.226821771949 591.3279427339228
248.07401491454533 552.9836262836501
118.42006143904133 411.47681865876837
841.2587334142152 264.6229256816587
629.635956949637 951.9340007547985
835.2294914377069 316.4196129505946
149.82412459847367 286.6670931190876
72.98696524873988 319.98486972314026
268.5735786806521 291.278716356411
43.43850688660834 188.7510531695528
951.1712563135537 292.8045413320494
910.4772627780387 146.7025010223397
101.03699059566048 729.974693330573
851.8415491302981 565.8800904213671
831.1183933908803 660.4840044431093
901.5520671406147 530.6384744129784
137.64147278113015 93.89624611038226
712.2533535470508 330.580539977074
388.1640419529607 101.1331676287209
687.1205200196264 551.6646594062938
845.1217570707579 898.2715187082017
607.9694358963604 278.3752551515163
886.6378975875647 922.9536253389656
753.5957342197726 831.6331801988157
345.8894409112672 158.5435135019008
88.74468889994861 486.91681845750355
457.396057486394 252.8590658585646
534.3889926268317 540.4812109571208
449.1167169964217 983.9300929894865
843.5369855227741 200.79081129021094
426.32625018203726 198.14409965179888
113.80794461685866 570.8299777760903
656.6434445579449 739.1117773523093
545.8470065314456 684.7376624484059
531.7276962711613 399.068795911771
531.2935749494777 142.01378866194784
811.4195824661581 263.4168327617318
115.39959344072736 371.10889537652463
227.68261938032137 796.6158247838034
400.89189545452246 799.9163831516926
266.1802261518236 773.6532711943669
765.5497920183532 106.2706069195101
269.89136052411754 643.7503663023462
118.45550263991807 824.3497029944087
705.1215859525362 299.1567330660693
784.3968268059738 844.1722899506641
857.1809750940921 340.2731428839294
250.52531672228804 451.8740139748713
95.48846202829291 804.5541631520908
969.1921717036149 730.7795920937351
256.18151122812907 616.6694136982691
898.9683680490346 823.8061233913731
99.36531525945595 207.04903403014438
232.69100958360957 941.5709357592592
335.04168338649475 39.396878848158764
70.39304399822771 427.97875175623676
386.25160721414466 643.3160598209412
16.557464241630825 985.6315026446695
245.92449326129181 697.7239452662709
540.5865442146927 90.15661122298465
465.2357139223672 354.54424024523496
617.1630528734433 753.5426581552343
325.64508207742807 605.587686857554
69.77602936513247 747.6174604895783
323.05912190177116 788.2079194624246
168.89985174596964 954.3336776889497
957.4878249011746 323.0381140675142
670.6684098252629 504.91889399423127
384.5148074529978 728.6318897878522
947.8511090362452 957.8810230566663
146.62861604008063 517.123676070442
292.74093268610176 582.3153238384302
80.10121371805012 954.7089716524728
557.2749286750166 592.8555860686968
798.1201373067444 943.4659858501996
292.95775755341134 424.63424609858276
346.1097728785754 894.5533836404144
913.8233258862816 435.5339855178156
885.5039339857243 62.53153659885922
197.4547579959798 199.80146121193323
230.2916960843278 739.4135353665187
