objects
563.0240803082987 276.9264891232927
212.12961677113267 928.8141327043525
766.0291964219173 803.9350604678987
419.16394257225124 456.2320301564303
620.0555900083898 398.8761695465879
370.9831059397532 394.4987561139497
543.1127369275893 896.655704778465
613.5718327693573 540.4043994058952
192.8122923270608 977.4524235024003
665.7504280500948 339.7959441390644
31.10183671268724 750.0710078322572
53.32127272575454 119.19083656871976
214.02007045856206 268.6632230370611
393.2659774986587 941.9539672639157
342.6621795782618 115.29435432269219
983.0441888390759 726.1214230439658
453.0955343090891 984.8914822809804
278.2691848966759 774.3541985788573
183.09794469486732 392.08224220151146
666.8875388550596 758.8421758831561
899.2881608845337 235.6203151969485
117.3852468341325 74.73738432338261
225.76253907079487 400.19837253396713
399.29898600998877 63.68208868591074
506.5446304456982 938.5454005151728
326.22155280829065 613.5973065993059
869.444600244708 198.66044758095333
257.5790537460886 923.7387791578465
92.39673371856364 736.1009227847028
509.22584288802426 679.9846467158651
515.7747854160037 312.87791950484194
705.0402917840396 685.639422200207
511.00435907072995 94.93904632322217
937.9033583469404 506.35956679534854
512.3716750760575 821.5508539045766
358.2164201180893 722.594630207693
565.4850417934546 780.5995591646795
519.6836467468567 440.02178794858855
813.712564058193 947.9813981900464
295.5381142700972 686.3317367713645
326.060629449088 239.92583179428027
574.3502335493471 308.7013035274874
14.657172675087057 355.099767764337
841.304470903734 735.0723630851497
790.4430587386695 542.0852303931617
410.68702866432193 412.2963789961391
801.1192160952274 164.01955680833234
374.3288911235384 349.4149646819325
179.736383577172 66.00589603301609
723.4849821891646 743.932450176334
211.38279385904988 706.2318746627221
629.8892353661247 714.9861253101844
765.4780519656708 93.04294689627775
154.88070735665806 160.65891299987342
681.773202682948 846.9214365991296
316.5709258981701 364.59162333670537
414.3838714498802 161.36521772607026
739.357980994985 839.108402271552
30.556539169288982 781.9682946368695
32.872304538648265 830.8863331870591
900.2067236948727 188.46129908545484
83.6202592271503 178.11422059357525
965.1281198230299 369.3019404792066
18.60764298102593 240.09178664459972
279.3367384759034 553.9890645592033
220.29706261531706 565.6997601412143
599.4716827729428 451.08511612721213
969.6661273449196 630.1124560510202
159.458679678186 819.1345034525942
745.1368735235881 621.008545686906
832.8607027561726 413.81245075002016
853.5147981999462 849.5748039640791
243.35873557879708 447.5755333071331
786.6324095982872 597.9023104196563
77.01714976522484 980.2805778648507
174.0675357372856 190.21163622698023
825.0567384610138 385.63165017782103
385.12878703626996 491.42148416324056
805.1990910450162 824.6544656385067
585.9805649019169 583.9097103739998
825.4560661950471 77.37046570713872
814.9799842149232 566.9044347612479
163.60970199060932 336.8843093852033
140.4121787493062 551.5999772243789
324.9441203105241 901.3332888462074
382.216336568702 564.5920387023566
408.87568220330803 870.3949269747156
858.384906451764 36.80278151795244
224.8788656380221 835.121114841643
16.901830077880014 103.31858826003432
875.6482519074794 88.4612729541952
816.4785099453948 27.785482040851207
619.1960509661494 216.23033105822
716.11796813826 285.88872801630845
124.8829666733413 681.690438220509
484.6841547419026 213.55161202814574
909.2395407210654 785.5472740465456
968.5082761833728 340.8262375012132
832.0945617905359 334.22919377008157
275.83544028483186 403.08041067842163
586.5673915614312 152.68238285837646
579.6729002810512 202.7799231072852
654.9645736943644 828.4856990363995
726.6050054996803 531.7390919158571
918.0807672959635 142.9210176911659
149.44918364401582 615.5503795199954
113.1272099989266 230.05950273218787
665.8877840310996 641.0762968397715
854.472883978398 816.2630669493378
701.9310106197702 114.97936030125311
920.0349946450473 301.49778881132636
317.15110050686354 661.6750378248569
686.1471387706961 30.568797809744478
450.6249243006704 536.3504489134405
253.4185463570718 128.43333730617792
17.592073554508577 899.7904729977198
909.7899789359434 492.3413174989861
549.137255452922 58.348190568949704
753.1821732477378 746.098152825256
378.1359615970451 218.90442118134905
717.2094040181189 472.893940760949
154.44544356294156 402.49458485558756
341.85273037820417 797.4709169711983
172.24283594534916 782.8095330635597
761.2032712496172 374.6680493857799
863.3666683115295 396.83831289828044
793.5702220514572 315.652259640264
908.5972090574477 432.36256819181625
865.5896194377376 336.47160875131937
845.540615924805 596.6616671840161
106.08360824907001 365.27256242413796
59.350285188221875 514.1452014075354
446.28063633756585 672.2481316683145
195.75514221897382 668.5202679119857
213.2774251672664 55.345158867065564
479.53635062082134 375.26660259388376
680.353074587898 974.1234925980449
832.4372954400975 908.3817537622955
617.5856723085196 867.9177196561436
275.60179793823755 628.4545779628569
414.30505946232756 330.082035570654
801.1318550439058 786.8301734784916
528.5176476801038 172.61284887503953
287.2486810159049 369.2264465965258
656.8626776223488 700.5548051009189
185.0928852859413 450.8688268999095
285.56319135517515 527.3148846571422
267.91829269748905 97.87397994380143
255.80245139816716 790.9474508507953
687.0457702448555 270.2801308339325
185.70645249871612 229.18343007588138
259.51275736864943 318.8798884966138
964.7936899333092 89.95667554468913
890.0648071652731 379.9283698775733
480.53837374909824 409.31896855043715
72.19899491370045 212.0525286237271
431.0836551395315 489.82556956500764
731.8303533212779 708.7089436758217
166.0366005385304 751.6062605102449
789.2192662022737 406.1250185006304
23.59008895090051 595.0677558180753
336.43088096657453 954.5895297801278
308.06998734211953 713.6478755395118
814.2594492973212 717.9470561040237
98.70304085115166 290.44076405991757
308.5630292650135 786.2342419574711
284.8456480282983 331.67623912177834
909.292553429243 605.7093675351399
732.5127861105553 928.3641935395872
448.5839584660229 574.4565520651406
