objects
87.1207223721275 56.73626457245061
38.39274412138903 419.7698624956468
614.6189658372239 822.9207377051171
415.3495527989509 560.6720434949303
66.61228657148293 406.0642402933776
915.5860914391363 116.57155756612453
719.6325182876905 787.7772833954256
20.90819527459538 125.12696763025241
96.86328347237011 511.93885826734885
594.3722965036625 643.465768455771
540.0906858588289 782.7229525154561
165.86603742430304 876.785822482137
448.8684400644504 70.33944944618888
204.6855904743525 45.79622891238323
843.0901347019571 775.8315148220037
86.69179848067888 851.3617070448905
198.5920107973579 344.8617296920223
296.4074466232597 281.1749670562021
148.71820550636303 602.7084514642885
438.96587285639856 609.9816001363937
804.6986126965661 851.9478313386583
972.3065924565692 842.931292583074
807.9793851204154 807.4963600324679
289.3398125854283 238.92846770459974
866.9869754346529 797.604289616547
625.9750828264296 486.0016192850415
313.7155424601177 316.9059233999681
483.0273510299674 488.0979520478145
721.6228596607489 574.9838983139052
874.1523240759877 640.9807752972334
244.35867565452827 231.45075756862084
182.0865479423686 942.6976365249469
455.1687022873108 969.0695791781599
520.2219410179936 108.69543318389616
885.8044991591106 487.223140767509
267.22507257107037 682.1280357087281
895.0356790189518 597.1866824062679
949.021311644131 658.654727777156
85.9734583152974 767.2025592318818
565.5860388186711 796.3535571107066
485.6280768510945 850.5861918723857
740.7032944104441 417.8054475997802
785.1431924542896 787.5089886990072
632.0921912091214 80.23297694315265
560.2733833487139 246.43482142695194
336.72921564237384 137.0788927996758
728.4783488296811 498.55075328633603
928.5136426536893 198.96049241920963
462.94129627960353 97.54005985991523
147.62439952157752 699.725895957688
112.36176625326637 317.8702038277525
872.3609857254647 903.1734988135394
736.0716407060224 284.58691567367066
979.2519520271483 684.4283169011392
401.89215806018376 469.903336228298
152.81611983155577 355.53077980326873
684.1747814133148 670.9865906064947
768.3796926734371 825.6956601167236
563.9696029300147 317.7088143959192
288.7177332766462 745.0101712814156
102.5869758202167 658.6498688474985
390.4244371896747 674.0400246007796
894.6552370186297 397.3658121716445
487.6169371405507 610.4100006339096
850.0816362276925 259.61398652588963
74.92951560764187 923.167680254744
624.1473870824774 19.698596322240252
165.62947087699573 426.5337009740463
764.4479637481555 245.37457541736964
171.0948020882976 318.41200723755713
429.12603159406115 389.2896300105444
971.0130631461794 34.60621026823637
306.1972083781865 110.8618493721414
144.43084837137033 181.6761932923185
899.8502995188454 880.4046278872217
723.097118351301 330.63013256038664
831.9414090382493 59.719983920951165
119.22580025165975 896.1264263481409
664.7404464944307 740.1549597997862
718.9876709684639 903.7927601765995
514.4210723850501 547.7782749444103
563.0458877582496 834.3846167605928
856.3084347449476 165.9753867160592
664.5113733500294 459.4908329016672
946.0309850158568 854.0082843438811
597.7088061504378 413.3187384791583
402.85039523398257 811.5553661222365
341.55532293083115 972.952168354981
609.6173248511056 969.9899443725669
562.3207056760976 595.0998082719565
808.9390479871637 271.8600637424052
276.7079755690016 574.6941785388946
831.4587739919629 835.0706084980643
976.8297962039037 365.0394619592619
459.95124307674723 284.2543451770463
691.2629753320562 708.745832954879
387.2843634727923 396.5436627712101
537.7964040698834 263.4960866524996
508.9455856326304 896.3447121031166
888.14118634704 536.5316074519566
273.0493660952512 939.0524924263126
124.97368687997046 205.96933909161768
84.99184147556696 950.1213962017088
917.6825802461168 656.5779649690794
182.4974688275138 492.8297873731131
839.6897456422338 620.5273349029518
211.70799915879235 370.9475565614955
520.2263075932485 437.2621575696794
866.9736473240002 360.9740723906753
332.0879508975159 576.9583147611
232.59770210663828 525.1068717642972
354.9069488248517 813.5945287859715
206.25695668258936 959.3267443374995
895.0779491508132 564.1876224435031
225.65370781642548 95.14384303588058
463.4883707431735 817.5728150204916
42.04029311448955 148.8061591118556
512.4247994660615 845.3375834370098
797.8189199829455 705.4943046980557
243.29700331985416 915.6132991990456
984.9756041376288 189.18971258737656
790.7220297598035 980.1085487452546
283.8714536649507 502.9547547531891
194.7733100224325 245.90034760612315
944.0270979400548 134.44856892115737
152.58409153809987 393.3833892299556
778.0425075608546 568.367903555933
543.2766559108805 68.23247941512952
229.1565714031283 289.32554591656947
842.3129963459652 397.08658565388487
332.97489871016245 166.9325031332784
805.9812759376966 166.97038217659943
853.5311731026706 105.72924072062058
188.09361889599043 651.4913185624914
525.9922036290676 962.3212081049022
615.5707275360637 915.7327576297688
487.110608930848 557.033820574977
382.25573976523106 202.82920408495698
177.42248299477924 216.0409457307911
667.888208670641 137.11580553293004
720.0216346647458 815.5620079932714
583.5515812220953 176.93062578659945
946.4756124809929 421.7958422056871
470.2943528719419 756.4224616023113
917.422592575642 444.28176571122964
976.0452498437727 871.8879412689832
247.55240008884658 352.2385550948926
243.11177922092412 791.3523606552048
165.06119861045457 771.0621449786913
104.84485759955008 94.17814745252586
756.8164600421596 647.7465817698584
371.2946205778027 451.8658659136729
146.62754724036543 902.5112959148857
59.59658427577784 598.5173041608248
369.63680239576485 64.79430565232177
893.9458941159395 208.6811649562189
526.663450866163 389.0816039852234
16.016165642551172 98.753469285682
894.9038279653021 964.9631386039923
231.73938950214514 833.7529844433363
429.31748955884746 692.3009114823465
610.1223502600699 156.3075493472957
685.2168378835465 417.86275351163084
20.244006294025347 173.24058062978332
250.62089133965569 75.85302424728084
377.37338625119514 933.1104151899838
664.2632081400554 218.3476340702061
508.54033304717524 169.40222178913447
706.5920521210895 625.7337358282275
931.9161302027935 501.3298814949089
