objects
826.576888688166 638.7105338429242
304.6986278748672 774.0937742256831
446.6094258242571 141.6893535724848
865.8235969578392 196.4980322610861
127.06950015623907 371.7408468499673
362.6836584306479 336.21234724336796
125.88603836710118 643.3658311770448
235.95704262759583 165.12610038094516
660.4982087082896 781.3211594305609
360.13104831334 581.0906982115562
666.0886932144053 124.02624412805244
894.0218138788375 874.4686296218215
744.0527055835312 394.991057305817
559.7310214330328 522.1405333625191
484.3153711305767 886.9995023972666
