objects
788.4981645446832 147.82077003788893
417.24727659693247 144.01295254542362
608.3058929088445 847.0084323356996
836.534372153087 659.3113689771435
296.48946630097686 468.4593404865872
112.41965352439804 839.2970713139703
594.9915066542462 273.90105656832606
112.93927582268607 374.0995578836385
816.5371782655932 879.3089646871043
168.91111915290085 630.4369381602236
212.4519633662324 152.2031587326552
634.4754079681492 571.919246268181
431.1241874867383 667.2878968744765
368.3000405409696 871.9079767629804
813.3725476703261 362.2333644731363
