objects
414.19850079740183 692.7255322172458
431.96966636290057 317.92044439886513
398.89334258295276 106.27950992309884
866.9120050245945 693.0967667447718
125.95259232848856 565.2252213406027
746.4164530742667 882.0450679489774
634.7053462194159 653.7671657467367
820.0717900143252 396.10456761031617
317.3945630502445 491.5217617859985
630.4060721027348 159.9419796419096
621.2346219811844 439.8171375319516
145.50745431414066 194.70760877535076
154.74608028052117 792.8670368083698
498.30667736725354 885.6087263429425
890.8238845844352 133.98997765373116
