objects
892.0435865620311 180.0719267737166
204.77173440584818 488.51475907778786
638.5774959212598 130.03358878132542
875.5786854427672 453.52579431463437
547.4478007049524 443.4330220397646
868.7192241947557 662.809511146473
380.5090196445165 609.8331914890655
365.37830631637854 247.89311264524628
683.2771726113358 878.8382823586301
104.24634496723782 692.6087619088757
886.7987491584964 864.2676147427287
211.75977555261153 880.0511969511073
644.4050671628567 668.2695777012713
410.99824565930214 837.5056766751758
157.05481711841293 159.97975134570027
