objects
808.5407403479421 341.65809679299775
830.7180027734652 871.6527951301382
422.27553595527434 153.12378481336071
662.5931321599012 631.3788682881445
254.98628263528207 667.1252089839494
190.25231548704855 334.71779552420924
433.47892370731523 554.4179476420368
105.8796539791854 121.23418989328535
625.4182479225614 888.5938017060562
638.2831067557111 170.28200553509828
854.6920127047998 550.7358330168141
856.4614441959312 146.29516338674412
256.22516186915277 877.2304717640073
465.275831262847 760.3772931756886
602.3938709222534 384.9356232077108
