objects
747.5897477554952 584.0046588442622
295.9929358304614 323.6454666231401
847.4149936970507 705.0305921918713
347.06029218901426 260.4940651624924
342.19735571672425 513.2993938595278
741.7090104857448 216.36991809506
95.20494673156546 370.7096550962196
260.5782411247455 402.70363405175544
37.61487240128379 87.6502553646814
734.6650670955264 61.13113175377819
566.4394951981768 608.1325108927424
437.2043694979298 903.5146358984812
821.0652869240315 490.92960976804466
859.9343523200233 769.260065337993
59.24646033192837 461.08717080491135
651.4820008075732 891.9058339604841
873.9253615439557 52.915843352454075
559.2920720621368 336.15926166041226
287.20013196124444 904.2623922269127
372.0025024207949 657.0268243349274
213.40253876249858 766.380774597697
506.21105821989244 461.5655242447081
893.7063873405767 107.13168325598767
396.44286188647726 483.821486812932
706.3518942730692 739.0264322193601
343.16949792399816 573.0703238026106
821.4374724645869 166.90708864414262
233.67793291455177 860.4059621810287
524.0989667885999 960.6833833310296
453.96021655850575 180.3342322612912
116.2685587294026 663.9861162459765
879.6750298747285 470.68135968912446
353.65663924165904 180.9637297149439
349.0041412729585 789.907873373963
766.3895483404957 867.3007347296544
708.2152475165723 654.0535071123975
127.90040106027166 261.5543032237212
54.27388589658691 662.9937150356247
757.9362166124546 450.88552455134294
282.520230421291 652.6903795005761
521.4107860311792 895.7805335021393
228.06214688343002 263.16095253700985
569.6832379471016 112.39580243162285
576.397297853349 822.8701095028928
492.15283483163654 596.8289902252342
803.9734236788978 271.61619728223576
924.902874830223 666.8273191156616
31.31387928318462 328.42770442510835
586.0149387463558 895.7960334823671
124.36665671904382 820.3770174463417
558.4309706833088 701.0295040522867
345.41553512928556 50.38386243919004
647.4604938235525 277.1279887835543
540.6775603990808 199.13453372247614
424.7276327228197 270.2006126233601
953.5084012626595 366.74001777698714
563.8979963073074 32.885200257926186
697.4687190321073 472.8742094345964
398.53793339752644 129.40829336796673
236.09724057129628 688.4384143522714
388.6612508669642 711.7457388648055
820.4743223748335 896.0613351104163
424.2684699842884 760.928053188179
382.4767869884641 321.1136791692489
616.2928786129188 543.6870646476771
693.9479189353721 173.60825030170153
254.39082753320332 99.30264319842846
227.69273083396774 510.4733321375408
868.6150422832318 842.0364856022137
957.9510404360178 47.93313119813152
195.07842104393154 609.2722366642276
537.1135287300051 763.0871653380168
947.8121718497688 232.53202158208055
54.13840402697356 603.9580225363046
494.77158441576523 260.30198849023833
