objects
386.8280760497265 321.96151037248035
677.2827348749338 640.8733780517694
947.3527653847566 329.235986564907
241.6924675278245 174.9528824995603
259.7888245406996 598.9143667798025
720.3681520937607 853.0252133387751
345.953946919309 844.241805604606
520.9717708285508 667.5625972541236
908.5828543162002 730.9518017743301
750.8374053683087 194.82351850599127
276.60466064262437 779.675045919402
551.1458895224499 311.72282563631273
48.43927782688402 309.10124026417225
297.79164132124924 275.05466241667824
121.38928244473833 496.3147253377004
455.03628562737174 580.8622199639142
766.6179407738 301.23404112421247
553.7463855501198 54.989526580069544
111.51084947261144 215.77310988202566
569.2920781287219 541.4540789022949
850.9813286917201 615.4990790470347
355.2740098932611 180.05359469849202
750.4578557247705 444.99190089676614
838.3850402889868 405.25752803940185
61.49734235910651 931.4106694480843
892.1093094182761 216.75624015892072
949.5085552357141 896.3001581927604
606.5290333897785 134.80626360681603
834.7545181900682 125.82457900028422
299.79781557176 485.92138879902666
672.0987321269888 343.93610646598336
621.0278155232149 755.1583835355252
102.35103268454196 837.2824417413813
517.1794481509169 775.6337755677041
204.6784823387715 312.83113648675584
928.2403211778121 58.0696439545007
169.6160459684071 627.6957671737678
684.762797740874 942.9685269309352
461.2036077787626 913.832471219046
132.2855488369076 62.55811158785011
319.04688226614695 678.1400897315646
361.39286552479484 939.161946461375
480.0179395978633 148.983304449098
412.9706543644544 709.3530452648442
428.40961244050015 411.26294233134234
565.9998047567626 425.60759140044803
64.44606760884047 748.4840846563247
170.87918825998884 945.4881800539872
48.96380339978034 582.7956236533337
291.68334636605056 55.70513081311157
792.0191005891161 745.8484790315326
175.55127938121984 744.2951440353711
762.7639518544008 65.66039034532187
923.3218323991907 502.33196346282733
642.9511021980475 226.95416844562547
