objects
823.2012912614964 913.6822244480561
304.2747586652604 824.5832375235925
409.6865100054157 849.2473519893588
864.4720842862482 482.56700620169744
333.5775263201325 404.6155318317128
77.91392164588488 837.6924790916087
546.6902403620138 565.6385979012916
92.72108749073908 420.5548505708352
354.02476481337 635.8895518651366
317.05548117327857 950.4043689656937
951.105062837916 272.2947323819097
200.63736384562918 656.5831801674099
862.9530030914141 88.48071992866858
733.8462024977525 586.24273407286
696.208883928487 782.4751845510427
624.6212435011132 284.12886898399125
400.519308042356 173.99939586593666
311.5330964880643 262.32197089069564
519.2105818505011 355.6395673564957
216.89543924544486 428.5374448910445
224.09350980441144 198.41761460504324
203.59978987419038 323.69713879950547
103.11765756133039 56.75392030947479
521.1700270506053 934.4802001011215
702.6111186036096 178.2006655176789
413.9378130132742 284.306953537559
66.74899190752814 184.87612999807752
642.7483109102227 519.1929601716816
571.5162328922688 104.66517252082924
70.18873820221654 942.1035628029686
542.7978110528438 708.6257115658238
226.0059301895549 565.5233576872688
725.5021549292635 931.5892026629833
358.6898399477576 512.8603163911243
774.251033718928 304.9074161739004
814.1419443063864 785.266243093271
397.2170723601676 74.37044134945593
844.9307988640983 379.5340589945966
926.526174894685 633.7846605673406
945.8216126711623 768.060993797269
828.1390107294396 649.1434654726168
116.45043848564484 597.1239120891757
205.86688146655595 104.12285874096861
759.4757259482571 63.86929295815968
111.01561530973673 725.1013265303593
642.739185469243 405.34622794381164
577.7562029203589 798.9861067411885
94.02533540736715 289.40402309080343
300.6882604133251 70.36991635627979
463.29385862006626 488.71480220301527
448.7433264013447 622.9520851562695
168.01507597364736 941.5080585639594
750.2694270993782 437.88019449905056
447.00207890213545 733.6953244606545
914.6424753490869 893.1843205386847
