objects
367.25504354772136 248.7108205355851
93.69354399794601 678.1148172736705
431.41255194209003 354.3897429703974
928.8155017700853 408.52599964604974
239.7919421181749 391.3071497718515
253.66695580025907 140.7724062582032
629.8643074412007 103.87779308911067
791.5674185976725 898.9173276934123
658.2152744004125 261.612574537818
898.0260599554083 635.5123621289508
721.7973312521992 76.33872078511466
536.752120110107 627.7544765851442
90.38350502570202 462.1661714568979
331.31154497055564 948.0412178770916
336.32864309326794 426.2883843881534
553.2726268679644 414.2757415540477
350.1602720217403 804.4416918061956
949.2964387636257 169.03962006401332
838.735283701702 176.0240098261284
759.984417360743 496.7706473052112
357.9207389189546 655.2080805935648
517.4244371790503 270.1995751681332
787.0460659039161 602.8562133121741
452.02176547294545 828.8083075002301
231.55937981239154 581.6360497942776
66.72407312180384 571.136015484848
557.1292521352063 945.9093549423683
504.59395246399134 97.11425805023454
108.8375193211298 148.6852408459605
654.517953305125 632.6789757133547
604.3754290419179 737.5715483222002
89.74126344288672 53.36013952448794
440.90343265924855 582.1949562759485
222.16940976294683 699.2533288387929
844.765661330857 69.13391400344727
148.10488819834472 848.5892015892002
762.7552441413688 313.18204076902157
73.78409283282045 921.4192244505389
268.65478523547733 279.77121709014705
931.0188857940802 909.4402666569279
789.0130152792765 707.374004767812
512.523236598623 511.6465886628506
211.60578018471978 939.4445180783714
63.40476426409796 362.26752766526556
269.902210076232 493.02250302915354
764.2557831080342 807.2401400941683
564.9996358938831 825.8615661828737
50.863036558235954 773.8833208711874
436.16383529855295 935.2141643190989
735.0986234724612 174.8057477059684
190.41802322923903 62.85181808441223
646.8279963410819 438.97566671161223
461.58088831648945 722.4405917150643
828.4569533003103 413.16708743541494
602.2978740316421 546.1317312381989
