objects
58.44802493830271 500.5174314804271
839.1675190205226 173.5149460480422
858.4788253827014 817.8892009636463
104.9459121868168 80.10534580159744
198.604852424313 147.30092342505228
195.13227342200793 447.0556406483479
518.0038881159655 191.9635140464729
737.8580238172322 489.20731653563763
51.1810727865842 825.1924546222024
939.6961581702462 83.668723425189
296.80321741970783 826.497995646296
543.3148842353042 624.8116876114861
136.6550701079074 349.157643663309
541.2373811407962 500.447106678452
926.4654497683289 658.1322662600192
137.16148789376783 786.3798507176791
191.96821859018695 258.5650366983014
680.3885137233315 596.3232342401882
329.4519839595018 90.57573506970994
275.005888385477 931.3067248359653
213.51410643071557 579.593931498895
381.89430216816874 868.6266223347293
923.4024209067484 335.9485003606865
404.1780996247007 660.7614232798092
452.9498353369569 265.1300619513598
141.38958707729216 951.1145692219272
233.04693690830763 358.40790027131044
737.2219398319558 796.5294805285755
432.19073150914517 538.5596982810414
312.4267700448372 246.18821034300788
323.1838183775633 433.4809819203776
874.2913230547774 439.0353903779365
816.1204551199687 310.7432302580889
256.7362095854634 700.0717094834242
531.7500409543645 336.28777687014383
937.365344472785 920.3425818538306
738.7295532474093 228.46612143781894
683.9308217358555 64.86029550815616
501.94858944579 97.70673861740829
823.342265154178 68.47409095026318
331.7078090746936 598.050450653873
526.6635146587881 719.6922702948118
648.7258196706077 754.0631364540932
121.50149216907793 660.9262546827108
464.7902400267706 443.9954342138865
625.7528692647877 236.39532594520836
411.3454804069861 155.8336754207845
617.4833193373386 892.4876778570836
668.6738038734204 401.28260367920524
604.8782773175915 118.60145089919148
468.76766814961866 945.7612674154941
345.62215856043406 735.2313962641435
799.0896767558845 945.5137241378934
848.3291024212645 720.6715743241755
820.2205050937941 544.7646398782709
