78.825 858.046
300.142 149.864
156.557 416.931
366.086 821.892
518.128 764.586
218.942 204.77
531.858 955.996
131.065 246.319
901.86 43.2114
239.433 897.891
292.947 547.498
818.671 191.385
44.0162 668.106
235.859 799.942
44.0246 419.273
481.876 44.0071
783.364 719.51
592.137 545.602
139.564 41.4627
816.432 480.221
444.322 300.503
901.316 431.236
103.642 558.577
659.713 474.488
513.851 369.567
629.089 955.988
606.781 708.611
211.519 108.032
322.702 312.354
719.844 373.701
43.113 202.767
467.131 206.348
331.579 420.807
747.297 899.993
705.694 779.589
775.459 292.723
242.366 463.543
627.508 200.981
139.653 781.189
828 955.999
335.921 915.138
756.394 109.875
386.406 103.049
97.7225 338.863
656.513 863.066
190.376 676.544
547.049 133.76
139.273 934.04
435.389 428.345
41.4707 43.9979
575.441 293.266
870.938 676.692
669.662 289.516
500.961 866.234
817.499 381.933
851.036 792.981
725.201 208.771
563.633 453.998
677.098 50.6793
621.845 375.115
435.299 593.534
240.399 365.563
518.57 665.919
900.817 331.385
737.162 535.956
116.085 137.345
359.928 703.223
291.757 44.4344
371.698 215.458
384.289 511.962
822.874 588.702
484.66 510.224
900.802 528.715
735.793 633.946
42.895 765.588
900.763 891.812
580.219 41.514
199.969 571.547
902.866 141.21
282.512 643.122
