objects
62.61714480365943 620.2167346233733
408.14213589069453 404.76549371132893
334.46435136903096 843.8467839183834
74.71939856838947 912.941647677483
400.59384785482933 185.84089161041263
798.6175207396544 339.16161604755445
618.7046222628701 44.04036451361946
822.91514523327 482.6902882759611
756.7018360753282 729.2952517359668
923.7586256269535 401.45419326267523
225.47356581275452 298.84892200605964
902.707010478641 64.12231408929418
634.8808798932328 294.63920368025185
510.4358227727789 957.3284159718763
687.975755204684 462.90645546736937
229.76945781467276 180.60014868741038
243.0943585480044 407.02999046764876
412.01468479551494 581.5509955042162
361.59338943908637 102.8987901816244
905.2021772807619 313.40709984416293
734.5821342503273 896.7148382836633
457.06577630452324 676.236635494853
801.1797843244989 653.3113823416226
761.9452218547469 415.8530666097182
560.5033749291995 191.4536698155338
693.1004868722566 819.0751945147207
536.581333373415 478.27773231780003
217.5501055760454 74.67914687722319
51.73947186359629 325.7969140203233
354.4844123636806 730.5767134848262
491.811540917855 71.57997438384515
209.48935776424128 773.9916063760546
614.3142226968554 717.1123058627791
81.85858406876275 408.245420773427
595.7441744776241 580.0608314395619
