objects
478.9539483215409 931.2677111844714
138.65239195271928 641.9148492783851
521.80816155208 239.8860736585308
323.18816357825085 517.394145898752
395.4301876156104 462.6959255173882
640.6078037728754 395.53517728826006
949.1673539769882 877.8565198128156
803.0555736593827 512.4326174021941
432.2222852139082 357.17595882934535
99.30361878826545 239.90864849217846
258.6768149457911 937.4153419416612
326.3042775954796 726.2955430086723
923.6064065599601 659.5814872620277
875.1885073542622 385.00140785039343
646.6278291385696 94.63767052221405
273.05364276660094 129.301252841547
739.1435455454445 205.98098617199196
63.62883763350612 547.0345596616687
569.9102368836403 857.0004645763145
449.0342604533996 548.4578190478115
69.41020811732088 740.5440682660965
280.5398735170229 349.9643707027842
784.8673642217329 923.1801155285242
404.2202869138041 631.7726110212939
212.35577708296947 564.3990612627831
589.2911435397652 516.3494502937041
136.40146435436665 870.4922004764156
511.73520298158843 417.3595035407331
834.7222216215617 629.9727986323607
956.8357167507947 567.4542621456404
125.64811280644702 386.93455764837796
692.2073277219667 326.407478394378
218.2485783488799 416.7546849245104
829.9055999203912 739.4774626741599
922.1268012230644 243.16919988719133
