objects
291.3945053191299 102.5641450791667
275.1697325964247 798.8160463279801
411.9332480929361 404.59992728049394
772.4283355865009 273.5088099444235
440.3898903813497 586.5905397350081
104.85526263385707 824.6796381823854
324.21217283100265 567.293318947288
212.231661028286 346.8589813661634
324.05522050385315 307.0542098421805
510.18054002049774 156.53422046033785
102.01167217648026 639.4720905576297
288.2637558464062 917.4285563645975
170.53057512763087 564.0451442280383
932.4928651572972 879.0839386699748
52.2858339697347 297.88409180272515
284.7829382622286 196.23516380250422
102.24943664745906 481.21181371760673
412.1134459365665 141.9183418306815
551.9748856105325 641.4862120017759
515.5782482477634 284.2767610217161
81.67574823715356 91.36440364150246
878.5543457241339 61.680768385559695
907.6020137150199 141.99057834257826
162.12986640401743 751.228792145789
712.4042841008405 157.8853237506925
869.5934348131209 554.8726852075887
768.4192881862343 539.2002772285397
543.6772124197176 403.69359786753654
692.5806789445639 435.0748789705695
891.3481647882656 374.936212442611
475.61711107444273 853.7708640797756
661.458491807265 721.6473754043889
533.925697413977 920.5459382875229
576.454690750163 529.2671164284061
786.7852695075151 820.8867358026179
