objects
922.8623122221655 706.8485060419081
573.4407089162713 602.604465822681
922.5627297087244 907.5494570654961
359.5163393294777 402.0248930051301
65.998234412326 945.7866920567985
629.646681059425 184.87742044082754
534.8616846798478 268.7464313301535
108.92908224419583 740.44634653442
222.12228248430574 297.1438025810991
66.11243324697858 195.71093324617857
701.2846102618182 247.38598253880383
527.1582979859144 858.6575950694702
891.6402152636703 58.70677158964713
725.568751128973 951.7993309465134
112.75239396901887 650.2401042126237
795.8308114976774 362.2671657712396
66.23554332251985 63.4528538687799
682.3562507050945 44.68934838605372
896.9300262551842 437.86903409669486
252.0643958978623 863.1529537190685
531.5537717747861 375.2397673527085
859.4356359909971 142.5502124507197
54.58879257747374 845.0312746956735
258.7458692549337 494.3073679864867
492.1675437039754 545.608722425736
400.756248708967 104.43404004922975
341.3000210077987 728.8409343766045
233.30138268514813 726.7880986592808
859.1469820751719 590.1964580752621
683.5787617350906 777.8532078620726
569.2911933948249 468.89558230651494
851.4677911275871 816.5745684510223
385.75597799495205 880.9346431699465
145.10871089935205 164.95788986841788
948.9515473422078 811.8799899130775
