objects
365.053621385232 68.78334582008006
49.848278930868574 455.91934901226426
465.6716808541285 76.79919039237762
55.0050553950765 75.50497306324004
794.3635527418915 225.18919418687457
246.16256328745126 949.6334380530578
525.4644012195549 445.8038276182332
517.3878150418274 226.02967522218984
274.1078696780668 870.5755288366356
340.6866012066055 709.3670942091716
216.65245307719152 401.25162802596066
61.416333737613414 278.73877151235115
630.0999441072116 664.2462817587009
810.5194845598105 583.8683693795582
675.2245933403015 229.755450651414
897.4897050053406 506.2714103199392
956.2485221064056 651.3223688697684
347.68468440150843 403.98574079557665
708.7890532233112 808.8241685389141
648.2381826225358 871.5190539063968
378.69031626827416 533.5978344173702
594.3802479475935 372.6355464749947
859.0875363454786 120.12512077898941
422.7982284394794 895.3663502577139
191.2993444113351 743.4714765717771
157.9909039936512 466.4083671961998
700.911382226738 379.0188933166548
67.20913000218086 363.8348997167058
95.45045334745441 799.1932728161562
822.64840134825 909.3142661916273
853.0333338280167 316.7249058707433
511.1274243710679 320.9834927854744
53.81756728022917 596.9650728118637
449.9020132012299 807.5824758813332
563.2759605617349 584.4370666705302
