objects
894.4140192662134 907.7478344969293
446.5345291814688 633.7421389433711
586.4868700306445 604.955655916028
368.94171567590257 145.72952060127267
159.22675966799497 716.4313890128145
864.5749972883884 79.17805490021463
476.3043422759886 70.43267100146534
547.9642850869296 498.0476495086683
549.9435419638764 270.7271499086181
749.4107080694416 683.2604626071166
112.91285578435048 106.93582151259889
260.1952242485014 938.5214543981502
708.6350007546995 193.91109307538633
273.86065206597755 739.7620642495508
635.654404375801 878.3465051253409
790.7216965542221 579.7838548476861
896.4460643422656 409.60603961178975
280.16559624040866 264.9284261985054
604.8474877257516 148.29466843670733
272.7701760718531 412.7152210752764
73.10758873561068 805.0166216594783
680.3053754725084 398.16699820563565
881.4126868253466 206.223379767561
294.5084911166348 541.6114831469973
251.28284655216797 61.14772722751789
937.5714814214258 536.3546969563527
914.0850045023731 727.8335587196224
777.3379382085564 840.7282934767902
630.3340329583149 722.456223074693
487.774238222162 765.2269964582581
