objects
169.2841884043468 700.6603970748929
780.8912929214893 179.9482261519768
917.6223098858472 147.2749572063182
116.83323370067293 313.90764195535365
443.3282979064526 597.1967372385819
807.4585109170766 685.92748935284
216.01410853428422 491.70715059315563
578.3629726933058 794.3773431749357
928.9914366696114 424.30516172943106
714.6691342697629 379.94357953639394
234.5711586015244 606.956103909055
676.6142910879795 529.7721292204382
587.4542950662385 289.99456354180717
259.8724971076154 65.73047308835581
508.56818643192605 411.49917124705695
346.90038840186645 537.4122684345548
252.92327091476915 782.7023984505253
469.2495697979829 934.4718443586667
57.74376742423045 677.8115594446026
393.32551008331427 720.5919565432213
442.40504966237154 199.96712525840096
534.0798639490232 79.97829362301441
276.233358314658 906.4730320779887
656.9267645593019 204.12476185854854
320.00841994915515 383.6081170837045
718.3741016230139 69.07040873112275
846.3675899340735 552.6657761774821
106.93721697742521 100.55916022422332
756.1761807871918 852.4817581477248
840.549846516242 338.5324525342517
