objects
697.9367111587483 547.4809802782229
318.308824459291 537.0902307323664
520.2611888845013 680.3255521346725
344.9042951609609 221.39605573777322
934.4822514677736 91.60048995991363
206.66891742503847 835.8756972722175
193.0177780735731 63.618695484713456
676.3386431908693 826.2030686742345
89.03668302323723 555.3825035887546
156.03836420206736 325.08961531084367
430.81754022619646 803.5810763164869
433.15454308821944 515.5999140380814
775.9379460395016 379.11980881162407
654.5140785427341 277.30650680484257
208.08434043395374 656.8204323686002
476.7932161931654 237.58436875412337
815.3930204698487 502.4657364908737
411.31011298592495 404.766153138316
497.62043848818405 905.7997232460606
815.8685020490918 225.11383957430002
783.3592668952735 643.8301490292675
763.2567837530671 896.8156339513309
548.7594785313997 357.38055465397866
414.00425831652615 128.51612488631457
938.9516725871778 699.3437247082381
718.0364423790681 106.29531035856954
580.3965712491 509.8166437467222
607.2937966279353 120.95210519022757
617.0335301806737 621.3202024686146
938.5098554582966 848.4468968446029
