objects
475.5705268694013 618.7220432034227
417.2553600686647 823.2418559873458
922.9533802456256 419.6329813415953
873.4727607792062 774.0965349396347
803.2108859488935 911.6011331056911
797.34771745467 545.2111500176987
685.7007272727751 83.69529947512589
574.0102223847069 697.992838458822
484.7758445069525 352.6936458715253
371.5631473307504 339.72506680327297
278.52280696378756 580.6730305289932
109.97337398654348 824.9427898374684
624.589033750136 920.9760666746935
81.67762216522907 363.6890987274552
655.4362439447041 501.96685573681253
117.65865673316956 688.333216180953
710.852903150868 400.4186283764055
220.26981810005503 297.88519010454536
756.9354861036052 799.5447987626375
781.1235220979215 249.0103680817296
319.316473133558 57.97693653002177
893.5160786129368 616.987381238443
496.488597270934 172.1659688798702
199.52117680970852 465.55472833083144
238.54614146017542 898.5956632264767
439.1597357067413 501.8202680057658
72.74836972963232 585.9172872293998
304.44675177711264 727.4848377732342
787.9038422307731 671.4810096933263
193.6131979355926 131.77938080791552
