objects
139.76288773535208 407.4342411428176
147.6436391111765 942.6232901366254
380.5056671809846 443.1004720701102
536.9567295817308 545.0677123405432
771.1763812651453 197.63170212172236
237.1820981649306 275.53377328831476
382.12361026760857 887.2316417537064
201.50403229536937 65.17525187304754
78.34296652133577 557.1659944213777
650.2871153130393 141.16184943470884
809.5037380092127 66.97969724703655
411.38783074716036 584.7626426710732
827.1329707099575 940.0223562086011
656.5919712289444 744.0508557732763
551.5933892691046 330.08482769042706
560.0036878719078 76.89385963570332
638.1278811912373 885.3068335873273
224.0297689769986 733.6906032476757
160.37472200546853 172.43964041653473
818.3655435986511 623.9882127840324
918.306770521028 211.91951305727554
309.8669259372219 107.26246016355827
257.4294735039044 395.30562066614425
677.7877181137611 483.00025646055894
502.11705296081936 811.2714078556708
936.1388385823681 770.8699800120471
938.807287694424 550.3395788795755
478.2508071828862 703.4903664207781
74.9850506355324 802.8209000448322
782.5785935614263 758.15497583795
