objects
644.17640449363 596.53207577159
787.003576110932 387.7440660857677
947.0047646477375 78.20813477969494
318.4024761193932 630.0354062354406
310.5654883099234 894.2599593926878
783.6076935941261 189.35190783025664
721.3414808818374 462.77215783666367
523.1442881309187 935.500248752669
340.53488418588677 344.4188212887901
862.1195942656535 628.0571709033943
153.8106330396519 637.9801576475184
569.6261247793196 159.77102527696
372.94671308326105 495.5911840096659
560.6032043944823 294.73132545096263
521.9408899151939 612.191363650672
