objects
560.5459441057852 929.6728813175557
930.4999372416216 686.4017876026236
242.61895493778383 741.0710935878496
324.1641307428206 897.4966185020801
87.78931294698194 548.2292372386563
666.2814822272738 192.8098408502363
374.23220308323516 80.85110280789154
318.54620974986705 496.5903292719916
767.7010190660874 820.6727805599485
913.282810853066 111.76296821362027
390.67305935138455 689.6382221704595
900.2703798504556 883.3049206721728
149.6125179754727 401.93104331884217
63.70400958742101 431.2498560407174
806.5799891824415 651.7659633494383
