objects
209.82971873269565 545.1332798532337
533.893927480144 605.1912952072917
105.48913504877282 723.7030875377021
223.47220644101523 185.95532996036863
109.4476486933039 87.65690176950423
797.8757125134676 611.5882245215514
347.1821061602462 491.9813686028922
815.0147076560636 739.7884766965115
219.93557773120676 282.2185839134515
629.7225075340574 336.6270569883749
587.4359417394796 50.45245402259364
556.8436840793327 766.7801905628211
468.1851693072035 497.1693654964763
304.36224397520976 97.27864021981529
106.51696182836794 631.0845820122164
