objects
934.930334480749 321.8417559469198
848.4975558246555 89.24487065661118
412.37100019495915 88.22809201378007
738.2326642897782 303.2134770549436
525.678042034072 525.4242604924344
47.76355742478603 145.89801332903176
407.70335485569285 648.5670749113077
928.4401772437108 597.2840798377581
481.4010102151856 750.8347890723215
421.4237606482066 850.4684630730509
86.20646003240816 881.9398592913924
344.72968485358507 529.7628471268469
803.6068474251575 886.233504688139
868.187787276289 699.5207260004113
926.8712377248694 861.8398635407445
