objects
766.7815112552915 842.4923348758433
511.8984094849491 169.55017276838572
851.4876508391015 92.1514976233415
66.19847926131911 811.6204561515394
780.0506897401111 349.94013634696586
487.83277681214093 815.5650945994643
567.618942192082 478.7753865707542
486.42072984109905 356.0281003298786
879.6040134539786 709.919416563402
890.2959124468128 254.5339721634044
372.2578403233533 451.1770217975014
183.6730613471961 695.8937290946511
710.4367537295813 544.3726973145913
675.933084272734 951.6210167112796
617.8007765907436 359.877912994807
