objects
310.73217280010687 371.90804884656364
246.38540016890246 720.3770481569941
332.7630353640658 822.0682541496456
420.8668211107825 774.0379417487574
808.7838243375058 308.0895114637867
791.5563952693411 615.5178974988517
700.633903666579 464.18824291556496
364.79302010028323 931.5283038876948
693.9254659929012 310.0497050488416
226.9906073350211 408.56289226576314
924.6340085205944 363.2242250912504
487.7728432764561 540.2361925054959
183.06197370960984 642.3516290690343
300.79828524570206 90.93189598247758
611.5316744656255 769.3654907293931
