objects
263.1880831545044 572.7112174106445
754.4010167743701 332.2155545591007
772.2326551706408 833.4281033391366
671.2295211177096 427.1351183529115
447.85059552109 919.8346977538596
845.1736227109376 434.65661037030986
134.84312219798076 616.0918752529669
304.8910815569813 680.2739796654968
550.7827935617586 281.2449619295757
497.6868160399822 140.3276475914632
384.4422960711928 326.6707049749521
145.26417427721108 748.0762902664441
366.72095850024084 762.1790362987936
370.56070056718903 596.3478720332796
193.10089078461107 373.90448451078515
