objects
921.3548826706241 218.74958397712794
700.2780658217811 500.12625206812004
640.9719577495173 968.8842584239138
408.50152550233804 116.26713847102278
340.7714866490181 815.4071715232731
234.1363678232183 900.2673653913082
216.99611739688075 310.44272717013064
474.146663976789 404.9488535247994
545.2910765414223 633.7610823990449
398.91321959837893 431.75338130212555
292.8645110694275 56.735711850328514
27.254886932969196 866.1977951852339
827.8871495992219 333.6536053216031
357.97587426667855 248.16221789485448
455.6668007339343 170.15393708720364
476.6246127140314 925.9889158854493
423.20956595996614 734.7459052895747
725.8218994308666 381.2380788126315
93.50901014510126 664.1649667396248
84.23273080928661 799.1529513328044
548.9323563919934 367.32206408826863
940.2775809185991 682.650593748052
67.81409871582571 927.5072031375746
48.098758731235755 360.96617956908716
73.66065127630692 735.1606105384936
73.93516278311424 294.3735178756545
351.0569855551388 711.5344957577919
674.1546948080808 796.2185504021209
297.06029898489084 234.6339605958267
571.30105420507 262.6048515905094
190.878545644028 71.6933614349323
846.2174415171027 70.1037566124914
562.2776558915058 61.20471058213454
867.3760081175152 276.1910646434575
128.9544332165066 542.3435855839112
814.1441120129593 865.6716576161363
157.47950088187912 958.4907512983666
767.2772180407143 913.0414157667425
528.6050921716857 845.8934661652565
804.34575436149 704.8229448626519
76.29699897028554 569.5013988965882
845.2764886480524 643.3779275355723
837.532490071899 183.51799493338666
537.9006263257996 709.250279926821
916.195554307799 329.3495492281433
971.9103866372451 43.268267824936146
667.4601805974734 631.0736920938682
267.9286753710232 770.8650876565341
739.074969655282 250.07434834501373
338.6108875969171 893.624064361733
405.4558065310854 644.3246097867848
521.9962125521691 283.31841983054
627.4146859248181 738.8087603468467
319.5368997094286 305.81132669518695
482.7819149268267 348.3291916515113
471.8282014490139 253.15748413213984
878.0999509956388 905.1523492269092
227.37323769853057 608.398555723482
163.15740367673274 413.39913372797827
891.4187685718362 27.49108582987444
88.87970795673822 466.093170531528
520.8812403600876 448.65774113121853
326.6745270941934 763.9652133918061
89.06487935385856 66.00458371179955
411.0493988511578 918.4845583179311
663.7007299911987 432.58959563237835
736.9994998740061 545.952238260434
276.6750823953 664.6781602564764
122.2505566970491 273.9549008854054
683.0428745539372 185.42496857266838
290.59230046305134 395.96557250267574
682.9437312260902 559.4924947970512
502.7768906243051 105.00616472972729
892.4211922019227 536.610351870896
470.6596625067391 705.7661750384312
221.74750584098874 244.0185771587462
365.8921098536438 83.54971875872286
392.7343949652381 342.66130101776736
142.78997196382193 356.4913963389874
952.9982347844884 145.78795908376532
686.2352086327245 724.0551818313593
799.3281054177495 219.0066060074405
654.109355360415 65.60473691814244
756.2801706729219 483.6067205580991
595.6619739663004 831.9091527512123
488.54240343658535 800.3082717064523
300.21594797476354 939.3055730008865
329.44366257149915 153.66680116491486
424.70855399024146 793.2760753807097
894.4792814392392 855.7199772389087
