objects
445.6723966558074 713.4743152997761
149.28036037473882 382.7048505996367
812.056380461084 792.8481609272612
474.1622830732682 86.26050729983466
539.3890042043329 734.0614553437723
104.95778180025881 900.0718021850752
653.1835933324279 561.4751937007032
218.7241169584037 244.5027046653053
232.98846022420904 73.91732355900756
64.03494052151088 720.9940214720482
567.4729586237821 445.7193280244164
834.3606394655817 914.8000777056712
631.849746696557 694.9083599404037
756.7718231477396 151.86520501376467
88.0024658192979 407.05056371478184
793.9554035011189 366.5391267717162
459.84620210876056 160.24180498684808
873.975132964081 484.7715576872684
747.3336074304056 218.8520728956849
689.7289975810629 311.3765997330458
772.536530641429 931.5802807614019
208.0743204456766 322.1379330210054
609.9224169418866 321.35645308040284
373.58322974841013 234.54716452111148
252.53845632346892 810.7569404436517
120.38497932920862 631.9563149383031
498.3572822815419 568.8959677495762
147.32500568137553 723.0089715569444
321.5071369035038 314.8963352170732
240.47235701079163 413.4344280382538
381.37666354727196 892.8669463069666
911.1320212965255 424.52084126096565
187.6518907701158 631.5985473217895
892.2667612786435 647.5183281068163
787.5454266925454 258.99112530232946
956.5359346926117 100.15156419870505
400.08021398404793 811.0115686465548
520.697239588372 365.0727882977264
198.06427943459724 124.65210599306253
106.68866245285737 526.0155558886019
589.0616568603277 272.9781876965125
895.9431195680419 553.8008053455958
747.8296332209007 60.074541820634536
252.0366181701907 604.6905669975148
377.5347151777539 291.2353185459385
332.7333633865681 967.5524093537811
458.66904702914394 916.1142428858601
920.6936355688782 790.8031708903467
283.4699799757656 876.493767850914
955.0589874796515 657.5466450638386
497.0352533627013 300.96578281803164
709.931832237927 887.6595685339814
42.97332880434136 47.64348447149043
233.3597413466201 510.62862530794973
322.8716559789852 158.82256225059388
368.07004448743885 371.505833588835
541.0846259683567 537.4233561769686
971.8600830392417 594.4784912793484
193.8842863231867 774.9407590707956
138.15158658472956 233.0622292387007
394.4456397152083 758.2655336405752
963.4780551309392 920.4868465533492
67.75720514390059 582.3087179612872
64.43299326639001 962.0929007781854
823.9630892240741 467.64719935097486
446.56579050593564 581.4845045571338
686.097200104319 103.87041034091385
294.43843763347076 406.29741003401034
325.0948270222625 74.50126419678614
538.4644732529177 943.6087063125558
280.8661596228273 935.2474658311455
468.7496957597641 654.0571003833728
914.4416543701618 144.52844218556803
826.977634857579 720.306063134114
910.2342763874404 852.1594302536693
502.6415258885968 197.51452407237127
867.7175841695944 384.77893703215744
736.0019721953536 823.3471702573025
263.23304191198827 185.67014964711456
304.95377646741326 606.4351962740838
715.934650914243 728.1215616906321
665.1918421792471 431.0217238253813
885.2352457612496 93.69522979276151
665.6061719153387 795.8878146827478
768.9335884192498 550.3468658527613
177.12159587047958 893.0910068381919
832.0715069808106 99.33508292442055
548.8829275971531 833.1857960100848
132.36075420578197 38.03347733507416
27.32006929827815 897.7286246734692
