objects
272.53448897125816 316.8006371326076
633.8232036034938 118.24164587370541
962.410619378593 714.4713384991328
836.8266685425449 774.937550013481
354.8957228684755 84.33442167989388
170.52524458067654 934.0562488182811
51.782656707693675 876.8349450763731
852.7634729292441 226.46275443025547
519.3177590075809 653.815083980455
50.77754867333467 497.1067744952326
682.4714315178799 162.73582163583018
929.4129508853034 601.0624789912404
660.1954420799594 478.9366161235587
241.08822170545716 648.1645117131324
100.30390954938717 49.752111613274025
66.775374359382 262.6422375768286
578.8420473892708 367.71064115067804
263.4024284037697 518.3568775955948
351.63289163177564 448.35605154720315
908.5417901159888 355.2350360467971
178.94015091055252 751.4882183435751
50.169042202707395 68.66746786010592
363.0708691873155 696.6803501687496
507.89334098740073 120.82877114128323
758.6424882228725 788.7971853897219
654.4763724602475 553.7321951726694
118.15180655861569 830.0014046344165
635.5239893940588 220.4386074083443
770.7491644983605 631.4309803976859
954.1560992987668 928.5793883211712
431.10508971205803 704.7456822473505
364.23450483515296 384.7568301811165
821.6400617670837 139.00064823503973
717.3449385513244 475.1324531687072
828.0423382877638 892.8931319105702
749.4598624305168 287.6863490674049
764.0983548635381 184.82185136757371
701.4264728136211 690.5114230556311
504.06245730645435 241.31451410793872
452.50783679628233 841.3310790483571
169.95131130054645 313.232956992337
689.3876712002079 106.31690101597538
607.6034937570598 692.6117301707123
307.36253040461855 729.7519523448618
261.46647310582716 62.217278812239655
573.6893253988986 920.0321697729178
29.759016489941875 643.8213484149396
937.7690394039903 522.2249217390374
56.530947487289296 198.5663950388845
205.31183657414525 700.2278066003211
554.6153114505114 317.1965099858204
933.2530695216303 138.64709959883268
963.5304899697529 772.6079416815583
302.90480124862296 593.5559774407077
473.1121579910142 907.5011143587225
69.53034832949615 439.0437557184615
482.11189232004466 485.1728059061324
33.97652216220107 341.58517921782635
383.8299905215305 519.7469672451634
501.55417851133416 589.6565743031867
306.4910802374123 855.1569424455226
581.6944177442077 749.8674378282321
182.75686478812818 402.09603704302725
416.60589616268106 615.5096164538412
146.4727702860981 131.28367640106993
907.3444609136378 864.8693664424873
898.4633613502798 950.8340625869122
321.30509649303985 187.40802045706755
676.701255246332 302.8140795910127
144.40211472694236 680.896464076943
741.5364441146642 916.1961597133572
402.837641931793 761.9922725181507
673.3005519800755 635.8693163257315
795.724241161583 841.4001118122442
709.9637422520858 384.0481254053192
488.3925570583723 959.997961371648
498.45413988903016 391.6612788864317
712.1044537026975 837.7687263031634
438.2405310931335 367.65032990847726
725.8727632644404 582.494581267433
272.5974994451397 463.8450115149663
36.7775063409737 126.35526000725591
565.8562698957173 110.95819470742248
812.2289278646234 284.38161429452316
557.8301850954267 166.39166128112515
76.20848622730843 965.4405318888068
351.76952049708694 295.6824504508677
242.36499213172226 927.9525287042171
761.9286130487083 686.6967240323781
846.5770701007156 569.9393708352653
