objects
824.8893661114806 91.50721080239813
438.8439925617326 735.6509081104709
330.4972041813731 192.39457762314112
913.4222874615429 165.70116468190267
384.37249564858706 54.69795138569653
548.9577844071882 437.69889583692975
542.4586551309046 178.0854916222988
751.4859704542152 267.01666613743504
667.4984668067838 574.8406225577826
410.21650094590194 517.647510386255
320.81506074546513 817.1975713317117
80.04056543195966 907.3166913193469
104.54181153210311 375.1839732511122
254.33069680409142 540.9710471532725
85.53705620788644 41.48267619847072
582.9350834552047 685.7666973327506
255.64367027277183 707.8427733261083
958.4209962428698 244.3317764057644
60.15129008091053 669.1659098367147
648.702280266016 243.76850458358751
445.47203797087894 806.0250165164459
552.633290933861 251.11399400271276
621.2660502763298 895.8504898881313
774.6890028026278 337.61697971012575
698.5280699209566 331.84553650305344
373.8664651659461 889.2885064265571
620.7438113798364 794.6213808913388
854.468436350844 915.3453749207139
952.5158314820982 951.2235778718244
523.9755574664468 66.83923586204862
738.5951606146282 684.4678018816098
945.3334069766215 595.2971279874462
934.881464947821 449.26407203102593
643.4234615866064 190.32095048032505
80.55662858469343 803.9444886131366
913.3433743710863 386.67156675499
889.1467867684426 726.2766593254368
807.9293186476799 567.0137136857782
276.5593350663693 307.36394019819136
309.95442967158283 577.6543518915627
919.8000221724604 545.5991807774226
411.21194537208714 405.1480290280444
79.34605201078017 440.227056951917
614.7731243202586 951.4998845411891
357.23398568245466 506.32547779016227
344.4316268634325 961.2742589674632
674.0360604885063 766.760231640862
907.8212720790298 42.98931873805104
884.8089091255257 627.2430820813307
744.3500308278666 757.2004502693686
927.4816061034562 781.1440268815899
475.0189690566311 184.5522259394575
808.2726335821307 253.56087287295347
174.2119643498791 931.2516694589953
892.3532868652322 105.03983331253623
726.150364803604 624.0743099259636
112.81362204199446 535.1860655977266
633.0512004573753 96.48155929656158
913.8684525681898 329.41318995426246
638.1205758544038 418.5865090260074
500.39707890938496 881.8258256192966
470.0709096660763 954.6401115796676
496.9235449772709 713.4661521094077
846.7919251972216 815.8132927588359
577.8232986734386 50.72367158262567
584.0386867277748 516.6834137321384
508.95596676054436 362.2165783893072
166.2994750098396 670.1487575399634
242.3845986335983 811.8320208938632
966.7320536958083 517.1982573274639
321.9793235409363 899.1211726819032
523.0372726962108 601.6187113305845
98.3083127808371 153.06257111204073
792.7923412196544 417.440179225432
141.96423670681094 85.65254530345278
331.0286348559384 321.9298164819404
653.6589147518396 470.3090479912776
837.4589167781887 712.7471505837301
702.3966696419345 856.4848280715403
77.95214247660283 204.84208691738166
70.75275768051232 604.4114311331963
754.1123800367145 40.418620889951946
30.72317588137519 396.603075254314
774.5658658548602 187.5432828520884
268.33757357555317 208.9854561851289
248.23966833049906 400.2529532117918
811.913189241123 969.0802649544601
960.0571690649216 885.536589051228
252.5324412908018 453.40900545830044
445.3672048625864 593.417514798129
