objects
416.52765615434987 745.4933300731404
934.7523807341214 263.579462193784
651.4616313590021 167.05807535127627
784.020044166398 67.11270239748625
800.2612688567309 971.8840475010511
256.78332111600145 407.24829894749024
360.4448935078868 813.1993848246952
921.0918614017694 525.9197960120598
317.12256440323273 187.36593787433628
875.6249889285363 584.5204831941585
440.18656355827216 45.364407556071875
310.0471990051231 577.8952086307908
158.39776126526112 326.68411590656444
259.690304907605 491.2542818207935
357.9210842141491 481.8159938304425
700.2505210026333 128.27351345878753
264.1835560867299 784.3530193080278
717.3862631453324 265.9438972524515
42.785894602238066 37.08528030496664
506.85149013525216 658.8411439384425
817.9605032245871 321.4941079322833
635.254125477609 840.0270221527393
868.6162042797807 933.0035780252731
569.7279342001688 826.5624196655627
792.1704205510499 700.1059027605039
273.3450930923554 618.9392812948006
473.82505681350307 328.41791694585436
788.3347783325331 755.486326157585
883.3519652087912 217.52961438972
714.1740210612603 410.87387120279755
941.3875458865065 315.30016588778227
843.1243644443575 32.552418946412146
114.032086000748 605.9824470235344
206.97557268996437 53.335984122366945
725.8281093498614 179.91018627610435
491.95311505713903 827.8652186248227
588.6301940898005 206.3404797205224
737.0533331245239 569.6502178378207
231.8908496066251 917.4865137974085
317.83701920271676 678.2331004462728
214.10432093066348 334.2071973780459
465.1319655638725 499.01794474252796
154.83214768715314 267.49942019087644
57.21306127610038 930.7262700897279
314.3734664584236 400.50761595964747
454.10300904371553 601.8235146996673
964.400118705025 896.2226173585108
255.19933055808087 84.48470934054241
485.1300157605932 150.16528893187612
548.980351533966 538.2563878290911
756.6945013427928 232.5511737160947
325.7279226461172 260.1817606215278
938.5449821031342 954.5383921027329
877.7080267542786 816.5168455496214
360.76724464627534 596.1754104583491
609.9455166487102 563.9996161176025
400.15525349675426 681.008106979221
576.6573139959905 939.2121209572924
419.56757832297995 185.4389348957615
94.59070075438571 890.2881902272884
413.1149213079846 878.3430458596987
529.16437755378 338.76503026222304
640.7727808682104 249.40918712853315
185.7110017603402 137.4885976596718
61.93748564231174 282.19666991476237
218.73656784876164 240.0621186091659
481.17609995116493 399.70298607412013
191.1896212706483 626.5241807858978
682.3718138499574 666.6203246475794
587.6734234357199 57.67272064442393
964.5660370581953 370.35722612475155
87.92452679562449 709.8164967267486
674.8949072957178 892.8896300254796
945.5962127936755 693.2571895626163
730.6983411563748 27.052005531091307
269.75434710900845 294.01473451843697
637.3871658594176 410.18129406121915
164.15580543030086 192.4392505691052
221.58517168910848 534.6435996964576
623.4365278227721 306.5220927667649
905.1027538372684 645.7681174333043
595.884613323601 377.682199839941
490.0758289986792 545.5550226988904
544.3643662168786 428.9142594778896
308.339278038305 463.23719814211745
853.6874939381363 136.0444076501276
939.7412163638961 170.42760821111958
54.077129695516675 640.7962026428612
619.3606558324253 736.3685789275783
967.4246985304321 630.4683360138018
