objects
697.9085873317493 912.6849914324873
659.7436923138235 690.7567543310086
223.25695699545764 426.1179163371108
72.55203330821338 771.3274063374598
783.9624132183901 715.0459441713397
163.1562020270847 179.95496345140822
129.98088508943908 318.35807430555997
527.5969552294207 709.2549177331484
486.0000431394865 457.06780782218857
321.7748750121412 606.8881621106719
686.0100884161741 185.1933537434174
923.1750260527105 499.7675980329959
692.9540714282987 489.1345188620833
774.6169485134136 372.29308119371126
375.8738944091597 348.1997006551306
488.5462240477853 100.39644390459287
127.39328549102478 884.9255874920856
74.54121199925991 455.39185853877814
881.4889977826862 310.4826375750088
115.25049593277285 570.8676475603722
586.224194040327 839.563772925583
522.2975389860065 273.10515291727677
337.769576674968 483.67100005346765
326.86703412635217 238.901286950398
166.44696135462635 681.9445582898433
370.01342747584107 906.4133754509431
348.47423973468574 776.9370062724715
532.3072117302179 571.6061943435985
261.53230659999303 71.49420263541484
865.7231407837983 901.5607295686858
841.1177313854158 605.5437537160597
616.3275698678565 351.05020058510047
934.1426768211629 750.5994522415186
905.0944411492924 169.59972750039924
693.9572282193064 63.802615996797414
