objects
650.1487704865986 239.33418366705234
636.6717291614088 621.1503357693374
546.4869554737609 705.3808025552627
867.8838301913354 393.52302017664164
871.6160263562899 109.33600526173791
360.4289459966644 889.6851162962133
390.0440392679674 721.5973615439876
727.8435970875121 403.5589828417929
155.22084595763314 221.68759425941994
130.966496337153 693.1699495763185
865.0051813672493 900.9480027676498
912.2272320623284 510.1418796945626
327.3857522739862 207.30330710061742
861.9649068248635 258.32082275735365
295.9956497059684 621.3278351174482
378.6837085021244 89.96310632204556
766.988800514483 783.5706942259128
270.9706350028666 446.19563601527676
500.13633839210496 470.31728364188456
485.5413803775102 142.20609878013738
643.2685612175958 107.09446700716553
144.53544063906173 357.6136087595459
916.0120209065186 635.0299303136744
230.48773139059045 122.95770478059488
79.63444840101623 542.1940895786221
614.3364272683059 434.8985465178477
432.8413905586481 350.7867191571902
125.37794457748488 862.4124759193065
516.9554616302119 896.0349194604843
791.6688415624179 532.1745274076683
103.40154727203227 98.36324151318692
265.49318687443645 317.16391640355744
463.9363170747429 615.5674642293965
263.8778403565487 746.6179827167097
645.8991531355634 925.3561124269181
