objects
789.6294020282504 902.3345244302468
759.084961055728 206.20799641439567
74.092963285504 615.2340195880622
71.04940084600433 816.6220594727914
865.1548600404857 651.8053751554704
363.6681100406618 427.84223919444315
571.2891747711582 746.2443499077921
460.00278457611245 149.31013204182776
635.5156551589972 79.15676192019207
612.0883170754907 489.851460151709
363.83016063850926 295.3489352487381
605.861258999399 354.57105856203907
478.70721463221145 366.58830233371043
202.4587104904988 764.8923288661276
929.4297220635108 131.32736089020625
938.7929641959439 425.7075763639177
249.62549186418414 134.75494585220022
363.1759424070915 761.1104269888253
422.91375564887653 605.0084309774179
692.1251375492313 733.13414640048
281.5671393341181 924.2766911705488
797.8020557576361 331.59881008889136
115.1972250558382 464.53578804298377
831.3124736589176 782.322400593746
732.4503249316756 570.384902407652
551.5681153516384 225.19576182207385
409.73235228754066 919.1840481815891
134.67876280274015 84.34377447450981
533.7554618680923 885.7762224248851
230.99534239474337 444.2748821348436
926.3441908618554 922.6657600087248
215.95238425215894 315.78668451365644
68.2639397818457 240.9043610499383
206.31793526209265 638.787724347422
808.91232109677 67.90084937698481
