objects
517.5618200196574 588.6757779835153
480.8430034747414 883.1436340875287
786.5981751610467 935.5990804789767
676.9293818232171 339.8171394803931
256.80127307736086 700.6090930734465
719.4995835081739 720.0746112684857
836.6190319174472 570.2447895402058
937.5338378396398 108.74961966283807
462.1314394605365 330.2082421449831
706.3825247238137 580.4959432214663
325.0965688808815 268.5792327401544
607.6118944771599 899.0733802747177
295.94019687370275 457.6282397817712
938.3289575146907 259.9812361128408
936.3471224896903 855.0055469265633
112.98524305649892 701.331247192528
218.9297179190268 555.6235987275167
652.8707956198949 166.99227899344513
158.5020750694647 815.0821736979767
99.64286639992997 195.33939864207588
737.6190817963832 65.5850803312703
867.0105245198846 754.4978923062247
457.10230783061945 186.42279419426148
771.6374912702157 417.8675639263347
278.1206529519792 888.5501520690083
396.45696207160876 784.0721929278915
75.47817467647752 526.6077510531466
581.2412521040752 73.16073602734339
174.6699249465742 412.7138482551995
889.9586757942911 401.4255391934122
804.131165200325 245.5079788474747
228.97914268234445 78.92874624946722
331.0781848890796 606.1011470932165
518.8729326151971 458.4178168849781
355.4865286990828 63.31860242010641
