objects
798.7666547080661 128.4363166469009
868.9503632894878 276.81880959963553
929.7998041060057 917.8136754842659
241.65839320881003 91.30975792936368
315.48134389855056 521.1885845089187
580.3583030645465 649.5504440250484
392.6914627724813 165.99227895484427
625.8481524182247 75.8218911179629
929.3802800185604 430.6728380607654
772.149198157938 799.9114162758635
304.90684704533436 674.2903600184607
173.4671637531759 729.0869028362638
280.2686185610828 314.43100348370433
143.8257355175247 927.3210935548916
690.8672205865435 575.2189499733839
67.16487911948262 185.28980533986908
934.5008867260296 579.670034760401
515.6965267128237 136.19372185792002
101.20209481256066 461.2195978794984
510.58279732412734 404.2476738753543
560.4776209609078 778.1268516144013
682.1161301748533 393.15503231025804
446.8711586434474 575.9868375186268
716.4697985253416 218.857343591068
558.7946518039071 262.9978324639515
76.37715536331879 586.3000450271777
394.8720731452863 806.2324305419567
93.3569926564312 816.4956371909774
200.30061408687357 560.940193249134
806.0695195155818 613.6835451112227
391.7754028079254 369.67002111642137
581.5761161675111 519.8918990120277
709.2924031049542 916.2937844258956
91.76392047380033 67.49758404604856
912.6582974670483 798.7977309189805
