objects
614.3919702075623 403.06020392709166
694.1612976832769 508.3811265220295
282.73286217502863 683.0957891752641
582.3874636131633 718.670940813731
183.18625476111913 311.7824563992735
837.9938246525423 682.1760201770471
409.4120507407719 820.8424299210071
875.1419817535221 936.4083887538977
88.01241941182865 751.9883142249139
694.2094121285556 814.981239744543
697.3962477594101 310.0312775019466
652.1061978558699 930.2496749647039
66.95870641775352 185.34772663371982
480.84621609713315 570.0467372724582
217.59739438481193 581.4517074228553
471.30233074614256 153.94529010551395
875.770936213551 262.03693684708753
134.08646802001738 926.2546537256092
802.6199273199594 159.3304936466171
235.75909748539186 177.00556775316628
501.64671116955464 937.3608591438724
796.565967774463 411.5128347638448
517.172877808135 301.585972171311
463.9924666986795 433.99792904548354
346.2897057751673 398.51074647215285
86.20158701482174 487.6195025032187
115.8976566960522 68.0531774811329
938.8516962652124 157.83751114131474
75.94498464392241 609.4771728149509
623.5252808823466 193.04796903487124
256.0451520880234 804.8134187015957
214.62984323935297 459.4278454949034
397.77636790204616 267.99953847019805
711.3725670935837 689.3861398996398
922.4953365931044 456.32315377184756
