objects
366.0897859131343 355.1117864993669
579.5389455475126 69.69981087246832
220.37867749494532 590.9936665409194
678.9405757534015 576.406727545936
212.71610303041507 796.2307180559418
522.5264647900557 798.3250787909617
666.0679125908571 753.2443465399579
202.08672400645835 305.05708496100726
581.1907549560817 295.8299685875256
133.80086138905222 145.01690393765665
426.6646798486744 672.7140499238574
783.9209563637907 475.4597064624495
82.48668893068148 407.581640026997
360.4840382871432 814.7018074058816
924.3165597050877 673.6130160913732
927.9718680457601 921.7381138266456
427.61918656098044 111.24429640215598
324.2265956248767 195.79077896704166
777.2132233495018 871.2733325813261
776.619872055536 86.85555034962309
75.43566978018379 574.9085701091633
790.934738057002 230.48027273481583
136.69387148372238 901.5881615920129
550.0322362368701 448.592017899771
528.9884323366275 590.3219869150141
218.1505434739777 434.51004399191197
395.4406437082331 527.1425932204208
927.7921597799261 507.5449833245907
684.351548983616 391.2450450874859
480.635018003897 927.5682525178456
