objects
850.4670980680169 229.1034455369906
506.4448429970114 105.86886932920117
628.2948341728375 211.96557536068454
873.5228846511909 570.8290803014617
386.7165651939857 36.15819251007419
587.1467188359114 352.46735295688535
965.1627419582961 241.64897405217735
48.0968105727848 250.67667133638514
639.4639782272611 446.2634404797338
79.64303915146472 124.61404085484533
360.4275717584784 502.6179153609405
674.6780493295081 957.7219379576503
966.6218092144998 878.6273003643969
970.4226173644281 926.7026576337211
392.8424389618763 332.1256334142928
672.5620835133493 745.968436320405
566.7216947230978 104.47840967171584
494.9351523559504 280.84525146297625
781.7098700457449 844.7171428642107
424.0017000656252 251.29636079789358
344.7202787597933 615.130540221836
414.31002481312834 822.926172937475
390.4017030202229 731.9735287137652
434.3407763924329 31.17102914939973
872.4541350853589 693.3219278969178
686.7864805674526 833.2689378919574
844.6072188373498 120.78487901999003
335.9543686429893 432.66482081382156
652.5004855057321 651.3881715752179
772.7833821975995 493.3223502492008
488.76218103598984 63.08900729531389
801.575380516702 638.5840717124584
928.6022635684045 555.4833385345935
392.83454678057365 86.96756321847302
107.08998859703466 185.46988707928494
43.84536724672654 831.566255839235
587.5560161585028 577.2795600785212
776.1745741857555 389.3720680145811
223.2515378912961 92.83963162429202
730.2768002090755 631.7456321598265
161.4101939039479 345.810709730715
305.1061222588697 53.94067802404872
825.6169260297802 51.53030063126931
70.66641445565128 320.92746446373906
701.2872296934031 440.8150792138546
800.9683003697265 559.6317706110493
566.8635785633812 635.8068910950805
493.04496451936603 658.3713067915415
801.7194684699883 196.22904048906423
631.5633205348742 103.62619457892859
869.3405514815674 186.86976754808526
555.8201318332747 824.3592976682925
234.0662076938079 796.9073637714158
30.48589917995 740.2607840903307
76.91831840317211 494.1748839306659
753.1476161826569 254.56310910141121
324.30205963487424 543.236400310451
175.044584871343 730.35323388589
232.53842559101324 196.15905767716222
296.16801671622886 501.14267713563754
578.3285292894518 760.2936878685011
183.88203155876366 129.93452030331915
913.4654433709438 334.36394932874964
747.0750908483379 426.0122971289752
955.9560332493453 159.15527820993182
149.4559362112336 81.3807289312141
514.3337868120251 908.1936191603638
945.9297226285813 818.0889118670544
415.35032488831365 598.7151528958191
855.2845693005294 761.7665290906504
471.41266785614505 158.38316417261677
680.1796746633634 228.88494209993934
277.26193555252803 341.89295647250964
963.3252146781639 352.8899704135442
117.27640039130483 387.01274713513794
563.4120024831237 424.82643035274185
688.2174607734805 326.05955155553204
529.4975883147239 702.3831475038829
537.8914163833747 575.2580539396585
466.4390310978023 486.5008255726167
881.1954517370204 68.47280296568832
624.7924016915183 759.7439934681661
350.9842538559339 354.36865318162813
204.56167109058083 44.90393079194018
287.30791397063484 698.9415706760963
115.83267241507811 760.9914366698231
293.75848375934083 230.69685011714483
761.0240212515265 46.990871445051226
36.829644404350475 468.60127032468904
787.3887626309959 926.8750906611116
268.8130162836513 971.1499459185543
951.8033210466034 111.76365905604622
171.16887050561527 945.5145576650534
911.5769316352187 651.0734148105255
243.10062985615156 282.16768383987454
219.31667065815654 845.5621151616408
419.45132012058224 513.5835680901024
166.2426025229131 261.55381692097495
271.1500525023544 868.398914646502
95.1067525346541 976.5505250217087
816.681103769254 324.2293358282134
750.3512837800173 686.1752761687494
603.060485698281 836.3922739062472
882.6665220421141 797.8760804424594
580.1614530477372 972.9570638802002
957.9902111781741 59.83735303532977
91.25224051644435 858.8789224748449
586.965746364846 487.97008081123414
855.7361056244864 376.82653283879966
646.1609936672378 370.35667074470246
62.03554840049003 654.5152406420157
925.3129665018789 26.55989310363283
828.8681721489969 872.7660645265871
579.6845691760568 255.579128450604
60.50618135357516 368.67376995631963
410.2111447760132 417.5896211985646
535.6753458969797 311.8300444734582
734.529314377378 563.4181098447203
341.927682475027 858.0072646058833
649.847045491472 571.508915115796
227.10648603944696 951.261894821214
352.0341477391101 951.5403522720314
355.50701938591 761.2570350556218
960.2502864376431 626.6698746290148
421.66668062388646 127.52046462565669
469.06260285123756 429.5601383199882
232.914098876451 586.5017474621527
895.5801674016998 900.3754483936582
814.2300542003335 273.554136581108
237.5795066362018 451.3188764692316
753.6715845756664 882.8599494922926
843.7971625756197 499.67558092609625
285.8687328882211 450.6424506039319
798.7462703742251 449.8880741712426
894.277811032733 519.421159012005
118.07177880005786 335.18004652434996
853.5025242220071 939.4596804220226
204.9805931213678 325.34360589886904
187.47000898818524 417.02429421285035
165.78128877780924 775.3004487462138
516.1285995642489 381.55404085628584
439.7922527498777 81.33091970743469
179.2115798796574 550.512131077975
443.78170081047347 638.5831928327722
890.2718352156511 128.99610167410012
210.51459227616303 897.3544507388273
189.77850938305966 179.41898833689788
630.6583268162202 263.9490168331522
622.8851490508948 883.1364583633863
718.6974672858844 187.7878833638491
24.734120053967878 102.04498901666031
910.5649674309814 853.939072038499
578.0558584952502 42.507605141601275
136.88514613803727 861.6589917957004
92.8176039585476 693.9850262435164
220.23841467043903 528.3986119457817
362.83256363825836 187.5534033273247
753.8350677587964 148.80681626375133
372.41115162690875 249.93210222338354
38.48893914389954 904.0963142157384
376.05451273052574 569.9414874030266
119.85836698462303 619.0794291048611
362.35814325109817 807.9403879523888
729.2796385085169 764.005080384586
770.6487339427287 976.1493210618692
963.6463693625348 408.1184690155459
736.9621151197919 813.1048729290557
939.5142358455352 760.8281177559687
786.8056895551538 773.9319800110522
650.8445460992791 57.807820257787824
321.02665232255396 312.73300076938756
287.38212318403737 917.640464360235
679.1276906696705 513.5457596136476
552.2838968686264 183.60732668781372
178.46006421851814 666.413211904128
911.5926658461416 211.41191285692267
397.4572111777452 971.7160894361368
443.8964584973081 360.24804812446644
472.8511088361336 807.5100796670794
275.1223546694878 638.9351577772112
