objects
664.8010046947271 662.1081668893956
837.675018221513 208.32987432906108
240.13751373383562 288.6693451431544
480.4694249231733 720.5309108247895
617.1266810780583 456.4779778716252
463.69397942804216 587.9483961523456
928.9085223207917 830.849633697748
54.279405573031724 777.5052477932963
665.3739178638247 413.4515443210674
846.1043533041765 403.16563545394075
204.45584509454252 46.45857763867433
965.8519088209696 899.4553272309699
349.19335342122224 357.1216560359355
35.92272094698079 836.3716868216961
479.50251743194275 150.16864153007776
532.0562901643567 386.51138097901236
184.4078985554562 701.9080620266647
99.70478123443964 878.94226570184
160.22898212995682 547.6625836048938
911.0794422061051 435.2081045670372
744.5165271058319 222.1585092127243
792.711810970399 41.32890021918196
774.4207728025924 904.093205400523
697.3064797760801 619.1042172370028
775.7342323412696 100.13166431669013
553.0862472931857 785.2210740817409
971.8692179830042 57.694254234817535
838.0079684246023 758.7144323119123
964.2979357740475 466.41200450070454
709.9159955545654 919.8707794042025
155.70075883831177 158.62071611413265
601.6831954365235 540.8406805611257
613.064862576051 640.8073951161192
852.1705947054373 317.3390431358488
176.96250544841678 885.2849039527438
200.39960290052662 367.02882556795794
792.9160625527229 151.38680638958638
465.42629486903854 783.9264621379706
359.36450148445135 712.0355728645889
580.844979017906 823.8874767154242
356.5979204104872 526.5618126235652
292.39545715200376 773.0589902597932
166.2386571948607 463.50147664495995
540.674984795261 138.97151075806815
87.83453378668402 330.0143755785494
511.3309452327945 965.2836808348027
642.8054805187382 46.600312715033596
213.75848155053285 820.5791411054493
45.50704580154462 385.2349769972503
307.1692970812443 43.65561332253198
283.27831283054024 661.090141235914
267.3630704810978 848.5375551449612
645.9497607479454 216.04603732896436
462.30065606477615 910.8673896675814
245.8193714945715 391.46606521071806
796.1827767006409 370.88018969764795
28.889056986436437 332.4322459101431
720.7248874994496 458.6272470787002
736.2800658233406 268.5425957718483
502.2175302301693 655.2303378344983
466.1584601342701 355.0477631852036
249.7811048872776 181.53394201751632
457.12374041340263 670.1555933494892
392.4835932715868 39.08007989697113
682.5131152279704 365.68479854724103
861.7115514168839 919.2434832634419
855.0555767184583 714.0918299288451
213.40444634773127 658.8406700252845
512.4112169260336 59.68990908618555
289.0241240236116 349.91465324095844
916.9552412216394 592.0267618321831
377.74529315256996 888.8230847260795
506.52660503412926 488.1719938299502
499.15246614180086 827.9670002105192
633.8295004249194 975.3159136421598
434.4756339888929 479.78798454814654
372.9364044986903 118.1631029650527
443.69712019451214 201.32563161129366
936.3535770591527 200.05138197765123
385.1048150688706 786.516373060456
102.04793486152637 185.64072553598405
590.4948181340932 179.42045165380807
730.3146836714843 672.1412965973885
929.8751570556311 688.3002839076593
540.0474276806943 185.95147591282844
153.26179064594814 108.6795903219954
403.7594960102573 942.519972330122
166.58076738613485 948.2931241937686
975.0828290224619 633.4286697610457
785.6447096961211 515.2387510835014
694.9312025477841 309.0951755942717
710.5698541050594 68.79562769596922
479.7099727072603 526.561311431561
513.1311161285382 561.0083313620324
63.431682901898355 243.74725601667154
902.3124955797266 773.0305969552627
86.42093974648851 962.2850125889014
566.751912620406 306.5336765230651
448.99032019953427 855.3352055010489
143.83038988632052 401.6727832465254
60.504759396924555 591.755366139282
319.4444353464613 121.66493015899646
963.6967932714056 417.81351004852945
252.90854750703804 974.4306652036304
312.82574388278897 242.70135912361366
934.0325016019158 120.41728254129538
809.8406768009594 687.1014227715419
611.8421278788038 911.9919514121996
236.99630129094754 124.3369271737748
276.2689000529468 433.91908351165966
778.534888230992 651.7280371724086
70.76963558671694 537.5557645512167
680.9321200750842 181.19702523861125
378.7049994805479 422.9878856709821
461.7706838860142 59.51607428951466
762.7755529673822 803.3389256829039
951.6811606069158 779.7256419168402
566.5381205918275 450.8200438061432
649.81315642728 844.9405527481681
824.0706611311972 462.83345404668194
390.9358187594334 680.3617549024407
899.0894725254468 721.6765187174145
674.4446379232792 136.68463645658227
356.5353831636975 217.04405270997617
608.1453879476668 334.8074783331081
136.92729549636965 694.0680582552898
339.8906215580273 661.4120791905087
89.96983563327673 444.34042490460746
535.8634050284893 871.931015254954
820.2759434832444 550.7482992167975
709.8486283596698 773.1726409081309
497.4679306526384 439.70274592176963
889.6364317058469 364.51416601701123
951.8932762351378 528.5143786011921
290.83907305500736 616.9822458748656
51.385133041390915 668.3197708539915
221.50700983595587 755.8427227299384
894.4802514816088 656.910497160383
170.3871773817868 612.546611686096
918.870279636347 55.4815316086526
610.4054733201348 129.71840476009297
941.0379072568303 283.2194407158586
666.1201599878736 90.96639416162213
419.615911716784 615.4399244342997
865.6049713026641 831.2940504776691
259.1073789311504 560.3685597768973
224.09080783565187 227.7589500220405
289.16176724947076 708.6387853456661
902.9080656576474 940.8125318301601
681.2762860656591 706.6219024638779
545.793278275006 595.8363813182069
606.1838437556559 587.2641746983593
363.9289806880688 616.1990695878823
565.0121008536943 509.5128152272683
120.60439755185521 25.52173254009022
576.3736751947167 80.02702050265297
514.1957935003558 232.8576717963124
135.26333153457398 504.4927488607223
584.3129193757079 677.1440988488631
26.760229158199735 61.6758419883725
249.86217958177258 508.53112891885854
213.80876359660968 946.9337525234828
55.21103444932294 106.06576695691508
683.01228697051 255.13858330369322
628.4456011654997 704.7467890470034
325.61919984577924 287.2741630288962
770.4375721494398 469.06282999062716
417.9302305106986 545.8685935722602
167.6099278037087 799.785477465932
688.831735433636 501.0345188330073
890.5845853960833 872.0651155740696
133.20561747848922 227.36219455617623
459.8370529108653 105.75499376612996
53.733638191329106 471.95204959363633
872.6959991923544 515.7402836177821
382.49595944065163 279.56359195284926
389.93025392431986 171.83550733461692
817.700417872262 933.4489736254957
101.63716671250563 86.28271812797439
883.9220179227666 197.8200953644479
