objects
850.302108718043 338.0125277956863
841.1826836483899 798.9525597178751
573.2208999557346 192.13439671630374
171.31026161163396 650.3892778981873
811.4087022148539 126.90836370175792
278.93588131476565 446.7489101302047
591.7620486043993 488.445170145072
230.77298445705958 203.08469295054513
668.1329050168425 403.918707339566
324.43544516668896 881.1259550076319
959.5085992599802 931.8231332726455
239.5658158069196 702.8288194201243
728.0304109334422 574.259968304016
931.5908412613786 502.3903470339832
754.0494041073503 688.6684024310048
73.3279681906794 930.6853484265231
49.87156222330732 872.1056638029443
335.710013831811 830.8371446042402
837.5875674751497 594.5416195907458
496.9647614750194 459.0458817296109
263.9059413203721 539.4219083865212
44.84870465376116 41.92976495233799
83.48007389396709 839.8183636204953
928.6083994200708 238.26642266319502
430.7430222022285 625.3011225790902
100.01476887489997 635.3869677445612
107.9502315604927 706.4588869071723
725.4814523314476 222.60387868839916
698.784501632197 471.3941029168282
175.30665709056166 481.6575805321755
153.80787873288355 586.5461629671094
933.1281658348356 696.1211189020084
689.6410628764961 622.7511059970858
580.3980994815394 772.8202017834816
699.7189473402116 751.82857831892
369.319780387183 967.753735988769
326.8681923269898 439.9718477882483
496.68804287605366 80.19515260731517
424.11461609735215 90.02861415310352
179.56746952962015 930.248664414973
88.6233363721447 385.90630792187505
505.4442589844456 871.1591870132589
882.8244460130942 837.0497127885885
681.0819034471683 892.2066650936632
945.7554757623715 866.5165592605928
172.60263567415245 182.05956095494253
540.3363716245542 807.133678287569
541.3458542935884 142.70538682702437
398.1452398344815 475.85023364709434
634.077772576889 209.6301108144849
944.0233508634053 584.4961861740608
627.798348182839 442.47167609040713
283.1895216021914 294.31141612212105
750.9227189887757 765.8311779741554
147.06097523972778 880.7555829902584
140.85992650506336 111.88615174663276
307.29533238656416 231.7463270912017
25.700235966429993 653.3465054047028
821.9528441346323 381.67465685972496
869.995766729632 720.5162454445359
412.50146597340245 169.74377930061928
578.4411443204466 75.87094977152219
841.3274711152637 891.3762222469659
426.6310683676687 750.4697529116883
774.9200839220557 72.99463639291291
331.39501072154604 99.61473212041776
36.8332829152468 383.2627257227177
495.58253403868804 932.1799048554681
226.04703021605255 424.1678621381327
619.7236844007944 630.7821989879976
600.1863120901575 971.0691336638241
898.4587595831853 322.84371460494174
480.3678931819658 825.1274540720332
396.2760615952998 667.633056733982
95.64082725091185 318.6009498385473
132.84112733157778 54.84090871357294
335.4208942026749 551.3299555733005
504.0204788133066 722.0559861274692
348.20448674234615 43.61025139849309
46.02284882209863 695.7297713941867
897.8328329061368 619.520620852919
559.3829437021758 870.8309740879655
99.13263082638188 516.0856317732691
883.6100872691759 253.0823780066909
961.309249463889 338.8169216659964
370.0022802843691 522.6722849725894
882.3675655341476 417.61054650008913
401.58752828145725 816.5189368855624
628.925751972988 921.9205313465999
182.96205721235066 801.038151743243
43.94550457385482 972.3606085772309
187.82892198989947 724.4914156503622
840.7555768544676 70.89925845686065
23.294229015185405 582.7641159484491
796.6041395568994 666.933699745414
405.15108646518644 319.65874352020677
243.35859116590416 327.4652855992442
549.0713607239 399.4763865985584
424.5185912057258 546.5172900045851
463.3892005342999 196.39842785996467
310.9965899329754 349.38474754017193
239.7629542990775 957.1989440204551
635.6431195645696 307.17776082760855
542.5939872016812 39.426205940541415
355.4624255924018 716.6987125514698
856.8736859464777 550.4229150773907
820.535211096917 276.4687232281296
159.33166153844712 434.43648188070756
237.33704979607742 887.7087088137698
830.4974532971717 207.01402596618806
836.9706690803831 461.9385938587076
302.6477218452345 766.6582667626864
34.69855320379269 196.3416730764128
201.45626957562143 546.1130699043929
315.7416893674596 690.3515871079144
320.86514697669145 189.23904472127904
672.7118052955078 511.7091774786749
82.46678976004704 201.44616452260232
778.6432308854477 209.3724779358989
570.4721205365132 682.0584283443252
709.440408859166 92.759039028972
555.3334145288494 599.1388585394978
951.4043184766873 25.51398702672951
632.1478981994337 689.3276131929815
256.60064614772034 118.12583653859578
789.9572787882461 941.0407964766731
203.4667219908366 301.31670561813615
958.9269511342018 99.6153077783641
701.7985562158726 955.3990287045428
649.5527937471996 594.2593272820585
503.97803229638066 299.960765041571
185.60874877633518 228.3612612830439
496.24266902717073 129.189556681014
285.8311964912634 26.768952464086762
870.2938995015093 118.65062584253769
504.19003618028796 236.023398576494
597.4874485825942 385.0605396558481
130.394138024596 942.9767324930458
596.7729061940256 822.6492624622396
362.7019522288833 611.6209417337693
912.6162138426238 185.78302245371268
217.6010720098359 42.355486500197166
64.6048370199056 771.4367732455703
337.2137981822182 299.9534040819283
561.103286921606 548.2917452236954
323.1710950634893 496.30134896134075
649.684788662169 23.210104198684007
916.9089561687781 776.2883329147295
553.5312111108109 733.8915098758581
451.30091627539366 24.97013755179689
768.1224387204176 458.82199836635226
287.8930400744824 609.8998280248022
123.65026120000326 759.9596012291884
767.1006318088092 539.4388973798589
645.1551132958853 161.98265290325108
180.83112206646544 379.26340191220265
881.8986262052734 974.9551398701171
635.4985931312797 868.4136180948383
459.31345776107133 293.04813776997867
23.52322619883723 446.6595413899638
38.63426723933766 113.03687746511105
244.05256176745743 382.84650943364954
207.18419352407184 615.7328331990182
678.2156929338574 846.1666239886814
501.61944007092086 547.7769528076491
929.576160766497 965.6312475237909
95.02495296944319 90.32927613355888
600.9367577643447 241.66685780610067
311.31946002590155 941.0185123135918
176.36953813427826 69.10502362296384
456.5633590259132 898.7277832582447
743.1799627070284 363.5067060206036
157.30531913398403 273.13975062847726
559.2222167125941 348.20781268796503
378.3893678630616 215.55515875067445
274.46941161031566 856.1088596926512
242.1238958984574 263.37588042363217
367.1223557613166 350.7224591347992
24.14272293328361 495.9508690908112
929.3003732440983 394.8194407892125
