objects
191.42848825078534 596.4728599725179
76.1289385744361 121.77249192278919
884.6647629674604 862.7159712098646
833.8458588186865 930.1262721319439
280.05288236005657 931.9756070661906
26.70405709905152 401.6041736965963
774.3542766495392 463.1297753136998
241.04474279908433 324.4227224385208
90.10653194435375 528.8832958517962
346.2971421252871 802.6758859069121
814.4083279871663 860.558227781638
969.1127465130311 188.43192425236595
630.4508390826279 91.05070185145291
913.0111503646282 495.93640967717334
673.7040393772794 533.0810376564004
340.9859735595437 422.0829205463446
311.10469055302076 201.34810963762382
582.6763445143292 112.15252554340019
72.76703791314502 187.77377102137015
685.9656972901321 74.32858835669178
398.71371352247144 223.23930005165394
833.4071083368163 462.6600176561004
788.983243834545 115.66593603207026
99.44942703465705 456.9009570116305
522.6778383517875 666.2349598409556
949.2173210624849 884.2105587439112
448.80343609736457 506.0518580423392
235.13189580185747 697.8766401501707
818.0070441118933 629.1677533186968
681.1641780483853 780.8312412444386
294.11481799513973 786.186884618169
397.96294384023116 619.7272636997433
99.55766879106535 612.4047308669393
188.0105790109523 288.5999724638223
454.9249757526496 253.71516667292903
950.5613683125474 538.8269975314684
83.85437641623245 685.0995793409404
947.6359198113985 588.4843861167765
510.6208091200043 972.5357862987642
757.9097714689359 157.61840878815514
300.33680661783694 456.06612915113436
357.3304328348408 880.410237450181
217.1274852002714 150.63513296797146
443.8985112739253 659.3715287769575
912.5894121238866 109.64497420502565
790.7800788259838 305.2739114906233
580.6989253420589 797.9762582756333
871.8708515727401 274.5536749959923
554.7237370766745 950.674444185425
105.6560530736633 278.6784164640749
111.59852690166693 161.8053870077614
702.072656239924 399.04683635144784
535.1495184736675 728.1730269501303
729.3776536291357 116.52786736482476
636.2170482554129 312.4637197241446
946.0591811780843 313.3545215090183
313.9931808578893 377.23107691299487
327.8347266421652 520.323029869677
798.105019695964 543.0684798118485
487.9023599644711 155.55132475547734
509.4382431501616 842.1294301009608
446.3671677275764 938.1586380493962
50.27479507130562 484.78684690819233
917.6220899598078 168.07522077282053
729.5553008344986 604.1740407175789
676.4117768867064 646.1959820915353
638.6578979879351 363.6496123445305
23.1424854636865 843.3741998332902
153.08111274374937 755.7966745524783
148.05140886582697 483.1851926085285
350.6988357784379 581.7673713520593
811.8812228938303 182.81331846822343
477.42090781567737 596.8546470714723
528.1882575514015 362.1315186287403
656.8634204442988 832.1825246555962
397.81469607327085 440.5831943582784
699.1344591815746 331.69219170395604
623.7415217408476 622.371512961628
410.43679676553637 156.62543266375064
44.56350753554409 239.821045676886
47.43496613292464 595.4178153330798
914.5671180249815 747.902621329114
154.49983010170266 202.39066629106523
404.34220697665796 570.2870637285388
361.0202332270124 656.1837538279216
841.27243718863 140.6201871323076
965.0807472624873 101.2162320343515
891.6053666119519 56.487842782380454
886.7361301533614 604.2550207312928
673.7784022042223 214.2112225119016
211.68442392211 368.9352025484631
849.4096168840686 832.4248424364911
671.4130103020159 595.7099770347008
354.6496573125725 262.1878117105507
620.4274905898038 532.2088778287306
90.40460887829812 838.8128078931735
839.2799384124911 382.171103949446
496.7994928471848 474.4984958500157
940.4520243337364 230.7483285979763
227.68386490279102 790.4878716426095
640.1554929139567 915.5965803108887
476.68626257196553 544.5204236011197
473.1721610383547 101.7635539930847
146.17760024109998 886.6727572838357
307.0302646423909 57.91514134014625
975.0748774924897 636.6143669170909
363.481383549029 107.09060306745764
647.3560324220008 496.15988580906156
243.56531284462196 463.92091361188824
167.0594686537876 107.39242588456499
934.6879987670017 832.914885884415
828.0204174274215 239.51292648873118
888.7815713158935 430.53903108906826
62.88265152059817 31.236174937817257
56.353439714062034 744.9722585466186
68.7124663911749 306.06299513713986
756.7902438773891 218.5584366076647
816.4090665047547 79.04355067969134
484.14276578260313 213.30575007698866
256.25480820877647 583.724142239793
393.50705210287356 375.92922190239636
224.51002788821543 547.1806633400882
972.4611034799465 37.24087573461525
451.3753394472871 821.8906763540359
597.7661510084913 699.3908342162587
462.121613774805 304.1546141709552
401.16113389292616 268.70065169640225
241.62534622433162 638.0325931271399
722.9025105163021 750.1858789568804
693.7562922237313 453.8506753290988
515.2257186921826 919.3412985932779
318.74125892888406 969.2904113240359
535.6998783304239 281.63422796667606
543.3445587187013 151.1999228016149
118.21900645128407 85.95506547164723
433.10045573312806 864.3913583115282
700.9130906970373 845.2041953546372
521.197764349857 414.5936008435219
491.1083438784814 39.60737296211982
124.23018754555422 802.5086056448341
58.567052774636664 871.7417275751992
919.9153764183992 951.5558107524517
883.5808279727835 332.9712954410082
688.646838954475 156.66536449940537
207.39791719710655 70.97608995955459
421.2662410777349 98.84401219226282
832.6782985716318 743.0378881804122
266.3914937371881 23.92944401244759
823.464778000718 27.30430981793138
631.9036705096536 25.96049307239495
468.55340161973044 726.4341376214628
440.66937002287204 363.43014389683685
300.83733054676685 847.8614781750709
792.5450674955023 397.3092093720731
703.9869267273551 266.4232307996653
410.6638443844575 762.1524529564822
364.8838779563613 163.46403044160735
252.84785806330743 102.59691273381247
231.2922265528906 232.76481977144084
417.5102870179214 711.1644497155539
93.50283477095171 935.799693960821
234.6434778339337 962.9765649878316
732.2375760853752 935.2692540432884
531.640903576004 601.5284333801966
309.62480055425465 604.2422214753733
952.2760592260443 469.5308114289413
168.65525702937387 399.71783169579794
132.77224944845074 672.225794301623
877.4472011370153 661.2058116550443
582.7151391566281 321.1754478329566
254.16429389015795 752.8197018846904
526.6884239949424 92.42703325062882
677.5836132032374 961.1261220646938
549.5692521839513 545.2907158954669
863.264895125264 552.2683261080387
878.0343906961418 782.7634278560213
573.1146390557694 447.4107185371229
809.1041141877408 679.610180143858
165.79516205592358 351.2223896002762
832.1814720437244 325.67890717214306
