objects
331.7614007316101 801.667953838421
720.0467978610943 899.7183101548424
837.6690222300374 62.97693675499697
632.2596543843363 901.4944310939411
624.219531220385 719.5577746524344
156.36991098035548 566.1851974958165
212.25349264570403 790.3405947883874
946.7103550000162 570.4990896370704
463.8389844132052 945.1524610848434
880.0673220472031 349.1707089800844
594.937405277192 190.84388045218512
761.0690838584973 55.883160658149805
514.3087713275333 795.3468886851414
126.60100715170088 112.42206369132168
102.76141467765532 51.924802954975675
346.0213861145541 694.9804339890895
619.8414888687972 61.00637959493292
26.075248011854466 905.5219438589166
319.18732264446976 66.24538529753251
64.44353542468188 812.3944107116603
543.5912942815578 732.9831219999852
26.005883429591123 605.3286248768384
682.9382013048058 786.926458769203
883.8453672389998 703.7568645732133
171.2985561457493 478.88906351306736
443.4525718666402 348.76772889600034
201.84807687919547 373.2554661704805
650.1817073976111 839.140084816288
633.9473768600943 118.87409060782825
813.4045120214217 401.1474659226612
571.4995805309558 636.5991862138035
266.4471820830997 428.0407608272961
436.37852900710874 647.6749301725004
934.4766448827622 847.3207315001317
571.6513292213573 506.83424414383586
767.1627134179777 381.80718349969317
974.1627971951565 364.1739079842846
599.3181881463986 402.89665475658296
312.47704865624297 597.9512227323131
962.1212840078217 745.3945965350458
179.52432990939175 662.461096279178
458.08022046542067 756.0184309335646
239.9328476401157 236.51045545637305
282.6799910499747 751.5937658135952
496.8477945933139 217.90430961422243
363.5195237303003 529.7696484405473
770.9219227658098 317.26554233532346
289.8505747117294 209.4661340167773
846.0517924848665 192.1793596317307
76.299399150464 282.0007902628043
617.3348092337893 343.3511746830858
703.7633729585096 735.1479186006768
908.8457373845537 196.96709070498352
896.2545792837834 459.4953999276265
391.63890356032965 892.7152333850279
276.5346386387794 335.8951300134438
722.3531534500692 130.61796789819377
413.1920563887724 237.24683203539215
358.69421157283267 846.2194642737228
654.1934578936327 267.71163718650354
35.8557708773635 252.06789568378832
443.5407222500879 52.05294197744914
141.32502732073715 792.4674124174584
594.1521277758535 836.1964698372051
964.6098713983347 521.5375497793199
752.3316715362624 455.9561436904153
759.3696806165084 710.5848038759782
821.5551066998088 865.1881595072106
626.362748471707 634.0024361611476
683.1993457809357 372.25229307558277
848.7284621968944 533.9820654398115
322.83692138887585 946.3364674830605
320.47272722514117 479.64864736233085
900.3726942567015 514.221087580014
402.1033468486223 793.7599827405744
82.76657554188523 919.9712958231177
572.5149080137123 282.46585984083623
418.85360710901404 464.4137210148524
882.2146270656647 793.5097035424072
184.35047077240276 870.0744137699496
620.3134351316137 579.7297184079889
532.5003811161881 116.18867093038763
578.6965575597169 944.3215009963363
261.58882427453216 638.6175966998596
65.35039830207283 635.3921126432357
971.7985305323207 692.6691619455747
943.8944739773951 57.17911457823884
30.67288868986461 461.8300007491763
533.9530898236063 396.1804786214104
82.43441733661625 184.58694271288934
539.919063953891 841.6513045821106
71.58464456891083 865.2415707765232
742.6101682290946 950.3148519629596
334.45600814543076 286.8861840329275
493.2552204622267 869.0505522118508
903.1975777695542 945.1271800062644
667.6269909087097 478.3128280464401
195.97289019298682 296.1741070896193
811.7000043851261 465.7947093862056
377.9561697467623 597.5112921391689
