objects
740.1562983356437 721.4620171792266
851.9691851229817 619.9944989407517
917.7639632688054 54.467399286607744
360.0581124129211 594.615539225882
533.5707537137188 243.02946302629266
332.91386682315226 468.8751671089115
451.9935418715415 458.1583926049874
105.19567000509969 191.80058432791898
250.97334417848978 633.51333090755
709.6283275121149 221.4281718428633
914.7226324195807 354.50966219114514
705.6098275339432 613.1815685363792
907.4247119499174 410.3983038788403
71.57410388883255 312.96047669563075
703.3792991492272 761.5247365541263
768.7304593483092 809.7143527417766
548.3753168220886 539.3043426987812
394.65288863907233 411.2421765924406
54.62284988059485 594.2973277688526
558.7978285713865 355.90530365086323
38.04919527218046 404.94889968929516
240.17898094317673 184.99321856529406
162.6689431925504 351.54687405839456
621.1036632969608 720.7819357073117
97.87916908367944 550.7483862923622
701.9038582515603 350.61463800351544
928.8262554644557 644.7872611178436
374.838797928641 675.2106376671253
661.3617701780347 841.2033943060486
195.4005736639942 708.3584337479372
756.673725596064 30.446701586948112
481.0515855308258 929.5472779327833
643.7658263987107 139.78066685862834
578.2572684464018 778.0975381519405
866.4440646579261 843.9612845231053
326.77297622651025 700.631886119998
876.1659685605017 231.38691819138987
479.8400627066404 346.00211873333075
190.46134330040226 966.9121292785231
183.94819262842586 616.4409609701564
803.3013302757004 426.3937662314723
930.182117149007 157.1368606944896
225.5827964834131 338.61710073723674
439.8227468752927 886.4434561458348
194.6060825116933 819.3386784331436
77.15712239706998 859.3244218169561
780.6434588615683 187.79076610277184
486.53479149658494 201.3588210191212
586.6793491072831 126.22920133469141
792.8931991471243 688.8989426817543
967.4365726322577 879.2376951280211
154.38460504277793 429.8976766726573
171.5384389894802 95.21038318202804
467.67522816577116 296.0511729129812
724.2567762310366 483.9455133396306
801.6130950889138 71.38303597384751
550.8045337558476 863.3797248725051
355.5069638470001 895.6046343168341
891.8308229178703 299.53484162410194
408.376674686149 271.4778033264478
774.869637840679 623.0619930300398
279.48743390848193 90.02906702248484
113.5451728758123 749.5664430187697
957.9933190310016 464.9312455502313
843.7466284532018 494.17115318061525
502.69034283707055 29.807868065826042
297.4060904819193 172.76981591156434
113.38365345609293 466.656569953258
581.1942617072514 268.9420209152297
899.0437252277248 731.9160090211083
692.7839711785339 267.41021528752583
693.0274351844695 167.4478558680334
44.18457511201639 912.2267206595786
225.18329106397834 528.7936107257137
394.9854907115844 553.5063837544869
122.6094573360599 284.11269793373464
151.30775045019325 222.0030310742254
398.9816916108219 339.79828152003154
125.8513871148767 598.7630521338631
746.9150646783384 134.63229516452773
452.0057616526259 643.9137984072598
782.6849890091677 906.6101774843676
891.934524355731 910.6489204806406
637.9995938960848 971.5249533615172
441.2399098231704 573.2373150055314
221.54091290833975 881.2147537050262
373.42725285681615 60.40425890201787
769.783037827557 274.80893810586986
779.3440465872495 486.7607393754407
564.2855763386644 435.98169544153245
284.4178566956797 507.5196187702507
881.0176510982982 792.6374027878139
53.57199012935121 722.2084358776343
283.77717784647746 914.3998777809671
193.68529551780887 46.51812348706519
267.7363957124507 837.8846352250536
526.7126600606675 806.0175590369178
830.2120654619204 969.7567252961308
252.80508530436222 775.1192986148279
223.58082450089762 130.7824890822717
