objects
564.8907845902514 935.1789650091722
807.1481711727391 767.8255588242195
444.5452758719688 827.4396192192643
683.735087226923 735.5491648806423
260.2979218634431 187.90867573566888
322.2530490086306 488.23392573163426
701.2979806408977 460.59998029926555
649.013637518549 190.06675742167573
525.4885047298056 136.18424283662813
132.3987424466764 381.0696458842907
557.4927477304757 761.5159050844742
822.3129536316069 251.4715646630654
696.215984057744 124.07103951365401
198.90998033242286 107.07059179044023
972.8149051736576 45.83075106735591
314.5095129753319 396.3458286750293
540.8064819039085 194.58939296356442
819.187901390923 629.4188705614844
863.9556481984615 297.4280460309503
435.06664803585454 927.6652250740758
472.7682052126348 461.5899411515759
911.6215382396658 617.3064739998296
826.5678304228276 506.9006542487401
637.9000584980984 905.1329313377222
743.0516374926156 353.4547767555966
216.3826344696592 248.23084884176592
540.7973062820106 872.3158551148372
161.8158659729906 565.4553975930355
754.086019105797 293.18205977706083
948.5207826095879 146.76896377913525
89.85090391843049 766.7175522152504
698.1424406731284 560.5540997398243
498.4746959027013 761.0835547469143
388.0810525321084 671.7521814242358
652.6073055470143 374.72367203335966
900.9908921048817 859.0898743767477
821.2090047952013 76.17905840191347
751.7769806754728 618.6608646676133
946.4316618524396 455.427535582243
514.982638938802 29.96395585385968
624.8239384471946 295.30605654497805
183.8022907083442 384.6148395408918
415.92154207364024 422.4363140688517
651.5518379668839 472.95155893422594
278.4621523548605 799.4648851721319
240.01170894745078 832.3731868153625
900.7952975508566 665.3600485069004
143.42583530970762 319.6632101097213
381.652975194831 814.0409690489462
586.3262695966174 361.25343434579815
465.2154314941025 201.75556302636986
236.84119860753924 542.0718357676568
915.5853174206901 723.358722447906
295.16178813121013 100.42417533005843
235.16251844153805 661.6823781393784
138.92495477985062 732.4585065564733
868.8271499321568 905.2617628021242
393.9590547073938 75.26083949842716
971.7372263455627 923.1470220147935
273.88934682509563 52.871347445197785
961.9536277196576 799.6193298194275
810.0501312078077 892.6552812867814
724.5406165890777 838.0624775082715
462.5199321294664 398.66463602435266
132.74144046236907 433.15694355751657
706.8927093157257 970.4273583406966
968.5091609043187 718.582235843663
578.986053424636 598.7018706256666
761.3867143661303 516.2966561587398
750.0670589041671 730.0317335141017
216.62791459702996 954.8506060193871
871.0706466096581 197.7651464030442
28.162687745583774 447.9838788547707
302.6924069217531 929.2129484974682
958.6260196143223 872.654732753544
203.13648479253024 495.4414163689285
391.98900612799 372.98693744138217
129.94547592061798 134.02041597196435
110.18006513386543 260.58168497724665
56.117291213695 650.7184452295687
745.2109446848488 207.49750932060846
906.8906859630459 497.4082982748753
37.171063673354595 94.64936733221198
596.0617451956422 849.0811463632915
576.5099040960943 664.3382938002911
777.5857012992712 39.94425497898723
119.34661269396767 488.60586135946477
339.1421678276431 633.6521213952311
271.8958496234152 247.48588506319976
366.58699923998785 461.9149993853937
161.49411615275304 890.4859254704426
662.2653521467794 77.59086705351913
388.7246603325165 870.6831801712443
65.5429112830091 717.0836092238721
794.0480240065039 416.9925220173559
31.676552900622895 221.90783211049816
527.6378053715022 653.1964742166699
389.79909040507766 130.94197365329072
892.4561100295716 375.24194344053495
556.4500511620947 93.99911292796568
