objects
585.9395277316781 687.7485706393493
899.2304784621134 536.3116526475432
177.31757672422137 484.9547528866199
748.8946397511506 500.40725122141816
662.1246407329074 916.2652284000019
951.5509951520277 289.60306786727836
878.4094068756971 377.807818389203
851.375208169156 291.2326965067466
861.5062100194539 787.6282243157965
780.4228240290948 187.71130884299683
862.864525398682 609.7349888143315
110.09669548545342 918.3132603557249
199.75402972088776 846.6016683400726
925.9126110033741 54.89916859224833
791.6698001569675 621.1599830975299
861.6459292943508 144.06736667243493
670.3837501716936 107.72649281130798
58.42603899263451 537.5500426786571
420.70492746055277 341.01081265804487
338.39248409960885 873.622823775029
685.4227166987978 388.2425854532006
796.9298520915602 828.1281512427312
272.74611782000716 280.5371154534963
534.44602430569 496.3412982329911
343.13196351216857 289.5640498686196
851.065668389254 408.96509425788065
147.1072516687477 453.98557068763
507.451176656205 837.2537606552418
256.2648527425479 667.953210413027
585.141745950102 385.659196473497
322.8433880641194 508.9017262778615
699.5028643564782 529.7038442394249
379.97966638824994 57.752089842252
519.7130922069499 558.6166290667971
919.0646180219381 638.6124805800208
134.7108805531666 733.4682622996075
387.46480043076724 585.9175663965291
688.1695361985147 692.0332054479884
34.725991171691604 648.2251834156937
791.8299510404477 226.82572998435157
113.93682228581623 958.5990048764946
774.9288890369174 83.87965864665
252.06067805511222 413.47612805824167
93.28277935732378 232.44889643531317
565.8513024626857 186.17700460608523
702.7703037179479 975.4417760756749
794.0503329262821 752.4679658729895
364.9674997800356 125.78924735880094
842.3895875403344 724.7067442486082
421.71638976097415 540.5345403546421
264.9214176568072 197.71569871422747
56.425593953230724 977.3361070120009
62.404329618339766 677.8645225229923
649.6314644277096 562.6037118961069
312.4641006700924 825.1036474063413
978.5555659251304 427.12365203510785
971.8808800340793 376.8394441758511
283.4633499105295 763.6940014753308
734.6678128892894 722.2582447952941
914.8480093991192 724.854970745082
681.234852411404 474.7939901673402
191.36060681806737 407.4121677276878
517.4830074694144 908.104409027143
582.5580038779972 258.48623933196654
391.50299985362017 630.2036915288913
445.91634890039916 84.59069035379547
277.2166090345686 717.6183025309349
897.800580232231 265.58825300879414
659.2148122109812 178.39142296458837
361.3856570272611 471.1684778069932
833.2469980220261 571.0359361291257
434.23296919225936 721.7634247304607
114.40780401973272 378.40263849249254
579.714813062058 625.2082139240493
934.5672106379063 363.9054622320049
469.6392760937953 686.6961714500951
141.4374463397051 672.2257071018763
454.74090790687876 470.39209711711055
187.01910755247434 709.5527030401349
107.69406996543407 484.24864772469846
527.9535581149404 137.7473167915338
565.4469269781886 100.6233118872147
346.8079558015669 958.8155735406986
346.4535399313186 595.241716151891
351.35876644040036 659.6960183025454
470.1501581208761 282.9843660337906
817.9940058549442 886.3011706996364
329.06233832512487 225.02913626789478
513.2260679915455 329.45915877389655
536.6520040179365 726.3353166986207
850.4117771383646 206.6908113536512
829.4846964713257 679.2787001507775
826.733994083141 523.4303880024822
456.93857032314054 624.907815603795
186.990114463828 535.3250079394192
606.9476921930689 504.00412758995094
883.4558508036357 856.3281987770895
150.8536905084294 554.325272092679
401.71700414450015 939.7093298743947
31.726454405989713 382.1635773124668
392.122153271437 369.757216762178
221.09145575661688 643.559887634514
85.25076034538208 26.183823354702454
174.923592635869 113.52088424163395
546.5676262446664 364.5774957281732
141.9682400415383 333.06914684439494
816.2380091793801 269.6197227933336
439.9867190850438 893.634338168218
240.5926299914362 138.25235801441548
742.4579864226934 852.1967885485383
704.9100039538173 774.7838319363688
878.9203905677032 27.917296763571436
717.0372485540877 292.17598122481445
220.81555461078116 299.0483501062008
479.59992181988014 398.0440136636231
68.39281136817877 853.4559283939433
58.81589877413623 299.2701724511385
145.82139659262276 605.3686377695341
634.0308817550177 606.8258645410099
308.8943749660009 572.6720366249832
962.9360603035312 97.88611624103517
155.3291255384187 851.8587336208965
360.55407604963636 409.91473741003085
498.84696912975016 42.17052186857428
232.64293614187812 801.153387242713
150.15302108389673 795.3351341581431
315.24021556886646 424.76092725893636
609.2215167332276 76.64318103447003
824.0289862369737 355.491460503417
877.2372018941741 456.87553714728756
268.0389208746456 588.3704769065496
881.4333385531917 935.9501696912478
62.307291826083414 903.1604768911758
140.37825127085767 82.08169572508685
691.9644022582216 432.6315219339997
836.6784617775845 978.4161479400915
242.66222879809547 88.21254761449994
963.9877814353059 496.527768922885
214.1404077674957 470.7591951063433
377.57147095403616 234.61712123898528
44.94651403770502 758.7551572394578
413.84299989083763 789.8249519090527
210.68723618685797 187.95555699841046
585.0768688734919 570.5938287388396
99.02437891148276 340.3146290884173
929.8897734771534 191.3890404160892
942.889628755566 928.4751651983593
600.400804238245 788.8755607317744
693.9420975749925 860.0713806366466
111.56807589858845 171.47797957970786
411.35371265745755 109.84938138103763
843.8060522948184 835.8785188161874
465.6801406761126 134.3511281108864
976.8493623654605 808.0038844630228
863.7091860746026 336.8985422749445
