objects
293.1154013910027 304.76513691336027
685.7789775043854 364.87565574987843
929.3168029763783 456.42220458089173
798.9858298971609 842.8430287255396
142.38853983855046 877.4288621608897
370.32619848087745 316.1136447590095
513.0485852745032 532.4133422375119
251.2384223816171 761.4593275549604
965.4822251069405 644.2199798015275
415.81657012708297 955.3950055370489
67.84271957713437 220.98039374231308
128.97686337249124 162.18483603745008
596.857865715786 254.2878266422836
817.2605680830688 732.6905568593044
77.44690103100751 292.76976246833726
377.22807519441983 273.8710507832682
595.7763927369646 781.4395508665743
112.62250204947978 220.96142041338572
550.2679992620997 341.4134661243179
288.3509176267123 908.3859109191819
540.6071732773381 573.6488584437345
753.028547056168 730.7343053990656
935.1957868055528 856.819743795811
496.37253660708484 319.69324785315575
593.574090014755 466.3450512714704
359.7031329933153 840.0327738353432
220.8635554721322 921.3820336693146
695.5229660446579 223.67500972222288
172.60014122199107 624.7049710742323
139.64078552249305 416.523597586317
209.88846319891948 421.0991029839207
457.97863532155407 748.5657672501658
288.088570056368 444.5290222406875
372.34636143335695 569.2045356924673
535.7783080483513 131.26265375242028
239.99327404879523 541.5861638751212
898.335384740894 709.1240954620803
324.09191123592996 465.69928568509647
691.8610486215697 101.87954574592051
607.3692362890733 345.6836397920895
433.9724503285146 384.8198109445409
762.8366236450254 57.517209292618425
315.5770167453086 837.5830753904364
534.0729218125143 202.89279373825116
833.1741141236635 495.1135368521665
236.94115610480497 352.9219205769741
462.22785805778824 128.04324443804202
939.6939554712052 254.4430983358506
446.52675554304733 669.9205419293185
736.7061178765834 778.7856217687361
215.76895918621182 701.0331472061027
917.0560395715657 60.326436767269506
406.2395199738477 917.2577738011287
543.2148162506305 82.27819091577418
77.45193616493383 726.390822767116
183.4620696546565 136.27332858001031
661.9815573401652 309.1595381976431
853.2511226660971 443.206400965625
86.70376277308206 445.9674288861514
644.5178701431705 959.0392392665902
71.74214058300143 678.3947480114907
623.1169120470338 861.368893990782
92.05591119970103 392.73553243179765
484.9258108909604 904.9640493709769
186.91008921172445 579.1024133946952
588.9278532342682 106.72662492092073
863.5407726878796 288.73943657285815
762.7332737959299 400.9575975205298
521.4779439994728 947.7566097863237
829.6588178804311 320.05915599842217
475.236171063342 856.5888114671006
104.9315887432519 645.3211345807194
451.76826555565697 185.24522022615295
274.06113020550424 797.6450076774861
822.4592746724871 244.15467532666054
42.24001211631328 407.8087124643322
877.9867698525912 137.4236428758083
210.1903287581823 657.4407017285852
268.18567068856987 265.30304916455043
74.8608772824644 503.2034051292014
178.99520022716698 329.4419223321886
194.15620126097633 498.5351977780774
837.0717431022316 768.7866734322827
798.351773983473 532.8526702553588
320.77364121420624 686.4258985445139
331.3230657387006 548.8247198184299
142.63892838720614 748.0886522757927
415.0847392022238 289.7388520126766
678.3985438475682 33.104206283253596
876.7895759828384 82.84026788512128
811.8635161470283 379.8688077566902
387.8286482931169 812.708556776
405.2487675376965 596.6266411486268
395.66350194549136 664.7163148899409
780.6973696954316 101.16304915283308
493.9217597456169 64.75717436699897
709.986266957499 915.3053275646089
890.8135607963159 884.4957050160206
354.8234517563111 968.1645119977811
661.4163013990261 510.4508983555867
600.4917524682506 629.9818043353563
120.72859218707707 56.66717705773047
157.72370921738613 366.7069219181383
754.0671201343275 461.80574175471827
447.1172982668544 551.6465336012072
514.9978431283528 21.084148461864686
681.4189602214758 659.1504361919258
206.05162200080997 287.4626371436575
517.764681204183 845.3957565500484
34.86862502022261 744.2357711469601
541.1962194332483 741.9717281010169
585.2822973933925 697.4275666822658
820.1281099545458 672.2736974159984
337.95402392385995 606.0330245422185
488.75658834472654 616.335747662274
680.0763930659708 441.72783123438694
361.83450721893064 893.43479625958
818.9986848650719 138.04969380853447
314.5570103179033 787.8261258625494
292.4123773651337 969.0981087504389
686.5191154327443 865.0871702351955
922.707067789113 936.630059573576
636.4785451677739 105.54065900544416
370.7400725002723 489.1171540171281
397.08381175941656 766.0472422673845
959.03240394378 183.0271786654657
742.3349428779878 978.8649991495927
822.3297952014236 599.5020619500087
654.899792196798 201.23813436242628
263.364090321566 653.5288094311511
64.27365806061962 361.58974665002677
416.96657372042785 438.94820164275393
570.267840567749 972.6195962353855
777.9928277952556 310.92480860332364
675.422340549331 736.3802126619632
292.08394413555686 102.12242388207956
129.2884914420667 978.1375057764938
220.89496584714132 608.8359831895209
417.9641033275318 224.75356048169223
738.9122641759935 336.4007043791963
571.4851934830978 511.14498947430104
721.5910370142127 184.59210465274793
296.93740890476647 37.944202705601
904.5400164642127 326.2915968461409
690.9275272492241 612.7889399448998
689.5613436250371 554.7991340581473
232.1039701144854 121.75111281969886
373.39228480958354 81.61731068444323
923.5430122039927 406.80536354369667
593.5526783004233 894.2142975619415
291.3487539466738 203.58413738042373
755.913749976505 633.8844181227548
248.70786114783894 160.26076960646085
646.2172259180588 583.5844058746119
777.6713248201705 918.2116234631997
