objects
49.46791655523339 506.98853717143743
912.7052447576281 637.0597402629888
218.2509260128021 831.0974521131523
390.51780682126684 754.8735145327817
169.5271397475555 116.09388640493832
245.8107111805667 255.42879868033492
912.8349661550288 353.3218220623951
219.24437505003493 370.88441360195577
451.0145709733765 103.5609740426833
280.4170786891549 725.6738802185484
710.4637027933373 691.2157670282686
238.97712118428 491.0734481791202
943.5886032024272 766.4762252379231
237.54262421657728 972.2503180254253
245.7798123518408 435.09735814010264
97.74242516156534 572.7420287708879
75.84051278232191 252.13221192434088
731.4728863380151 442.84455442322917
281.8771583981203 783.6872718393189
471.44256473264363 377.2936155924682
704.2563904029839 879.2714274566606
398.72732552916443 650.2149344985452
579.1783638822917 697.4637399211942
172.04971830921858 525.0765300655177
840.391277979706 456.74294610430456
956.987289618249 175.58672076244235
183.23200645923237 683.9054382710618
446.07953862776196 38.90040572600199
92.69795901259927 766.0787659599109
61.981149872388315 657.1040375378778
86.36231940078437 177.50624955581657
940.365462512299 868.6852304571678
977.0787414712323 795.457741711324
970.1838577908676 257.59365819371124
432.5841149129518 402.1852468047995
766.6985998954037 220.42040653703307
911.0584088192065 835.976876651645
634.7400032725272 538.6874933486521
73.48878934409231 93.91817088644005
405.5366569955461 515.525565791252
753.071570888539 523.1464987984624
466.0578393013741 786.6240658410879
837.786332961404 250.70704219553346
259.27032795144487 836.2365394037264
147.04982748420338 372.91199025305195
912.2008584313302 161.65568031721145
103.96608914541642 289.52649361958845
153.1544087148589 296.8086266263217
25.507147737286136 291.581356355426
362.59793660184937 673.0408509863516
204.11271887602436 885.1494603682024
44.63074345752595 603.7275011014272
849.9990418731937 314.5079403402508
798.8910526130019 363.0612461578643
707.3118851222882 492.38797635951755
741.8789088884462 867.6886985473618
437.408834880251 143.8165869562842
355.2382191527747 114.62577675702634
692.8872697658976 315.70738278803617
978.2164306864859 636.9819523230384
746.0878314253849 787.8327506393877
389.6311098837707 708.8444446918285
36.75843593463145 904.6719623086243
212.40122973762433 600.6044375754356
921.8941444010128 439.13417064416876
815.3557184208476 289.43231508007534
160.00383297908928 252.44422153319806
838.1788182100759 842.9475598795586
110.85865276728813 623.8784549793581
537.8127674897366 883.2809074041775
816.4102876802027 670.1032542215103
171.93916225060823 439.3369632467726
842.2736015968479 584.6918039983545
23.954748130385298 463.32531029459483
343.86627058535885 403.57020473402986
297.76861772749237 190.81678614376412
898.8501880798862 679.7791198259724
252.02205489880146 38.64692748314624
568.7026115236067 243.93839157768093
107.34708262804386 725.133022699209
786.5505280396162 553.1092949675054
503.740420921049 849.3186313097937
958.2360469049431 355.0303318951676
538.0416004636173 412.3102160864213
327.0212390747912 463.5101610530296
405.26084916143395 809.4570022348407
733.6297192993876 363.5144965486353
751.5928024321511 308.6409267151445
571.9520963547733 162.97310163648942
336.69319949946487 278.3163805012831
638.7300642309561 776.408088605268
930.07626975331 204.46321952831713
351.4725943252911 334.695615687188
975.4264436684921 692.1546451505687
525.4160409862676 561.0936840725105
550.8896842206947 924.1800253545689
650.611930351938 218.2122012590482
950.1447713646791 534.1073590190291
569.6879223627394 297.4130576992493
485.1092042342316 242.80983435743664
455.3336466763742 915.389841251706
778.1268195061634 643.1949284760855
795.2689944900715 978.7466439032769
561.6705106899424 53.198376494085615
774.7202033298976 134.22663902043416
877.0985119812289 612.0530516801157
98.76931827793413 436.0486187661944
752.6808597457506 97.61753775369806
351.5022866005271 49.088403232374375
649.898941148532 333.5007173342748
546.6516384121077 200.579324592029
900.8830717334067 246.71606670404165
301.252078088692 627.9822405115447
327.4754281919918 145.6033175989872
341.94634851822195 736.7617766313232
315.34919578361803 24.971574189940558
668.9415002441993 682.8872185005213
747.8290748171479 949.6080525619537
606.332997379692 824.179316314619
181.4813241905682 328.8107470996847
326.61899324981425 969.0369223515787
487.9903590899037 164.77363365856755
444.132127066488 658.4523844289081
173.17240500460943 21.486155596786993
823.7949749659831 170.53042394274175
661.1794908836195 108.2155263654306
452.44445631123074 502.2991323318381
689.2952416519807 367.0558839468324
636.8467673108293 731.4643033981295
547.9034674282876 652.6793991480406
344.05908229496595 609.9761199331132
135.72519351041882 146.42566911134918
665.1537066003666 477.9592364522423
149.53979340976193 62.3235830405936
832.3811942639638 84.19853102339086
627.7904853457726 414.4979538079458
731.5575278491203 54.960381304519316
493.0705432554562 306.1596177885291
526.9546450460142 25.17734086469202
371.61113288924355 467.09294102645913
705.7340946066591 84.88208846970542
90.19887438040122 827.35039665743
212.15171118357034 537.4618855036712
86.82203183762077 491.68285211008185
408.5930159728098 926.4416059441297
519.7877488387071 792.2152542718204
186.73690063289487 193.39766201495135
863.2856245012254 759.681618922332
409.76809931272555 193.83119220197008
901.5121703159517 73.26280654295897
282.65281665287955 469.4901072799747
53.854845438903595 976.7836152983302
895.2788872586445 729.7777844798894
699.7266200094194 419.19333589375265
191.27970901623613 81.84588519932939
