objects
900.9211234455062 225.44185954553558
173.81278830616276 341.01267250696117
527.4124624786049 30.79321378971757
790.9746553118197 103.17990066934935
163.0064362236991 387.9921812379944
813.2493766412258 504.05282774294466
776.620040910341 711.1966198343542
908.9225589315307 644.218741377892
548.0242206892709 659.6486362840176
108.1409547797667 661.1499252492999
208.32556933420665 72.36631980264106
918.2766076824203 408.0295154455442
394.16964801473245 867.2592443865796
556.8599068839675 92.20704130792444
824.6326144576099 424.5817865214373
175.34533696200862 743.8200599044108
173.44484084319618 801.1647749549761
799.7575079253746 901.5331864270617
499.16589853247575 335.92921124479943
938.20028901418 323.97647476506745
648.9662754553148 884.9398924097484
573.5314170363661 374.3054589115312
836.242033540709 683.6516211128514
974.2838524817237 510.59574901741985
611.563757555948 725.7742473641068
491.0911842732264 761.7479522215276
849.9722669838751 554.6230747151519
762.9429595941083 181.6743642601307
715.9436546821024 34.6481040211644
738.5552994786524 529.7835433929066
223.51939283610915 862.9855485769442
429.08152552838567 205.4492183709147
501.7081310062444 521.1675788211195
85.25480649141316 583.5540597516016
699.4199512738574 432.7580566383273
155.9738916463105 245.9378189513506
592.218995758693 43.66292263545225
415.01130580756256 660.9201621203314
256.688305270071 892.4918251533968
697.9822917506327 154.03968958108658
787.2398347354731 649.0941269171248
247.5066306575614 675.3997356557344
381.2358578349296 978.9322841514208
398.71471865635937 244.7350388781701
602.6968267366435 809.4406975600162
314.6878818022091 553.5522941154882
290.95630803781137 690.2709894450566
767.716402109131 370.2431517826391
137.3995007468319 526.0767891186421
450.2944820340113 709.8186109778252
951.1103862888198 766.4488838119398
153.7571255631995 309.1096085016168
159.10759889459825 666.6710926671343
866.1390856156052 72.96996119961653
623.0199665835421 606.6654265851455
622.2941758960889 852.1276123887999
788.3553214960915 565.6612480686819
787.5206745659711 846.5561433951542
628.5812099218241 382.592958831032
25.785803360161598 468.1888946313342
495.1083730059861 174.9523260125912
457.19024835887427 975.129237619563
931.7897895748089 508.74658417871336
937.5037873392852 569.2401752296905
394.58868332278445 434.54577955447945
812.5048215539899 186.96270352587356
742.4846441992264 234.10671236196583
44.609854265776775 673.1084929143508
979.0820015724325 255.9223700167222
197.14798651922962 949.4709724793277
879.0516161706304 912.0744715721305
380.792060155752 751.3154103579514
395.068971584243 335.247399704569
829.8434133710746 90.48438663799976
218.20610764734585 130.56559440088236
878.2221732997907 388.22829433042165
582.0432346119966 512.7445251184602
951.8455105320664 433.56080112231274
358.81822954790135 278.91995654879537
784.0327057961607 939.1686116710064
37.464374792589396 954.8444078620576
131.5120662130233 783.3960930584586
878.6154379178074 113.61236522919542
506.08080881922587 228.8796872502619
98.01608576663628 814.7878879515067
819.4673605502393 313.61514301336797
245.97686159813873 633.5754814057495
684.7172005979952 102.56756335511879
133.7240032812106 451.0489408416753
356.13060745816455 881.8950035236907
