objects
941.4551774759616 83.47376290822606
351.7045760896031 338.294845291111
853.3882435935703 800.452620943385
938.4141945788015 617.704622466035
767.9357703343111 841.6997015249494
220.89247245956375 620.6052579519119
297.0053463907388 459.08731479595303
427.4323969280839 263.5159244170922
128.9827127968411 565.9752887586748
91.22112975646967 262.028769081246
205.39096309527866 94.63658976626927
473.6067189219054 756.5290526669888
851.5778051827674 143.64309928150118
485.67613662205 678.1253086467659
729.0243117109584 264.31359302962625
140.77849623622438 792.4993271016489
691.8594625963428 737.595493647461
639.3630817773378 664.3017436245328
121.65569218896376 482.0824388545514
253.98073744056273 709.9649813211189
546.7056784191444 42.32753944922361
332.16005823222235 532.4763860647015
845.6282483300076 848.6265093283185
270.541807434412 236.10851437533734
711.5059933229455 645.9108028398658
883.1137486495028 440.7878883794755
475.3129400094088 349.79623776745336
140.00896700856686 220.9945359956223
222.77271404495775 163.38110830436716
531.6938091505217 805.1892368879573
361.37203440111836 108.30581895320599
658.0185922293228 580.9046377269153
321.8840829970108 902.6223174139192
599.1251094177327 550.3803656425024
224.56573813353327 555.735226853562
58.809724394874834 882.6320182016185
293.5863546119203 727.7388482429304
332.01818849301003 220.44810503123762
427.3774611444031 777.8123302409368
382.94725214354696 964.5721971665192
664.6547413530416 210.71560470429938
391.36220671695344 831.6270776178025
687.5794965472057 327.17808602406103
141.59676005109907 444.6152764916903
793.3763880190861 770.4131562131151
167.02211304282832 313.51863652732237
247.9808591237604 925.9761904107758
518.0702359678318 625.6700041427321
645.4580081367973 704.3414325500884
308.40028903714443 344.3426484577667
542.4779276514402 220.1170306220746
708.8562218340223 894.3595746133176
621.4791687826853 322.5094131885696
698.4464442522104 57.71216024497698
566.2017155795089 638.8695223996431
175.37221023240926 502.19602384062154
146.19043552921832 262.379484688031
884.7240791210793 607.0929585336413
66.7984315209568 188.85691838252274
366.6077471780843 663.6402471124599
29.810710077326668 729.2138705402517
833.3417495263581 525.1823650699132
388.0944290656489 25.96838098484615
795.9490094193444 410.7150741764367
258.7025630809758 656.2123451937263
934.8435327724396 390.15384699225996
450.21165078820104 388.4076163443043
354.40494033703675 878.1567597996618
497.42123257476356 421.30815356580445
412.19623737949985 94.9421859111789
855.4516380623684 647.3516845995166
138.4974008093102 839.0066250030437
173.9610996991172 62.280883165365466
669.5480666131672 488.67293090198564
932.830332805293 766.7852850143493
638.2163506688294 926.2904354198448
691.7340979520712 848.6837591423264
935.296792315781 718.3595205769952
478.0543241568004 852.2986886397227
584.3747466087364 926.1297962835511
908.7242642401125 508.77656889421826
91.77516994636005 580.38434216098
951.4218614833394 524.4379416840219
484.4387037209948 169.73715758248977
708.2326135428294 123.37947985946728
66.44231668734173 751.9832975637386
396.2492832219053 284.9915097894813
852.3693575140943 247.13287693527985
340.8513711644369 788.1532891971791
585.0485441074621 304.78093910870297
