objects
794.2121569310796 388.02282188761467
372.0868987490005 438.3866082313674
301.4852013187374 877.5847811109944
531.5722685697077 34.949029931570095
185.66029428391818 933.0928774823043
513.4946063575272 216.3488581226987
72.05448550232677 617.5498399187869
855.3205958598537 868.1198680135922
93.57695331849683 403.2948567777294
497.56852277389254 418.87908875275446
959.5861073833111 379.39463755099734
662.7547703850774 788.9401760769082
948.7024626996813 734.383544444787
533.1680263607645 608.186309273135
489.0343179919648 682.8393687800823
902.1791165319491 798.5564993689703
187.27570242919086 785.6329893164348
893.4056526408065 682.5755252790482
102.018402142178 167.25069425667448
866.4052866507027 417.5885617127641
167.0068787402243 539.4384916781231
417.2600015796264 605.4084890166681
948.5303982417335 94.35684300158316
930.2174195133503 867.7391280233459
954.8891384671371 914.1545864452759
356.7436537992036 611.1308900746803
504.4430030561379 931.6925339316555
915.2512084102907 316.11550669252716
751.7332157821785 428.08211739785855
85.08179315529698 271.5320846067625
701.2790449788681 749.2169617196912
425.8314547754028 648.3436047347695
793.1454421483969 575.6750380687932
457.55741110003584 144.07896890489502
112.56639122086256 812.4858019637649
862.8313373976874 601.1681286087464
223.30097302798816 582.6827333672139
959.6006870276384 199.24408082247277
658.041047939487 724.8788685697607
693.7599880498085 351.00320524218387
468.19107616532295 70.35665433054002
20.334857256173063 793.768561512047
436.51686643343004 540.5171744551469
97.82378992777485 366.4344153811205
751.0027293615855 736.3174803136753
25.902236020472287 755.9507772827785
349.6499342869293 788.288870552281
115.42891921786925 647.1888647791985
186.9405704419027 851.1631540970279
699.9701416916579 842.4778296835386
68.077727525515 968.0896001228998
445.22291968294775 715.4276139374194
302.02856553462715 60.20940534038429
780.0988039214714 337.9753336680793
763.4027962772767 21.96399493685692
885.8394302899524 896.9336574852198
622.0201224433223 829.0805558911708
601.5842171036113 566.0506398118774
464.9430005171269 186.15683410758044
531.8464113121794 501.8083521713643
785.1923360839394 464.56204727153516
902.3030733565448 231.97907871642667
135.48033551973296 954.4470597503251
664.140302454478 88.50928448507494
210.1277350063463 365.70666830034344
64.95411453122826 474.9761491013528
971.3479843380911 650.5449813095148
52.838636086723135 325.22634159531594
590.3658480939666 276.3938482570347
193.12829348389397 326.30541563555835
776.4236486496051 225.98070355244153
153.17475993196427 452.57882790696567
926.8408035773408 473.035380653751
625.5686978546813 67.93666752619527
32.38373858654369 167.13811983979167
740.703184494584 808.206644233363
53.585977924741385 95.34865975694235
162.08588873888192 202.7947594931598
220.13719425441946 60.77121317150285
755.2250358614822 594.2324225848106
511.07301934339114 315.63712783527967
646.8617251247464 883.8459124497822
695.2547272137309 122.68989310612736
791.4202638274685 848.5415321967516
298.07327444159256 410.15222424455243
500.0692259045948 735.5335811146485
548.6090213143198 924.8476265683719
553.4858316196522 83.35051304583024
712.0526324103831 919.6357348655978
232.6409736328215 640.8272219726548
