objects
501.2888273718525 726.065388593516
636.1423006389415 862.4607217659524
683.1792219410128 477.3451429288494
809.380644816905 295.98770433707506
404.42146543357836 69.30350308185625
910.737746087429 94.483746613861
859.4428255283729 839.4406215269679
137.31230213573073 830.2233785270394
450.80198095759266 126.73085840839161
962.4906403317635 163.8056624397169
312.2645122527603 157.14113039825017
318.0570421104977 779.2146396209619
163.3509914559391 509.35114668381965
377.2284078541775 298.6908444986626
69.73720042239712 77.96024774023364
747.2168481919886 463.6113542510864
178.48166040699994 702.4417521053774
934.9903488775698 482.44645762191465
622.9994543729457 703.2829551179294
834.7838589933754 552.09264057161
242.0012966734491 160.57024327761584
340.8754978025464 952.5328224184587
699.8855535315697 153.36262807657764
733.4421229863879 849.3525314369248
374.2026980979594 380.69952547457564
300.2527115022122 849.138572293162
255.6592256074801 100.83128115613532
177.63697242779875 81.72576778472174
31.057213286116802 593.5078905931658
201.0101379298227 649.6659379975102
323.56893085417073 675.3929471082304
530.4814367800896 906.8091565264432
397.8654393400831 666.192121264339
776.2552099105104 132.94537818233078
365.06431511165806 854.8124606803736
444.2810604371499 288.1264417862459
889.6117718945866 248.95248106119726
784.9133094884634 669.7482000352503
275.69062420121116 538.2900396902663
41.07086401253386 951.9068957343027
533.6263159446502 667.9861122328064
61.83304139618039 486.10293139797204
883.7876621724637 319.83463644646343
971.2128725618609 602.5130464344857
201.77732831687032 426.933225369805
422.83621454990856 569.5328714592254
898.2384687684157 564.6695648904098
118.72371277423562 268.57494798782693
303.07276092217984 257.4518564326796
545.2097068750679 349.781523649352
792.771760536755 396.9077079309926
470.7415677582998 370.52318521680854
419.16216868731345 828.7449288885869
390.5915049996061 917.7150038510022
144.5794194528895 633.0927311311654
854.8281687549937 372.3788448719549
504.9341112244276 843.7073404621163
734.2971701452619 389.4064817141432
906.5181164248488 182.88066197475138
631.8590543211432 419.0559277128913
151.95378029502592 393.15101567735917
656.431707762597 285.7600392079167
883.2556877556367 39.83038898071303
942.6851985276985 739.377221382034
937.8271672946307 969.886854997073
584.3249186282253 47.31644866593413
421.54993720130426 499.0279670364564
571.0260996931942 405.24873588585547
402.88314599543094 218.87067111627732
598.6711720395057 625.6347539314594
945.566620049981 349.18184397922386
772.0210543588919 733.6513889729156
773.1103081013715 804.7508726328622
239.26116863875652 248.62253670630577
190.0524760068595 558.9763586564204
319.18197239122287 33.82815008040647
724.3153418743876 585.8945074859668
475.7890005663308 595.2014635089214
852.615993414071 970.8516646270657
147.8205141996532 167.18430027179528
560.273946728136 850.7697394395509
626.7457102747104 938.7342690820018
70.35264602567075 543.9754670022876
830.565483706741 472.0968762269829
193.99261761485656 293.75861965719713
884.8036664436885 619.1026348226311
931.8803057842676 285.22432939103913
768.3103536016697 58.8233388857133
942.942039068152 35.86503873105692
478.41628987584767 208.79856210741565
692.5577211207656 217.98153254110855
244.37039901977982 929.2390822033915
533.4521233939989 275.0618115119262
77.62550230576643 884.3045880330939
551.6482700249169 156.20592700401465
643.8944735106446 143.91069850077784
610.6607563501988 327.45890211509806
725.9153655539358 766.4790722682841
163.39545358894108 929.2299575280257
719.5110202476595 271.311435572388
363.2599325527164 593.3685535225686
277.3071577300867 618.8934035367738
54.418994111168786 312.74222863802663
845.5369958208476 205.888890866767
493.26427535184314 436.96611835366247
77.6631460409778 785.3574877564664
805.2540079866459 906.5453379906506
908.5324271144032 888.0664092711861
617.0252879501132 213.4572897871821
560.6410115945129 735.1873072205818
778.5172734873611 550.2701461330839
857.0953435008221 779.682579139414
200.60292984564708 357.02802755872307
105.62927296706927 429.2431768876144
688.8085588438898 694.0590427248386
589.7304526141615 116.99484636737394
257.82037845508245 710.3578814668214
470.2969804328026 944.3970303936125
29.131267739841967 152.11679625047617
76.97862161226871 711.9258740656936
