objects
611.7308113573398 512.663109666876
732.7246474428428 273.0672891019807
487.80100815862005 423.2701362871843
828.5990084371042 943.3960897544179
798.1558440767325 342.5029905959245
200.70320071038944 243.4977834399257
61.343588938938055 183.8547017306381
59.73274331027211 795.1793739599309
338.90820759027645 843.284672386047
554.4229911341924 242.68118710892026
32.35758045314428 540.6817843752539
487.36422811701067 685.6438076330866
540.0530237192999 539.6056749500655
511.4033580062691 489.1895498550123
260.89912941878987 675.1572150175981
403.06115101765675 299.0321813174198
859.138217716231 129.0714613912058
402.407833740446 860.0237058482887
856.3096471727983 818.667723826248
432.2932666115144 180.4729971852059
867.5383968573051 647.7861266493882
231.37918435208613 290.04422814746965
276.5369643975817 211.0305752030005
908.8738514905791 723.1070760146499
414.9988570208303 608.5656112033898
117.60656162100834 549.9548094017758
149.81037922096615 31.798873308906956
908.4618060687193 601.2555098075268
420.844713388767 948.5497108657767
194.64551608254348 123.86031869204648
284.87619087170685 402.13537633006905
694.1904372011537 105.24692604350035
732.908224083006 339.5589654132578
806.2451026017536 266.000415814386
487.4962941827406 931.536756968568
127.86126323863378 661.294707034265
70.32333484407805 459.6706179136609
848.815836652772 562.2754087176746
654.3470321601062 906.2618878527975
763.9515260047666 87.49549083354871
886.2344869437105 876.6805472399313
838.9244344414332 387.3011984798678
906.6610573276582 67.20066193244182
609.5941739095937 149.4774035947132
841.7045201368203 452.71104251355973
421.61423983403733 529.736393518962
338.7076839659247 343.8779940832812
558.0578105387318 429.33970543019217
278.0763386864223 580.2051726840667
838.4749854371497 182.72282142716935
65.81836679150153 889.1816140094545
647.342527439349 573.3245445059256
536.6577649935587 94.90583325551172
878.4733155785173 339.8802107200268
393.3084783305767 120.484903945719
726.9364772728132 915.7087833697018
760.0080527626725 811.2795369424334
655.5388693502638 807.9228023663314
867.8000021204618 242.99229493858635
311.8491794653466 517.3625332113185
271.16723250799475 111.82354276050457
968.4473661275234 404.8671192699191
823.0879564597727 694.509939393432
362.8684531292145 624.7071811653918
922.5913035591741 799.6671883589271
129.60887058738948 131.6784760289143
606.3137197942415 631.1236799404971
449.8556753832071 743.3646594742557
505.35135893805557 32.71065743377277
354.4601155284188 206.9735773861608
223.57680871418262 461.6213598835604
726.4453297176856 726.2771912698552
300.2229757709853 758.543194628043
482.4431753885309 155.68829626746572
155.4149357227399 756.7522304378643
780.2339887334873 866.4370677482353
653.7200540000714 370.79638482134044
802.5397960871296 492.9386264239717
352.75423409899213 963.9967889638433
659.8663796550118 656.1187117400683
501.3983879331374 601.2008819125525
237.2741949846212 833.4358053690952
406.66887770798013 48.248973434548034
429.4030105886475 677.9669607402587
649.3301915856449 743.8193309594528
707.6115882369751 219.3526982719324
108.20958996696295 234.1422739219051
55.39382922331366 50.84332356418608
38.613599729140034 679.2583809845237
967.0861888092911 692.6148029201928
357.9843356134205 779.9954582561127
130.57252730635167 311.5491215942222
830.4914682255 762.0937297547837
296.0475548379734 928.8008575800126
370.3757004921655 393.7959897843401
508.64212315773904 800.5058797480716
969.5573664534863 124.61755739884023
462.51738385656364 102.27236633428973
668.5986361153249 516.6345847232963
117.4584163382563 868.3328970649012
552.300964359542 151.03341220895376
587.9238313205573 329.73528851473685
493.93784801373437 853.4570607626081
941.9887306427031 856.5735456812167
616.0443616239061 227.8015093598871
167.18537394525157 831.5496484370251
330.3950794808265 280.3302444067359
731.9806094496537 430.4097618455159
968.8842467439839 593.0125700452713
168.7828216933804 383.65617666925647
935.1585235485904 193.3067237585264
656.8617514547932 188.0207315851573
224.49061176765238 967.0306694132037
809.6972158750457 640.1143698969283
586.9116479195981 914.4379125076955
494.0684369079946 293.3808364314017
73.28161686969288 351.6651097236427
294.16716633848915 49.723249777845254
707.0295350256454 968.3389793178193
358.6720117780297 722.1414001898811
