objects
490.4579331179466 436.8729425233294
835.3236473247639 589.3559002107653
464.0882316196371 80.50015208122737
630.8969742291504 776.1394471254936
781.2418074458437 824.8496637524065
657.0728884273036 877.9749071567227
153.2737813377774 118.97446766437228
193.45083659559427 597.2800325577946
50.10994146933764 757.8231028318514
861.7265468818146 871.131452740644
437.6137933262511 772.1973034605255
792.0629653360389 388.7750794382816
561.8677978418428 344.28390725430245
111.35018813120232 765.333318168503
549.5036438258533 524.6699249567343
565.4108964096428 408.9009918271225
382.45876725244796 805.3902474413591
524.9442412281145 831.1638983277716
120.21808178190737 478.4357754658786
721.7174709804999 412.49790603190814
89.36273139369197 537.2398854596013
247.6900357464006 46.6664322051049
571.1418498132809 134.9620999164978
639.3370216356924 374.3633347234555
536.8137132681134 739.4885641892959
462.756402723162 263.82046837416965
608.1230740738192 84.78061436047633
694.3829631029973 235.13640933527748
545.5530889416814 30.29113062221752
101.06559907111337 282.62252764047764
278.46431543695246 936.2155338311904
931.8162255864471 125.25047430817379
843.3257503761281 363.65233517479345
183.31438338041994 476.54149971286347
35.89783135865676 969.9318193755556
286.9342825369133 492.3252682346372
165.43295717657688 858.4926390065249
757.6281053795866 279.55560378605077
916.0340401384394 345.16035351080825
800.9870499166894 879.3893769793343
337.8890618482514 709.7945164169544
331.39232613213943 856.4110125287858
453.2463380148242 826.7917021244878
110.7278517901944 179.7932549567915
386.48780283465777 740.5735697174554
627.4845798308068 572.0765882434717
749.8854157071038 463.1843990092721
682.0627779413029 300.4393687285287
395.6394622663983 117.42596965078812
365.9744169273242 312.0343012151028
230.21381219952602 426.2303791344512
502.2992386988333 626.796293705078
631.7169660200219 441.20538460731194
35.29385050357294 842.4825585823776
191.97014019071543 379.08630825129705
944.1198946431481 602.2833097375707
827.8889430110879 115.7536220695544
90.41403744205465 97.63472923541136
700.666701743511 716.4856878123854
588.6339665294217 720.7669950053777
227.22898894612186 749.3221648078218
693.2862670872036 356.9938769049883
610.8177803212006 251.2093902003852
436.3697619330211 330.38604950916954
969.5472534804287 952.0375770132241
871.3484926915477 699.2655007873999
784.6891178806771 732.9749942062525
834.2799232700715 250.91346492217357
188.2206411271284 254.86382166996847
375.90481356543023 397.76406219354703
832.8613905618281 655.3456060110412
814.9759556474437 952.3671368178703
302.34534253614595 373.76776276376216
513.692062662398 308.88015092723475
901.5880962102952 279.00593101178436
194.76309357790353 193.32422975082503
411.8669215054731 476.13120816792707
849.7169023817637 479.4792030913435
126.35321801799951 903.8769199946465
772.6394122152611 654.0365631726164
615.1660647144262 172.2109725397904
122.24811036437417 399.47497007069893
419.38886991947385 897.8499079509794
841.002689401816 751.1382556528747
312.558574559189 576.3049252723936
194.8555050231312 68.67183441747702
150.31170313050472 684.0761181099926
966.9762784237935 433.45121850525607
582.5221924320169 961.0151952061485
766.1252844905277 54.728469042914284
685.5256691340346 519.3078778046483
956.8639014409939 743.6002931441028
951.5319385094072 249.15456724194925
546.3108323887913 916.271013314073
964.5849150194173 661.1281872883262
235.7740928305202 523.8879434126794
295.458113589313 108.9221434790518
534.1811031469632 227.99909787356646
479.3349743943826 677.591536908908
34.999964941170674 191.04301154522173
304.39379179325755 171.2856679234389
260.1657687044694 810.4435411765626
664.7562250417737 52.14978113921516
101.70624395024467 621.4602803061244
422.4372971236465 623.8667940836126
903.1167988589385 414.4434056756577
44.10238623345162 456.4594211815195
885.6752377873586 47.9219059199327
713.7510122775705 926.1760173748273
354.0667995196672 484.0904129919035
104.95661875428284 823.9502896901297
35.412488147818316 675.8240189078848
631.2441940502886 667.329947412358
688.775084362792 166.5395867141642
46.08089505068217 612.5680355627563
218.5076655026316 918.7350590292219
575.9451390316472 651.0300415612774
95.37594595777456 966.8847738720794
181.58579780499414 791.3405568862047
757.311566709185 546.4644506209477
