objects
252.99915848113446 941.5994243889702
801.3614607975223 613.8053284200573
705.1906905405448 560.9429972787705
686.648789138821 338.86150855986006
567.0872271703531 553.1266393907557
33.726891416998704 851.6535587838625
73.82554911927737 397.33603107780215
901.4130600931477 353.67430138894935
662.7152044119382 98.55443987114714
957.3822482412727 960.2256698910687
122.85132098111775 186.64430047951836
915.1250030481727 637.2432733224456
73.39110363109333 967.8057775264746
349.2194534554034 583.6227471582723
955.9873366673324 805.8349843110765
690.892290341882 242.0732698507167
502.3510915111941 638.5298286751387
312.247091260428 371.9111940003521
176.49100895350335 429.83962519770705
264.7223141284136 725.0556289248398
357.12823789552334 507.52496156856887
43.589632072489785 303.55869614841714
583.5455342727447 87.05458825179753
695.4698425535728 654.7472065537289
865.9644626480716 581.4876856587956
580.5281002270775 345.8453592706198
599.6713555669502 731.9802330188242
751.3979872614595 276.367894035411
509.8978528176327 218.7168492907695
910.0021507259512 79.46707480634791
813.603311128662 844.1738502390092
119.46039889836042 273.93892756617873
310.4337284265065 233.4426216902051
869.6737423422481 758.0747031304783
701.5117414908756 403.5768594243705
166.95522394908613 119.8260598156968
319.0022589173252 915.2455525121898
751.4885124733331 648.6734175371256
381.34676123189024 232.21107352673448
227.14027839077235 588.8361160688193
484.20315658939995 95.19454849916976
502.9405722933927 772.1281546134802
813.8553711486591 736.0314479301394
285.63934732852624 423.03992539587546
618.6867163243786 519.0740137681911
817.3130283978837 311.0227678598303
350.1028662015624 839.9850693649499
499.0918833240644 341.6551527460058
437.7075375464298 464.7994107381991
969.7967653061091 384.1114018743396
384.6864995985388 908.704879500324
837.9589919179642 172.33150988315182
279.91776891057293 152.98291446131023
144.0526441985364 862.8523486466335
905.1074901776238 207.77887395414913
759.9658549708616 196.9668821306471
667.1987790426999 31.58941306609594
614.366134990493 839.6707517307509
556.8173969173329 492.70535410434536
150.11102266427972 967.7340858226922
79.30488844655702 496.33788797441593
443.96899958541894 780.7245691201144
772.5743105425495 404.2687670162985
239.27305899778358 298.17931820359723
969.0835409801646 700.4025017427907
797.6640712593289 485.14858607102065
722.2364643794551 777.8005135144244
697.6255725190324 718.3766429017253
463.7221303886117 677.060017323448
698.4171326307517 497.2590823622407
899.9226703372577 146.92853881514978
453.0844470576407 263.4174155946098
633.1084028140151 945.3122077893156
309.433405575246 80.65032421572923
146.96675516414706 376.08681645155553
152.08020763257517 594.1749020337935
489.36289972207777 150.83346852116688
559.1967439015992 248.9054117474988
764.8720215305843 111.06541153583225
633.6844036725641 785.3671892442272
561.4153753977206 959.8443084000314
472.4386033520619 571.3075051952926
553.4027323618698 165.59463230049437
38.0629190951955 459.1430077908411
251.4840983724756 59.98912452539629
956.2661208710847 139.9908456559432
497.43689604656424 450.7197586406007
542.9564004724845 855.2902582490507
577.7295496363796 615.1499679686152
966.5495521019346 256.19789023015284
627.6365715901308 173.09083459353533
219.5110150785405 143.0007858009821
119.39397662050635 715.1711343073409
754.0949168571544 714.8881520116744
432.14652262652424 941.6214783126816
258.3267837009283 524.2706677477555
641.8964565574086 619.4151191561233
915.8239713238313 922.2771489484891
417.69400408538013 624.8274788585711
352.36224531661895 32.97274422145776
831.4844391428876 92.66274167100984
871.6825730845635 263.8873068281942
233.65835189638474 785.2130154693906
369.73587900353795 718.7001124831988
627.8679658053903 404.8077498598353
68.22984385164249 232.63579778710087
937.3327043813297 586.1116510429308
955.3829456589517 528.168592160119
530.168157205424 32.26162310199509
754.1451661867594 854.0502620428325
248.44363413545483 869.0783234067751
856.0579244323977 394.5756627286348
175.37410762381145 203.9140609897662
853.2331334507053 28.603261026405715
641.3116060659025 687.0177942813442
511.1030397255961 280.0790960548232
96.1643106462697 915.4756572579302
76.12034815434731 811.2118620913283
505.0744660615295 904.6016302038989
220.50819980416392 644.1179905489092
