objects
43.529382235361496 500.061931170004
642.5219747974348 143.77354060391042
962.8386069958003 846.850220886966
235.39431120039202 522.4826953946425
720.3783658355032 490.3076800059262
708.9703758841939 202.45425904863976
363.17981929375384 203.7676832132955
109.30296411076154 721.3275071697025
903.2614776269667 304.79001111369365
837.275554350999 533.2702681193543
648.6314573244838 497.7108242419331
724.643191302387 305.5922869062796
902.9229075950219 468.41828652351614
668.0853660671589 755.8344930241145
40.86988826042491 667.987857611471
471.33702737194784 766.0365373790003
638.474566800466 79.87312669968755
446.9424405938704 897.625785973641
514.7402044536015 876.5191867226602
528.7121206358285 649.394138662231
153.40936732997454 215.6279341229394
724.6555300902186 576.08205160946
77.27871005829871 73.3228588147087
550.3518602646326 499.30067003721007
573.7284442007282 591.9803130189836
454.6519519969985 448.5599353664868
830.2536972356588 813.3117263324276
781.4377517717568 98.78033033022946
793.8307284678785 396.4418817729718
488.2329185395426 198.5401455166128
432.65733460600967 382.4480709100759
929.5948164352853 209.9359156197324
517.3160893181638 548.6280044733679
843.5699168388579 174.24469286506056
823.6893321284081 949.0003579227289
380.47588400674636 89.46650031679184
798.4427106125559 876.427058989182
413.7640952438559 699.9299560203475
76.66895907385509 884.145628494081
932.2411345724149 36.59406710007738
798.3041689558414 40.448223825759484
408.1221434720491 549.1760584965552
839.3063361127428 594.1162690680744
885.8388848188165 889.695302472016
721.251998268968 769.2673376404798
604.9270662019725 935.4540576848799
290.0534123164662 599.2686784254746
325.8174224883216 451.5931120423078
668.3805983814117 349.5991163456945
212.71440634786023 907.00990889857
198.9993496876715 819.2338984610686
450.7634325284582 966.39320260808
839.1328507223345 95.97082924981525
314.35406215996846 331.465749309931
531.6584714939179 50.26686515208689
43.36431734796621 319.42037691073546
182.5904100860061 154.89392911014045
781.3345902826752 684.4840034665057
303.2154969647918 157.17732493997775
399.4762467959018 280.6902244119935
202.9850870385907 668.600182314415
484.4273009627624 265.32231575897964
246.9422435933264 31.6777936951842
633.6011606632618 612.626451740674
501.394089067532 384.24591660086134
636.7515848019085 846.2350810224807
801.8173410323122 455.0154633964581
174.30279664936901 372.41396935962064
601.1001966561016 422.7895690357283
264.8984534199652 869.8190247597377
699.8374989362893 94.730287057265
723.5181485092977 408.10354768807434
48.50939299353013 253.1788186522383
554.77724968994 159.45588607307891
604.8931421736729 198.1668651371677
252.62093486763106 704.6703120065243
911.2788328031781 605.5873970178749
954.4403554542968 157.0442543829654
247.9112819327583 223.8406325559352
140.3127100363427 40.408105292767914
42.532491310082875 732.7333312661821
112.35818451689128 532.2791040920251
289.402277894133 928.8552752510724
230.3858177925225 309.61705461235556
132.90218102109563 889.9263807505297
778.1216773676423 258.62933274103335
375.8732299209136 920.2949223642973
576.9543299656191 368.295718323841
582.7529253645412 824.4303681189863
674.949738775659 913.4882837861796
722.6483655441824 864.2474716353082
152.54313317207226 782.0434187204667
412.8108878134795 171.82240792662384
164.1031009779155 556.6765977265767
569.1552818491664 241.54820483793415
773.8185251423486 526.7305489523054
92.77689979590261 461.1895406538785
109.99245171816307 655.1725887338137
128.71326457004548 294.361791456137
763.3644567588864 932.5767102607595
438.60496330184753 76.81145389852398
272.12456429990374 415.19754181973553
522.0416104035253 435.8075642091073
468.45025191613144 518.9123070185295
625.0605616137667 713.3078804859312
241.80556358788164 775.6436673010282
317.82883054573097 75.92614392572115
853.3047713104162 667.0592595045831
120.92812585932896 110.76920990092545
877.5629638268869 51.70896568685035
140.2339769712534 954.3391723002379
766.3135450190658 622.4722370011511
392.71769970456756 451.0452819566501
875.8237826813828 731.973409527437
314.10627006645575 806.9694645449297
359.86317481289046 617.66589928117
347.5807339021289 969.664137097013
107.2719540968385 350.2606015866931
215.46772191930916 97.52743475777304
342.8261655895287 726.0874924705823
