objects
254.50697968281582 482.8430256770578
753.2380880771426 592.9266729769392
129.02128087826722 911.253006794286
368.2095752210674 40.06030155670904
46.66214868678924 880.4146432070077
623.6028115910015 244.5660186789515
742.1963841964491 746.9798466980801
403.48644860838755 815.2074222127263
415.94838933659537 517.1257500300774
958.011227950845 554.8234678737576
356.7266876655002 483.373196806967
563.9727775179667 119.84927686652904
87.00882317000088 283.2750743210066
602.7125478997773 442.8682686879521
362.0362052688563 698.1119455836829
597.1298348539844 801.3480718027082
394.67813741162297 232.93714338425198
141.96448195302352 520.5710619959038
197.4655904703687 305.82261104076724
490.0931339070605 249.86038347942986
152.99032246347952 725.7525353330378
787.3572565674251 463.25363886782014
858.9553619421265 750.6751714253726
500.3549008322713 76.34004815696345
154.4423138963142 372.4300596394612
251.1595134600637 908.02319366646
254.5141740519413 200.28235163667566
330.0644603524008 151.88749730564788
861.8362574831334 145.09331017334364
528.1630030954101 549.4092643035749
791.1990041646164 895.4017921382913
737.6842466176757 538.6935397134532
903.1640016919924 667.6045045284927
247.0565336410829 764.9759999705399
206.14890284834615 961.8814504815131
580.0257167610537 577.8985270762178
486.37696117998297 630.7665472135906
87.98894496774359 833.062540355898
581.2080609128327 43.21904797774296
212.0445919140241 89.07988056324822
272.5199051614447 292.6320028281806
481.5613656468136 928.9374777001618
590.5420503883739 506.53700161094156
512.4832252418493 165.27042524407017
190.44671743056668 190.1396238078511
387.16390265292836 354.9476502243887
344.5401143157602 577.1040922206622
355.0164715854201 636.9304838812465
832.1751070427852 822.6421334554003
496.51740130969944 847.9972789914359
549.736715139542 634.2826142277199
382.31509133562383 968.5028218473641
124.3855282497668 51.1552848042818
255.38955822455 381.44931630490976
535.6900554946116 783.5586325538249
421.86074711537736 735.7105122947474
707.3273796136003 810.2743861951658
648.7031042323147 187.91910550032324
439.16108643699556 130.83941420796273
727.9780508079366 194.87121696186193
893.2541009741469 78.9200532444943
347.34383215863994 292.45943202396114
966.1612306709438 801.6151403096566
293.76745080019793 677.9043774953814
68.43219198670457 467.5319843274509
461.5094218128505 682.0889903493528
539.8978963626517 316.78311236920456
762.5489971035413 116.01746353737327
37.181768883443524 810.5748757277184
907.8239710935768 424.77845135844
40.30072370739585 183.58819741827526
136.06905898484914 252.9033039091179
638.6686690692358 557.6572376958532
926.4176243256313 903.9044985099512
266.2556787188148 830.1021236040402
138.34186431113588 437.4200592521799
928.826696423325 325.8589177983039
144.85615910860463 107.96577215166775
314.4000988482469 424.08028561643835
661.8602914548313 474.61580527263936
182.35227207265984 800.3774750482258
426.3738419475717 30.471399967451237
837.5293088989797 316.22401865711396
327.33373388390106 927.6080474058117
841.745206882664 250.34783365768163
84.86828865757263 611.9314313491288
33.209453110904086 520.8821618655238
171.16438581102219 581.1705131910207
70.177180003116 119.71879242286677
960.4799685273402 126.9887186057578
815.836479451666 577.2453555363263
280.313116104366 124.92485847316985
913.0650398815328 958.973732509636
889.8655696736959 816.2664629958558
684.5611107266544 937.6279333232234
536.5875322274942 482.3920081744645
218.76964040355904 697.5268268657662
370.8375820191866 889.3655897438666
308.9765617004423 765.4363094379038
529.9845409446989 384.79969320213297
179.70933239943517 35.60024931204125
694.5212419828786 700.4230387504282
36.17044177062428 325.9396880854213
478.16485548820117 462.32032552493354
83.5220214955066 675.6242151081036
590.9980350686109 691.4065876096107
965.2780427020997 274.1101876291499
695.7029039491898 53.48869869322097
959.3086727339409 53.18178587797447
42.412755654174845 64.46650311753105
941.5154357221522 178.40018228789776
733.5119850411388 340.6840461174089
785.4831594124738 298.0619008090079
648.1622832583361 116.95810316442142
637.6509636918184 44.836333224023086
87.49006576696162 955.9088116343014
623.6111630175141 921.6009254225576
823.294276395605 195.84415298298995
90.28524044280954 766.3540250174599
799.7405249549533 52.40591035108535
