objects
247.39789234130546 709.3710420239039
710.7496826457887 368.78505754243673
286.3134423812723 460.1533891261939
200.10579432782058 529.9704020323446
266.44982847968913 873.8873658041714
850.5136065170784 78.32692324113718
112.98366469816688 406.0956737362831
829.7686679133255 890.0447299169936
890.198867964833 257.6173799292047
464.0308082195913 386.5362931522986
899.6038124323401 810.518316048059
531.8072507927171 137.17494625959367
387.36325140801 317.7082008711532
176.08809275868308 685.0465598542651
339.85933173780813 682.560926738341
852.9987787632135 596.97262163802
594.7696988188087 61.96412999468447
915.3432936581252 107.13333387839475
121.07137442371393 323.6047199181194
574.0212316852856 544.719949890577
399.97767081815687 448.76326405185415
625.4791162076216 135.4982377491254
322.4070276899781 39.41696963024647
618.3431605068404 215.59098148832754
705.5259116922737 902.1058240904773
918.6484922640074 460.5743632287852
219.99705665104892 138.25040587868034
96.30598735469869 858.3775116708296
674.1178106117762 595.4884979777637
422.6322143217155 56.03220002454353
389.03730781204484 768.9094427117483
694.1220326615257 833.7969876574102
704.5076416648986 254.59307167001856
461.8481885653856 316.78285136246444
582.5801663027157 680.7304718034367
139.46400310754325 922.7944843603121
558.6221069628486 894.7961806253553
939.9102683550644 731.2421888923944
763.9256398972188 221.68211777414143
46.13592372930303 720.4838474687123
767.4852264382527 633.5611784240006
80.74168943883544 96.90834139271458
502.4937803529661 575.174867096745
836.533458557316 660.6154975059278
141.5450128887219 231.85512305724205
649.6042117927933 701.30867531076
193.5674523369582 836.388234672781
861.808946489025 506.13701871853607
779.8109235285048 49.63290103863666
186.2576660813036 373.05752257535806
497.17079915385494 237.97213296676262
499.85590997318565 50.353533958218996
772.8161025633206 466.0297761321379
962.9492481729908 209.0552143670407
850.0030308920326 163.96738975133027
