objects
782.4212353530226 89.29171660821095
380.04719942037417 470.80862351729996
872.0727494373651 924.147692305642
926.8209161155302 827.1654260250807
200.38999101009455 166.43750101393775
557.5961929306236 71.60867665538092
941.0934448253687 658.4434553240063
99.80965370701807 622.251897624528
87.48754293671116 128.53322354336055
37.2463233710407 932.5152017798488
652.7972542774252 606.6268018359434
120.68071283759969 330.7805045602025
231.35987239316796 744.260511925124
854.7258748483094 103.09610440147392
317.9014690589732 809.2594033352198
466.8739613686922 246.27729509095306
471.82628706646136 89.21612552123439
477.4470930856909 824.6979795425858
423.06185252359325 878.4911111799425
262.8981524979274 570.8604335583184
133.68519617083325 775.5105616450919
765.7905566968111 161.14146686403774
724.775137692206 507.0829947763449
502.5040028736942 590.76809174008
663.3209202654837 297.54273109859395
657.1593170721324 462.06540152854757
949.1735711850587 435.6245525713855
634.7145791832586 121.69658828382617
607.7918507180885 950.5245250883434
181.2601318400221 657.8532864049356
937.6321559635365 156.5730904797876
574.6005010660182 808.6728574951377
752.5651501314034 702.7238305118108
777.6738661764995 445.8730414530446
897.5052839459532 215.52723535982452
263.9705346239804 301.7940872774429
935.0842625613607 280.5716990863708
289.29359584769725 460.6672251169951
835.7672608585646 276.0198183694684
877.4112473729963 423.0177245788664
541.5132681501454 698.7146352850011
765.2754547313189 959.7715046730541
575.7850247726799 566.1517595939102
501.10508607082795 383.311513374246
578.5523303011354 215.14926982131965
71.50691656705936 511.770382816561
803.0107175441184 529.689493165529
691.0560489956906 840.9929451205971
409.53088027901754 115.15291397575868
858.0585934619215 339.9365744946342
324.8856302868932 898.2427932694499
854.8340338574137 701.2061943550445
744.7561303805211 596.9903571172869
192.11897081031265 850.9647999322209
843.5049352499865 601.9681414911578
