objects
393.66585052262286 143.866788541545
268.9870038394684 401.6154731492974
672.7144363050915 692.6294760441837
816.1541624988462 662.0462365465211
604.7489950461988 91.1221332262163
863.3382779855021 68.107329657189
594.3578711453083 199.96071237688253
77.54455884646066 863.6303328026404
489.60502137037656 973.3374488617427
227.70362649043685 31.636142845612287
473.9016803914832 595.8393710929793
169.37961521389585 902.015929087062
54.49372464262807 371.5979478643422
820.1012965933262 758.5124227894387
803.9289833367515 430.5715962634027
531.4620215984934 605.9639631843867
382.56434530314016 455.66861286963854
704.0276269209172 783.7695967020823
240.4597086999145 564.65564668349
441.61787174087374 290.55079105938086
414.3479192973919 824.5445861841006
206.30105527965276 631.1308593954067
513.597861190668 276.6890728821472
618.1312776022123 680.016405758029
623.0016793202316 278.41678264520783
774.8392920916975 538.0046817764236
817.0377512854775 45.636180280154065
652.2381177385107 549.2521054733297
223.5256775888959 934.7073963434725
798.309922456506 971.8213672077628
542.8309383153185 39.02873205634467
545.3389452136676 230.26360972545822
679.4829540261497 842.9715179458249
927.3770632011369 875.2285051040191
436.96921557030316 44.93378434951916
261.4104337024368 830.7561105333867
632.5263720307546 884.0408604465456
408.07231918294985 766.8568556886638
783.3531882886393 804.4052446850627
204.4481615615938 321.29761798824615
272.27578623507304 759.9228066335015
851.7696095262984 818.0658072634508
783.0320861806921 228.50200806058632
537.5617122467402 791.9343813121233
450.2810865466587 531.9469410213414
546.6805125883348 372.3700610572889
227.81703013878337 112.92216613793389
816.6371839843409 158.29382690889886
736.247969060745 480.39421247746077
739.5250182376205 652.3729543364923
606.8688576247652 590.4507299762968
644.0638598133478 49.93557510754293
350.19650737179586 812.2349145727271
355.5879478559067 539.2770871334219
956.3556534399407 973.813343986931
86.73623130235275 561.4279976189192
641.0946768472464 792.6055884654119
275.63952392859215 662.1899598521633
736.2016661960622 972.9636404847963
159.84999745014403 264.2856069284053
182.26316224481494 704.6490565097585
510.74035410390985 672.7204355100827
835.7330460977144 887.5377960190671
79.01207494006852 115.33831132784519
923.011509286829 728.7070838104612
121.7066063000102 222.33919602850716
307.3343671291773 333.45827073751207
681.0007229730794 222.13638968596192
703.9860136137804 894.1021792961967
940.0811375897441 640.0367796641679
411.1314305869679 574.4554357163728
508.9118909284647 126.26410709216339
760.0149723042824 71.61170370309507
855.3499348927156 569.7214077865611
845.2839419798166 268.58893942605073
745.6492645450309 264.3993624971668
654.2657296710097 434.94456851873827
164.4392083566324 970.8641163309254
924.6957265492249 569.1081986467622
534.5303197046754 175.590026309925
969.6613413390558 826.6687683037652
177.58123408970465 523.8901439209554
161.3656385219345 160.98617913961704
153.68463164775756 807.7522301344491
177.72147084811328 383.0954904022299
857.0098874645662 699.5557725705218
287.93672406049046 58.13051000976483
51.04253861081726 665.9934185602732
324.540865307719 402.72670817153886
770.8945784138009 729.4111183993723
796.5132208586186 489.33142939453086
36.10019116105582 233.0074358383899
730.8203371955507 576.995446183706
608.2863636253884 737.4209202673785
403.6330607314146 686.0840796005771
