objects
875.6989806444997 724.6737750324011
661.3083060876427 136.03247751901137
163.39316299393997 519.2569478382275
782.5935682506976 113.95847904521455
654.6486508058154 221.12282706383547
796.7583766497376 235.89786825504473
501.08938784846714 639.7020978048621
740.8504125491955 502.0078772281099
411.85376615900924 720.8876293332513
363.2802568427566 379.60434812245745
196.10777036014287 954.222567244231
945.8098543245228 484.562877237043
963.8977537158927 953.414002311307
620.3576986574292 396.88708296154
187.57255853671575 156.29987345163408
677.8746103480789 551.0550564920663
646.9554114404787 688.9447108479673
114.87781026124087 292.25469349551514
958.1360724675382 274.2407159152936
589.1828803398095 183.37631425095492
764.5081206270199 875.9205218845892
32.04421469462508 271.6410369513255
614.9053372040258 961.7354031955151
107.27201722993932 655.4914951920408
758.4521332923453 616.8259977852022
284.8869073160819 73.52227761001369
67.4909269795976 528.5358160525279
823.3610880408855 405.37290554898686
35.60146051483653 389.69289006722806
592.2690250753318 112.20732136194711
169.46742367622898 72.12134356890708
468.7574642667076 326.5515364920722
38.112907865777004 792.7825698192652
807.8421264313156 642.3119287222181
134.4923684785057 723.215180896123
578.1147651590394 860.7041681094713
648.7973714812136 449.04616251162145
518.3241354294696 903.1157973652543
929.513440390353 638.1538833547131
272.84112099460935 534.967198440856
738.9118696323642 450.0663844980969
108.95035725142172 362.29886830731
450.6176165150727 779.5344888823586
265.89522359510454 597.8764671614384
940.5085924212718 202.52423305868507
302.9193491228824 451.28806800174044
703.1468802414464 27.993249335398552
202.68266300127516 254.8535877839732
558.1802469565913 42.67139480594214
482.79432923753694 50.802839533686836
353.0550343483496 925.1439550933907
510.41648905082116 525.4435630709779
770.3127335864409 825.6495130306806
259.8835079480873 223.74511506791833
830.0335375376719 316.5384678845785
476.63209622158377 455.01792509644747
414.7501122875663 445.17064649899714
755.3046717681032 705.7939472635583
526.9921534849458 737.7337967263636
595.6747543359799 709.7850510151828
339.76781435120904 197.74631862136044
670.0932658747153 874.0956566659837
422.38886684089016 911.342188753629
594.7254578024865 275.60684190514854
311.42326666016123 885.9625786614602
507.6266995264982 101.7764212189054
245.89847905213077 936.7974114267538
388.6106025768579 537.7430033527218
269.68922680230503 737.9477764689083
900.8682999953572 908.0320615679711
928.458668365686 851.9421475274385
436.317140512711 616.4569912311783
754.5722322044194 50.78523206041535
333.90771490433167 671.3989327776918
145.56707073233645 827.4975643066982
185.44754259366277 618.6764883512832
728.2320021313767 198.90656242522695
538.678555171813 223.4230642799355
877.6776475440305 842.7930460694936
210.6466816029802 713.4506439226743
285.9882984233517 796.7500802588502
917.0778116777487 348.4251033682881
369.53208527124025 839.1970926476151
580.8074609752492 794.6160001546276
828.9024903935635 799.4411555839422
29.34672047334127 920.0302798705678
44.09550390642197 202.4293233189192
681.4807427762155 924.6587996531474
831.5014484176808 31.649414880497154
469.8887448979199 696.7053826159892
409.7391832937016 338.98514350121036
455.3110422308894 539.3054170124983
430.77074747748424 845.7603258875295
463.5353478848111 169.478428172489
957.2349522276617 772.6275605287713
