objects
446.3426123302461 671.8437314846103
494.4958918504971 238.0268533429827
459.9242955762588 583.9091763113712
569.0753902385758 450.36735762290704
353.7686340021239 541.1939953513081
593.1830883237526 771.0493673514017
504.9417425809633 447.205462032926
191.13800654981944 494.5042516091713
943.3365663601546 270.1300386650568
593.0608690981402 379.4149272531297
207.64051963503405 847.7255161617968
85.95893041450267 883.4824983984638
793.5305697515965 712.0345262285338
235.2692347134802 940.3641224599215
884.8801912911727 73.27789911878183
706.1742347410343 146.74453789542815
859.3145256655118 244.32448555367733
970.3254110085212 607.801808952819
106.69406673165804 404.21948111221127
421.3943783116792 199.80643989617857
881.8295033320883 769.606081835899
31.694233398870907 762.4256039499818
662.8382802961247 841.2533185003389
182.57007087106683 153.9508842310819
595.6390670347771 269.4479326314031
29.127485714206298 703.3655811345918
153.23424267776605 750.931804409406
73.95291394705492 62.877510548839226
226.15044006296986 201.08408774411114
401.8041895409114 903.8841725559846
938.1515972585757 825.9805286056652
949.8432978648855 148.66371587572087
446.81958283054496 119.36337057658741
793.7223628848001 973.9756823864446
129.97571377616217 804.5084157480504
323.71365308976357 40.493068222308565
901.0568523953735 668.3516494291075
387.71055584146364 260.7658600653074
716.8182882286976 39.306569502468605
636.5695417887638 651.679841145178
88.67419659539435 528.5086595709247
872.4121502871784 935.8834135919274
288.78108346862524 641.4646340397733
689.1612270486213 204.21102219692784
544.160156373894 534.1108698103927
115.24211796895827 311.2365680408825
73.05978759613042 121.56797537246328
729.2989313887352 645.6253460994367
406.6314063064717 557.8090827703717
177.6557179305222 573.8668706767088
894.2186211695938 567.4280627907452
78.60056043699193 269.0887312617591
425.05048678522286 851.9540040933143
254.7420199868832 438.67177817378814
924.9522425848681 395.9265769018753
103.06965849805648 622.7600666529208
675.2065892881969 336.8347514090805
735.2464395196248 856.2987770797611
760.4221455292792 913.6314231885043
494.38389882778654 55.56833809323426
395.58928188005234 109.91849306921456
717.1371233701857 736.6119576691669
71.5929985722938 361.7687449184671
188.71856386851684 49.699415390530845
762.3702295960228 99.37640676677354
182.03269235004225 352.3630948871156
349.4052424887697 657.0107371902644
412.296947342406 36.13633084388721
206.9465226674209 618.378861267001
796.159847343966 52.462608995569624
581.4505403894046 884.3169796173178
593.8957564586071 832.1753641379898
659.8555708019635 471.24015208249637
755.788169358162 266.5811114045232
130.05467658872143 964.9818801149057
519.4299476212508 767.7742534193495
253.27229656899115 59.09443415893435
847.6167123870481 143.95068591307972
332.98455601525916 319.1263278211411
718.9420139294208 403.31513920310226
342.796200779655 118.40389954656285
270.9311449076545 871.8613938106614
351.5020179308478 737.6638362430609
273.20734715971224 357.7235912339919
667.6596242223387 573.6033715005765
37.693673286662545 624.1646531776656
633.6932000952111 426.3363428968244
346.9887182698108 474.27617705826435
737.4149169537411 499.6451743790369
404.78314902470333 443.2353242067924
31.50552691244684 887.515026177192
936.7669556096504 461.14283812883986
256.41633709801266 553.2191427820293
259.9418920416073 720.0400048556686
84.38407992616318 187.33243228162144
