objects
66.16800681109487 273.7741960183024
959.1990447678844 849.2788283671866
457.39280977803855 768.4804808990779
447.5543979591873 256.77605974424296
103.02882381996507 810.007075108239
814.0907998786772 521.9932432906431
454.7447309946614 155.28711417300977
79.02440246729189 506.5554294901374
37.9558125519555 323.05340655699734
267.14798198206563 935.7566119381138
179.72552374994635 865.0798188567837
385.75126949838506 118.84920019464226
336.6035484974302 626.2283642060324
876.1245701021114 966.9551239567083
911.1019278271592 459.3504020181543
671.8193253688438 813.9986081344739
899.7284522746662 887.014367693508
719.3565309378935 344.5538777007456
707.6189708731624 405.8756151526886
543.016169310358 176.3206647039222
246.4932097618737 380.6113467214834
235.37725162164207 106.64812796405084
424.36293299074504 958.4076331168338
690.7037122887663 164.994056119727
52.32478166802016 743.2387247833847
239.3329040969301 234.49181188439454
695.3524513070806 477.13265562246187
172.3884875625399 284.4287566295727
518.2563152358629 487.10404535736035
612.0359560287669 724.8192578584586
752.3105264482813 700.4921535216274
840.9992500817835 470.53449206435545
919.9710741004001 709.7086796139773
68.70698898221187 80.51419802349291
646.3277647073428 255.37157713214134
483.21170711094584 527.8694416890595
494.50009067844445 406.80584934474524
575.6479959345712 313.176528207215
940.0273346478199 396.86069318107576
548.0555251413577 96.72987579171715
613.6016350337397 547.5560162599895
191.60710589942045 193.00421231579816
36.04245204672309 184.8953098527836
855.5772957150616 201.49555384148874
185.3827342035502 507.34916063329155
348.0158499213026 83.47912559646448
158.63736648377207 149.00267126615734
275.13107129447286 711.5866571285362
186.60300328318084 937.5521899119434
898.7816814881769 525.0469933926852
835.9876466232647 642.2182135703722
551.2970329388068 420.0480149616162
862.2848592926615 697.8365217561468
725.0060422465278 275.32785757912893
97.8085353418733 437.85443012343495
687.8989830974798 670.9116929402866
508.23994218462815 912.5621456614712
355.74192736270066 531.0695640199762
109.91694150224903 186.17792700065942
785.6090422580316 959.8803217772448
854.4231026341466 65.29694276598043
389.50131638113953 622.746459820827
716.6659181989395 535.0465631047153
299.16304560157994 556.2800780634665
299.8266970927724 338.094999856161
163.73859879653938 406.21374399504697
804.4843507475682 265.7788352291403
649.3063208303981 78.2404264477124
459.55642638262117 716.4482611623403
876.145800713749 339.9319430563715
591.7213692990724 466.6939167180136
897.3287574377428 277.9073480412563
635.0660533608815 895.7512668478114
764.5184933906462 651.7691673265133
330.88281018085047 709.53768008679
418.40197279356437 901.4765946911411
493.9412305811235 294.99927435970625
537.1783649975995 363.0324066003407
299.51303850220864 240.4571811198614
336.99578080487265 280.19819199038557
406.63345753994145 516.7036735452098
71.82492691274449 886.5942891305309
384.9714685218963 193.09053731336326
278.0574728602037 792.9329199503426
969.0147358296083 230.07573134238945
958.119885992449 954.631424702528
817.2864330524086 907.8787548948586
211.91615120961433 327.24788464767187
25.920730139412974 443.3934293155725
606.1199127967745 612.5433776368353
539.1253267123373 746.866401106063
863.7150903366718 787.2421282632369
337.4173065921704 916.8381546189554
706.4252785824557 761.857349815438
172.62971090739697 566.8197018222263
