objects
439.6588835469675 596.7956158484772
491.9471422497666 715.1346538972315
397.8115322563052 97.84785699501022
43.45198137995487 340.76836566613974
86.57620522913024 72.60139257763072
124.7711758832707 38.32161256749198
356.39926740208324 185.71822390076238
277.5177344815927 333.09105437447874
953.8258940323984 400.9681180391017
302.318019927159 937.9008794752857
902.0762683144256 755.5856337103559
552.5185970120264 544.1529749783547
972.835243136218 803.6425001150417
247.37392746187183 391.4212517431076
896.7556119195602 897.277834507477
609.4259250069173 83.51336052899342
804.0654093486954 221.3445377587028
192.33885670701181 401.25792634305367
414.47192522020094 493.2747943010148
919.4939633152545 76.14674874714147
785.8385059908203 381.0593606206959
720.1947282671588 338.2892465409528
126.8483799269311 672.749311764485
401.4945601055686 668.1379231034259
665.931977418921 296.8258830435859
629.0167001486732 32.64517786540047
765.7234336247167 963.7602786493724
973.0701723903525 726.7687521894663
710.946967932078 877.1956474317437
435.5232883545812 784.0829584428263
192.23097506812394 518.4868358517732
839.7130466330316 771.6614137321943
240.76336537843193 532.249878539614
872.0558839722606 687.250763171701
525.8141410975844 133.034663820395
794.3291150952533 302.31878683242826
928.7687023016471 168.43818283739486
270.28206862499434 675.6071105608736
872.9375681059008 235.46039711022956
961.5730346948126 663.7764436060743
256.69857099206007 231.73767947296489
266.1487192900622 55.72543721593583
537.0355781847684 836.9406277478356
331.968718800861 707.1216043637666
310.36750664119734 408.88501479050035
370.390705022028 583.746542892592
520.8124140501111 467.0928865380267
150.03619972608573 734.537415676416
607.8012506349664 713.0864767831566
712.6871118799887 404.4169678915227
372.2823815686281 346.94372758068135
724.3156425662675 793.5748935686988
188.70050013544858 269.0415789543196
699.8273508639052 472.0869951719822
605.4025308293851 945.1580473524986
950.625431015163 35.70985860012509
243.65171924000725 879.7732259573966
43.148418398134375 930.4165131887854
214.33325194865094 649.2730489594402
886.5121066224888 581.711028123284
116.26571690671213 252.95903365356665
125.83467248828767 493.7184468474353
758.8696821225857 123.02643227615641
555.4659419785128 677.4995921097408
266.04042536186853 611.3510894640165
700.3167334275397 670.9002712831062
493.11076583958817 47.16172985065385
34.57040399763202 41.659727308455864
612.6625302574284 504.91393059437917
790.1916064816938 716.1575078844744
324.7459427385844 655.9066420295532
809.8523665479395 934.9719374909654
713.7183847051359 591.1490877025822
63.0308037229222 403.35590648461067
630.4329089830765 246.96633743369338
36.96786081201953 503.4238968067656
893.3950396624106 344.15164566976085
778.6591851155181 639.65701961953
623.0484892924478 662.6401106636158
597.1430727271041 162.38377272524065
201.87498582440054 786.7955179714725
435.073699648968 42.8720009875385
417.13905357030967 965.2297677408038
749.221308966639 453.1153663535036
613.6861648064371 416.84566566441754
178.35203282714977 135.4300922256308
463.70799110233514 140.54805181645378
675.470744293697 947.4902316721391
640.5570522483463 828.0354559356022
141.67787451841602 396.1733546788188
58.14096429537831 809.3351566843148
289.52184751306567 146.36124281138146
222.26551096940184 98.51189869003589
432.5899261031131 315.7330304295645
791.702601800437 70.50130672440622
