objects
746.2647954802331 237.37984304925308
704.1341931079867 602.6356588807686
955.7594327888573 852.0751383156212
222.0122529358347 114.59756572122889
624.1964822549342 947.65158676195
73.73000381237621 727.9506678775887
266.74052098903695 830.701837138067
102.43927295935872 812.6926653333029
758.8881131431458 595.4733984874507
44.67023898747451 134.67258715067385
336.03791240270317 341.11386129849546
25.6536528014398 640.318896083947
129.2642096271836 645.2885952470732
372.93562632361187 95.19111054030007
667.4915204885641 177.19725639900085
370.70827021923554 873.9174123343385
876.6662836861007 906.9161108321748
717.7538103965848 49.2470696003569
537.7400814457064 364.55269561037164
475.45115825197473 794.9791825113982
859.5055188392676 464.7607892803547
558.2349517025501 699.5005020482688
961.7187992450971 414.7863448589546
709.1625159714343 907.051478921159
751.6405353805377 803.0315114224351
710.8266329025541 352.00430502853436
33.90953324211507 854.3560010956355
185.89536255439663 355.00032983701044
180.8082914561735 41.11515436282136
967.8640768368439 484.0758215649645
559.4517689655703 828.7784597525907
811.8547564066852 531.1927448255688
630.3694000101182 687.6166990971295
172.18155739740592 691.5419034428485
91.04621014901494 529.1223780853559
147.58515616309688 963.5828970602963
212.42851484625507 410.1332996982361
748.321095469167 854.1146584211078
418.3927792340203 322.00718830644075
546.708893442729 494.47601593238437
633.5525406837916 586.3509129054422
954.9807956368336 104.23327522063558
920.6132966270411 346.2590152576659
209.96429731368053 927.0305217097078
709.4179310211697 720.605014026537
817.8219316832096 850.5597162402978
492.4145601457488 160.60796766049668
849.660264356991 298.84336449168126
625.5351202688598 101.91962903250048
153.15181954468022 294.84307323698584
298.3510211559615 158.9553915769366
716.9821613115755 409.9132520321093
639.8684637459735 514.1814950654563
171.70326973253367 828.2062377544661
262.0146405579843 85.12050922094153
771.8084458296412 305.55155548862865
819.4979295867528 410.29456520155634
878.4714325144844 680.1750967075945
756.1424895176394 137.6716319218139
71.49885559058642 325.46361781907007
946.3200970061501 746.0476097856518
947.4421770893421 295.3487956828799
31.039269827843466 388.0990373920856
779.1831322007821 466.1567147358342
650.1733427041272 41.889498387223696
343.6090065206356 771.475060722256
816.4448300777623 634.4683264982121
923.6688415852902 566.7468889562649
495.1137553747142 844.048398111683
344.5811392575875 546.9505488478835
462.9411717827691 447.558458833572
326.349368394179 404.1796326332207
848.4828393593812 40.57830566257666
230.70200790613305 878.6226680836097
711.6083530670364 298.5936240818573
678.6406313958686 93.58042907293054
478.5954173676522 528.0770302997222
94.58077090637987 892.0653454651268
607.337049844103 377.5272674473561
99.50049063951118 32.148172964448946
497.6437679626692 43.93100674802666
466.0459071591404 361.2589833229693
580.0739613801239 151.78339720546916
856.3820427399845 220.2198785305023
921.7369715560692 453.8268853429298
424.76138564674613 952.471691459288
127.98104843337104 590.9659070256345
306.2769502558057 646.9439629538184
882.8634577105483 747.8261656545973
435.62265716146334 26.861182312302397
908.313478706103 187.06086922150672
204.87981242566832 586.0974295115564
319.28631606410516 856.438036800379
903.8476166134719 972.9894852158496
838.4250334929217 124.44530419424088
533.4806363290868 94.72306464367087
673.4861863004211 787.5634776977879
653.2322316941857 880.8829547784975
72.09381101017115 229.03101566061915
525.6388928657275 428.41571188685595
