objects
710.4631161094882 92.3757011632573
155.41772860333856 194.76861469018877
33.64948805597524 787.247600286105
865.0231228950042 275.58896673725735
651.1130584151456 470.1517575471755
684.9658646874008 565.9384154376517
788.89459213625 711.6387138029245
78.3309963144236 537.2488787022554
143.79219739541205 118.29695263632217
497.1926733420869 336.6319056906715
758.5593015878063 549.3259268029977
391.8662431821608 337.48678421556536
669.7326823821087 690.9859816925622
240.44693669887693 820.2587772378135
673.573415772888 365.7403283492107
895.976299228712 314.86505408531315
81.97180386208434 951.7831074920197
361.2821426817788 557.9991463609143
438.83903611101545 200.03602749562322
127.22557955444191 736.5600056130255
230.37992079130873 88.14315739137938
189.70114446391537 524.4502683925283
143.57298424609476 923.1171977851473
664.8678064981024 269.6418229972317
870.9756981567405 191.4125632608456
95.43833801877919 621.7145617409457
110.52479053815613 72.59720589192364
345.11108368674337 219.31197384250518
305.2845488463701 952.0350013024959
493.9195991734585 190.34578073129111
864.3501859268682 960.0980014220197
537.4677201891242 281.4085278775073
599.395893666764 738.7810115462485
429.74623640279555 850.5660911564515
860.7577622261834 756.0418387000317
363.62071799200606 619.3694434187116
461.20825035967107 37.58320890064236
33.43941266546484 651.2680842376889
815.3953367311897 540.1078177861004
374.21937403489784 429.68464480016956
565.144443623353 857.7837962826007
959.6925906802887 26.060307062563723
546.3239489431934 788.2253711302367
66.73223196096136 879.3239040830954
229.15106520205288 967.9779915426806
272.63813970278204 206.21370697184443
122.90394063770836 511.08622991125725
952.9660443068921 117.32535617040509
424.4871021575177 656.9113478618251
924.4093672128151 205.91264598931363
726.4944779020425 850.73696701767
170.31140109313733 65.55786078510096
387.2605646796655 798.270837593314
869.4001581316858 488.6183184972358
606.363703493907 391.2551273225006
868.9575799262991 641.1651063823492
933.4751971686323 474.3576651305271
723.0695845507968 435.63423966968537
642.0371758981344 812.2924608358014
217.48862724661092 699.3008750220507
631.5858666938669 59.38722981997965
714.1735633490056 175.1488941991613
210.8804449103926 254.66694101992874
622.2198625070287 323.4087890327438
692.7173332826513 636.2752931106892
793.156152775393 285.85384472476176
740.8242001048582 690.6030001510492
618.2620230997272 512.7031517430164
566.7481475200784 927.597116230442
482.70547773102044 801.746844998314
492.0307371136854 92.66330811647566
263.0826302776728 580.9644781270831
470.9834914636849 487.32084240707604
755.409911866239 604.6797662436704
241.8923861677251 336.575218896353
254.962555480844 506.72950694239154
89.29740518676353 119.26310731182816
821.7792644348302 414.53074106860805
420.66213928735175 102.54840377044262
34.37480312037903 581.1488174611344
189.54927354553024 786.0813123005349
967.7159056653151 932.122899062682
113.97905667992222 311.6019921666785
296.81928218229933 462.91477933431906
655.466642102956 893.4663775946163
722.254807117296 937.5646518005012
457.3391805223538 585.7181664333028
338.67164963738287 51.39000742742459
348.80854395320813 834.6963631193238
270.24820007670695 414.81310691054136
528.9777885539205 466.24903586968446
228.41633903617398 172.62167190133917
851.5386526074211 904.9183869595365
974.3409959324091 381.2107057167387
878.0673579314769 690.8157544730291
227.37938877300203 879.0863725696873
582.7096720089996 84.29949792854485
615.7374807619362 628.3755692478537
446.88891191498567 250.348703906914
763.0624922179817 69.38019365924019
