objects
314.6024279303509 331.0960768872774
807.4560980775627 299.15553692251933
115.04306754276426 417.8835325905373
546.1163255076314 798.0114474657216
390.28876104016314 479.16802549096144
538.3583296317813 161.72561059438442
405.8678519992582 415.47549429264694
751.1193779715584 670.5461241590506
825.5927061884801 709.9819195651787
131.86042088205815 667.8633583552185
929.3400766734316 722.5803733667318
404.34742253399156 299.02265771831094
489.07118825932065 278.26353643940536
283.30371338879036 530.7578689331161
902.3200095088919 655.1744414906332
163.41579896710664 924.4175206105715
39.08148498374425 82.59729823274664
119.22166526616779 962.0268993398341
610.3372816619329 937.6510289453431
760.0387034616572 450.70893396948316
314.0029694232777 689.5217824194502
572.23963825336 701.1488301823272
565.3688445149522 34.34137231106192
508.9989545296454 574.1203150647754
129.88505958093157 592.8612496435877
777.5859612096818 248.8672251899327
205.27928046075832 158.98471770205003
730.7207450261004 381.4646604873483
290.0327071851115 824.3167083933662
665.128329045521 635.8250316772632
379.7123286558915 535.1142544464522
226.97338676972652 801.6536674897729
902.285035552944 182.9733157616795
530.4234621236754 664.1070132731411
941.9223262735885 974.5226423057888
563.406263939606 478.46870499281624
889.092720320943 420.29548733963793
320.0220744856501 459.51979376460974
772.7380958208196 525.893324134503
344.24575629097296 148.17389568450932
854.7721996411066 253.76244229238978
818.17875677592 591.5233993532329
479.9107911268831 661.7201659534018
326.9555322203931 567.98688448442
678.8019299778609 392.71345175146024
111.00337663791534 103.73452648837844
344.2967544361732 67.81441988664481
884.8043607854089 550.9344193199191
42.84014279436902 564.3080597709062
727.8602632950184 301.89531795257255
970.0893032366313 410.95492880773304
833.2781845354995 35.99564918965234
543.8366968794877 907.2595732722951
456.6368850730184 917.9902409862777
696.6508707779378 860.2096309994014
183.8381011913676 368.5522882837118
860.4624096308277 342.5456132642105
237.17458264905162 379.95206147113294
120.64822127049432 796.2520792545737
733.3378476516949 154.6733295105876
37.55001957539403 239.5153205270616
168.7085000406824 524.7198293616918
353.99936065126707 212.49756421441253
167.70334379336498 715.0443115269952
832.6249690889636 962.4794511554417
530.1962750473559 340.97037201559436
121.09160454619905 349.90385877509084
388.8243736827444 952.0528464208495
105.65172428406056 491.64135661953094
644.9305012854472 799.9468825788953
324.9312572054626 862.6735282064956
882.7876584101235 817.4969152436411
700.2013915636428 469.30594092687056
477.9789228796351 50.61322412445013
973.0661864249192 156.13029349851845
866.0171651801356 498.6276664113698
33.120710675098124 931.9724928773687
592.7050432551011 135.69747320638436
67.75617422991691 176.07640552145497
958.4999595021555 572.3840728019934
895.1431487164796 880.407773262011
824.2117977590908 133.53817746069703
264.02957079432423 148.20198776355596
210.27539583400429 611.8858068309925
232.7118314800012 528.5649981355868
429.6736939890866 42.10948697751486
756.7597859631518 943.3309900698234
331.41193453981475 949.1246042470211
41.74542181458847 856.8915911465472
706.3704702901368 957.9551394523099
957.2759760832398 319.1882865339747
505.31555559933963 102.14212249802529
862.0857635155807 622.0178776479689
788.8632513741842 749.3198289115946
899.5791831054611 27.64042181032623
98.93791218480268 877.8285946957363
268.8263124672703 263.3484152854094
98.16373328349006 272.26574083755804
914.9258586661945 473.76155790207764
788.3836498769567 807.9159009477438
