objects
432.1178121524444 331.92789687350063
346.11802377868366 89.2267182879543
772.6005727833634 362.06599642815013
144.15466012983663 334.1487608005609
805.1305595273204 61.005149569631065
274.4128407330216 81.58385739250292
533.5505008565725 666.7857742538149
72.39777109433808 269.92036762324693
686.5102398453035 103.62139698553355
94.2139010105742 474.8636881573906
639.2922276502387 503.07241577043436
135.74221418119745 677.8540669953229
429.8682388296601 543.3900835026519
440.12195048166546 876.8359487063823
109.03564364163572 390.6267301571955
507.89643168045677 870.377463415069
176.2368204580784 664.7996804395744
686.0480950700844 423.7848718829456
80.96344929819097 149.38565040078078
235.17110058314998 519.5224434727512
515.0012047802827 160.96133500959604
509.1225933513204 966.9064592982958
302.16589479285676 194.89397628924354
487.3714791517322 496.94494490332085
662.1292779724694 350.79888808384317
149.9339602266438 810.7143586561555
503.4838947850717 570.037270901372
411.79382839752344 649.0451915566111
93.3572204343088 23.735161629132115
278.928652024945 735.607511100738
128.76639149079793 69.81536195554622
961.694247546265 956.2750404810254
358.1235220119199 418.7185004525644
183.0048848339117 516.0121360507599
580.0474132053788 630.4639606078601
827.4821356463325 494.99767582577726
783.8480029168073 230.1135852821223
974.3459692581407 573.3021935677831
288.03263937237443 780.4892403283382
826.0562463306225 250.3458913199109
749.9749152790581 83.36682591882507
415.80809895749627 294.7472951644886
145.73620170949303 238.9778581729886
587.2269590148233 439.07104116235007
582.0362707361946 886.5154946423714
734.6868160747125 601.7933216437632
345.43252824734174 44.36479745797392
595.0441395981132 169.7637631259886
451.1615863041701 171.90661665674216
455.0544570796599 89.71604819802067
39.02001255938834 718.5387396726934
246.25908610888482 596.8244730685889
96.6673818768842 618.2295399795914
862.7516726110796 454.3127821851632
500.580011949557 252.17354501134236
549.6500994049824 972.614736098059
568.8914492897594 491.44552180433584
893.0208641913076 721.0151637231938
393.16259555961113 737.5629713925479
890.8124153744374 384.895668589373
571.8721784864315 935.3774786510517
295.30256283488274 376.8797273627599
64.51942842435557 214.1855509032556
887.0927561105599 291.86659376540507
310.0441999739779 561.9886762770075
355.32688059840393 187.50196949159053
459.11240840883687 416.4873362928329
153.32769091531327 376.76029856909184
353.5974182528476 859.6268482304188
444.93534362740377 756.726553792049
498.37308429721327 381.300485133252
110.91660925021657 189.1039990524743
225.38801626162208 262.0865459650131
54.9550516462218 944.6770559348221
925.0867603425918 89.10981249444328
