objects
808.4374479257615 473.2551111697966
482.96361604514505 708.2910760082848
976.3222968144319 256.23396895757037
359.27282503719067 195.1862358738881
569.3166402860751 24.12517265543654
484.86030119587093 367.7653296436556
830.3378692628407 648.7006999757633
822.2678766401068 953.6917154269257
60.77820345540592 568.686533773119
663.1700479779339 153.0319534380874
725.4457288507887 617.9400917013821
892.9578183622368 231.46393532793988
876.2525176290271 80.83723400039833
697.868461658792 843.80894850989
809.3009074211795 911.3221151177537
905.6300678258572 291.96656764004194
927.3160113935912 328.3630571805692
75.44435435054802 54.30797467275499
768.4834694752701 509.7130136731334
837.4509417957562 689.6468545552708
120.83591158787428 64.74961859043964
895.1061653591187 672.1132026524754
770.1671247084379 806.5219792121145
243.64684583960653 960.567262106233
673.9256532152299 507.9789781581999
639.0308300671232 319.8209393454925
716.2990950228597 25.268895493986694
257.50322216573977 504.20160498669094
232.50061910921514 166.0765155932782
566.007883796175 872.0766639353706
970.4784626923603 180.0610523244157
120.54402027232001 439.66794168997654
456.80019199302814 858.384578585145
218.28016764459116 556.7949626177823
825.0686269090044 93.1793704906137
880.8044844602703 758.3098817124619
786.8075251262802 200.70321778616292
924.3999021479067 821.0576701270612
291.9609383202249 954.2925846780752
36.90362055329963 182.51223822770461
642.3499208972523 972.7744044565761
415.3977448382567 167.67616834360453
82.53298782003829 743.2942214476171
446.1919031801674 673.6123905985478
265.37903524335616 303.94746293597836
839.7548984806593 592.3927884685899
146.11636812378688 738.8530014361021
452.81855729003394 337.17016282621756
89.09548220461426 520.6782542953736
379.2551282086011 488.2745802257145
58.04202349218175 435.4161697012529
728.9082714249008 711.458885888494
600.6805352503721 95.2285756846399
728.3975496487768 817.8895140433863
920.6161190500268 449.0812457344544
399.4604518777039 56.626492389364515
658.235237081038 55.332793231525066
650.3621523207516 462.97088039702606
923.5858267799811 636.7417780108991
221.75690029136823 56.4044520950131
773.7830061003424 122.76361437291294
511.6744206284737 167.3592204972701
656.4931488321497 555.0135181234799
545.4827755721815 79.04895769128353
332.2389721119283 946.2973171341197
662.3330545974528 212.937962695328
246.33182244699438 691.255276446618
148.49128778409124 629.5977219130425
246.6929857682981 625.9558129118402
385.03851157771794 656.0488070887491
905.2976823628791 124.65931546689325
687.4147516593221 723.2180819393194
481.0555119452272 200.9606391627912
498.06702034591683 611.4757519688376
789.0847744223486 367.4447375738262
