objects
978.2993159720941 895.9384896803821
444.07405486033895 387.90429256722683
223.48978472305657 771.3425157240177
886.6841318789031 511.5830960213361
142.4833235910234 423.44078699449165
791.8328111239178 769.1939349721142
625.9721898330287 940.0820886808423
316.89418535795727 198.81117561655975
404.98033863782024 33.62907285468918
184.33625397208002 481.977448395452
771.2079246107123 198.3555872535031
759.0869761270357 414.7039264392387
831.5571550845041 613.5424441844411
791.678720056324 882.8326101426707
618.397074581145 533.046776820789
588.8257617246387 490.97309052624496
82.27477622528718 440.11273176193293
29.029992002506948 426.11078687578197
515.5960444810187 141.3898454918792
383.83160788091493 176.0590862620132
324.83971471031947 862.3557526467657
823.4745803561752 837.664612232566
601.3108713268296 65.25535389689543
436.1732687654246 864.8538978027569
207.60683833203902 139.08788291301974
526.4274080856834 373.27023395765724
646.0490177654912 775.2969261481697
882.8721866340779 969.1019679381977
967.4686436756681 537.0993361003435
662.7340304267664 487.0369993119642
302.9216546119032 917.309123230317
700.3433873202778 130.08814010248128
933.2130817363886 125.47090407343322
701.4767168977893 732.5455962090195
541.115878192431 101.33352498307903
103.5547252635807 676.7191303042048
41.649129249671056 541.3000486500172
590.7287277740176 111.06759319918143
246.65081635282905 384.3287257091081
388.0904409259682 778.90181172403
493.32447284583856 570.8646322513063
121.54705810420313 336.1573574465242
167.65401365049505 26.540457434992188
266.63121379835076 632.0575159367974
34.79837983294121 381.1019664659429
960.3890840774201 666.8599706975546
58.1713104216856 310.45984818111145
809.6620227887527 481.9074655679641
884.1561943508327 427.24054235149987
927.8049906479687 388.9301299620883
846.698070092803 749.6933432211774
561.2072887853035 764.5434022446731
758.6554905272326 38.63925388723378
268.12055691003513 882.9701893018622
554.3015870606642 633.4229230231908
318.1929778953576 315.220846524948
644.6835206378447 696.1620230259224
739.9389953966869 757.2916611410728
253.89283690160002 151.10814001122253
621.0497534371773 739.3713620387995
809.5057935126389 241.68415259257142
176.4361506332312 849.1920536200438
857.6154835776046 89.42698686971247
485.4764127732473 345.7212468611782
502.82318985373666 623.91639621713
194.53679735806574 532.7762804164446
343.5615355352104 777.7363040784421
920.6296820995326 869.1758863940424
158.52744321952258 173.866399310661
382.70521242027274 115.83459244130654
28.845378625537265 825.0821423335616
858.9500630743643 700.2028500759593
360.1517613886056 533.2134658632976
126.82393582872217 219.01663607502897
536.2297264028044 256.92477781773573
