objects
268.5420254871131 522.4942188289492
892.4856375892863 387.38797581656235
320.7975389195033 205.97627323184963
545.6906633100506 84.83025414609199
413.21854646359566 669.445875765173
594.3739109714221 785.3613399377681
797.6379749501447 658.9917767522832
213.4263960457503 92.12468723073715
796.4416965781655 172.08282447884113
824.0157077188686 34.45223001558458
790.91184835301 336.65961202259894
679.555297255108 938.605774265608
920.5556707723258 865.3286456926712
353.3436173880559 423.02189164746295
692.9237856540205 74.29324537664598
695.1568263184921 195.36166189617285
638.2895804368649 704.9596829634522
499.72279914480254 260.6382636195913
593.4479026110605 674.5978263658643
126.0900126573658 254.94512490045182
261.4197401313642 197.64587393315276
843.0123272998858 699.333242126567
784.3134615976609 740.8153453874081
863.8126330375677 747.7679976925666
919.8970162740446 791.4519356019798
591.0176809353568 210.74994348225957
436.8494661300654 910.1990518222752
342.53227355833053 667.6939739787655
347.6466768105268 80.21954525509088
169.0024075906747 538.0369386323599
537.3190068149861 368.565745110016
902.4570239344715 248.85194779034936
582.2496811244508 951.8846675836483
543.9412168813338 557.1345961444192
343.46780297556853 563.0275426481272
128.61721001865155 532.8707883527272
111.73182288536648 816.614352962667
324.99871544855836 467.7106222635387
910.4660455932307 916.9456346138102
593.7325280979824 317.39444585625836
75.72162604699638 637.2710949040973
430.03188501849667 534.8610552740075
222.03574718122078 840.134646999425
958.276749480139 84.25678010682424
225.4362738128849 379.4421818881585
134.2431488319598 89.34511787612081
84.96385150113167 934.9910199670688
787.7957971191911 853.3046945129776
76.54353699627302 558.6618461688826
134.43201956105085 682.1192510872395
438.41871426621725 741.3825392833336
30.9810440434766 872.9049884645164
651.111490879652 545.2445484541772
276.53821296581515 623.6029860787497
850.0982806225813 532.0367253143622
115.42129421426012 603.0706867510879
771.5224955218049 385.525606248542
800.2066743188096 971.7111399771754
205.59028302630193 317.33522349314495
33.62704331453885 610.6250766633464
357.4319205457732 309.7389109235543
77.8176201202318 695.5427529464944
386.0918687102391 711.8792906586776
672.1531073670061 146.6618167278427
163.73720117258958 646.7125269656401
936.944699435597 318.2306160857163
640.8495439435877 254.37733689505046
441.3778684510965 328.44980271543625
750.2208114883441 228.1366693366876
461.4397835105781 249.61075254003342
856.351629644157 259.0363057627642
190.11824444397186 764.0495143820735
488.1682802809212 509.40791429101233
283.1981005069831 244.42282842424038
738.743881431671 306.9906896642425
57.37840117266409 94.50239580539036
744.7180206355765 62.70754920073793
251.6786652773687 688.3207192770886
351.35202347973654 916.5642435769389
366.31197637264023 876.7564594077176
398.68268122838117 304.3882944140433
949.103251263602 539.9396301301211
958.3282281130535 415.30028642457694
475.62772272237436 468.31412515417816
373.09315411599016 381.20202282736545
754.2632906286829 574.3394712322886
482.9657401231144 110.77557943220333
704.6042320183601 796.088463912816
504.81983421303505 219.41266063798548
131.81486268823733 327.8394284235303
94.68964496821872 168.71642297315427
882.500058590215 959.3396126572129
863.5837179732997 415.23826038728026
553.5406928064829 909.8286163525084
724.2953404614643 365.9288330086283
978.7987681705547 757.0473015083553
645.843622603241 896.8977604618085
246.1333087421943 922.486922080805
263.965120899657 47.811628361044995
389.373761658464 203.72154094991507
476.8021288321115 63.508384421560635
848.492151281247 453.9260020707071
567.4078205956262 706.2262847087161
543.9341408255649 777.8697664100248
424.238350198492 453.0433233277494
662.2907542590311 426.85889921594315
165.25858541627542 398.6175797151293
475.76979936578437 803.2668269892029
23.9373010011408 738.7069587317344
77.14919156825306 425.6443550975415
430.9817493842217 849.2578163105046
111.14043736471825 462.56821156221616
647.0775923111738 366.482076276902
780.7460879007488 109.60282604438399
316.49726008548197 954.0123119439226
710.6019323613529 604.81266716905
74.14726580517498 272.538593776794
740.0187017471499 954.6419266575915
63.803537382039835 898.5748639332469
359.33565453384176 765.3884022133357
514.1625539917846 860.535621510815
908.1322215261687 75.36627495100015
167.48677654886862 584.2016732874448
199.95148750994153 704.5318061209874
462.5364610174305 688.405356658635
530.4768064127088 611.9555728490323
304.7270553812262 165.88918380352646
952.640352576097 661.4748584707538
295.17249818245574 364.0622750979824
612.0218368193426 562.1245295885595
554.571615939779 439.6992921396966
388.51121806228105 82.76407789826611
903.2649242609841 511.4324736311294
177.9174359323313 206.72968793781735
287.55298652671047 87.65203999000227
183.97555199647624 909.2464396424539
704.8325321708633 905.1645842718925
400.1558711591518 256.09286316307663
715.9717111147335 522.7113050040095
474.8763545386452 951.7982545557993
48.095219568919745 481.8298899445558
262.27374920562886 761.1604816959865
915.4010550402303 602.3596617409628
318.4003235966229 830.1776373354674
869.5054086174594 822.558293889971
310.4500789555592 525.1109239451691
876.8842472346305 296.55385325290104
727.7594620461266 101.01173368753862
933.6511477258058 33.96838542797455
477.42016903533835 605.0316365120643
