objects
71.47109835482144 808.4353958816719
875.9391361067758 325.8581090139845
206.60137362261452 41.167645190801
972.5058210457104 315.480336650582
254.51620913148244 255.18251709532746
816.3234054880661 268.00883090888067
841.3354601669339 924.9074659069734
792.7086492679986 745.6967572530409
924.5702034281177 868.8585380012046
172.3844129904123 966.1429450277662
696.4932914758658 470.1308522815467
692.3403199060655 746.4638565966649
670.4908540111807 886.7021014225735
273.05482408372586 401.3427512480226
824.7039723984669 76.5364295427195
646.0187028878792 680.3600248271767
387.25211224941273 479.7563980897135
917.2788014231766 27.76169994558175
331.0968570409357 244.36967724908178
379.59516143062075 753.299641398609
677.0145789294731 952.5857436254693
804.675518058271 641.5538578481421
943.93826032671 256.2331218932207
749.4657790099601 321.08853667093524
869.9881341617585 637.6227208498611
446.95564126188486 931.5182825442799
688.8867569946843 160.9400652168944
560.527232292862 738.1962276917641
349.06629548938247 492.2067874108071
286.41053449873993 853.9867706381056
793.0348549932286 962.2245832828381
762.5305909179278 582.6874987040162
682.9464579128154 635.8709603247629
905.5056743727337 472.47997676561187
594.3366633621714 819.7916007371757
359.8241974530583 590.7608387473432
310.0968426334997 759.7886736660136
701.907357692987 96.88671180262588
758.9274209197318 91.63390244210999
893.3170783074067 159.7986769403735
185.0343128030541 96.04326826168213
605.8643603868858 607.4915146759597
771.2882349930918 251.78167902896638
874.2875894690995 378.54270950341026
435.4644850413456 799.8890550233333
295.3567404295575 340.45760856840707
65.69548332523755 589.8283953332776
232.91993002977287 783.3861861844632
68.31171697391338 225.2445901172199
517.12387446257 334.7009589400316
193.5204858001384 445.78683664458725
468.38953296346733 584.6621254738783
193.60733939647005 668.6706699527238
270.5914172103071 58.94391962461951
24.056163468571533 857.921611503174
169.57741003700548 570.8237752557404
837.5621209819445 155.54938178986043
499.17898177912974 716.3315943591288
591.726849167686 224.8377174864971
562.4546929609311 336.1219095490536
349.7891903928249 44.02169612606903
44.59774118992051 29.333916382039103
467.6946836626327 646.2728367430511
400.6642228290679 685.8047635273286
907.9948741556803 562.6808010968554
938.558899852821 433.8172041819542
412.13691637982623 444.5338330942054
296.4525962405424 211.72955394765916
564.8041361046398 961.9218482593973
287.5497199028843 619.3044272299835
232.13125920279325 729.6110221036785
515.2176692642646 285.68274134688437
243.30741841560672 859.8340427206998
644.2779972810429 380.63092095127814
506.0502713433333 137.47527187976917
725.5325890999763 54.821513194489434
597.4469775748395 860.467661235122
900.9732980465382 237.37607303217982
291.25165907514446 122.81357673647611
360.5835865179881 185.68621213268975
786.3148764727105 394.71411820210466
531.9787719837318 64.36445627289514
344.48481829378727 98.5156305402513
887.875945883112 85.80559190492221
963.3059693216029 706.4144040374825
169.36246359745056 142.4029506518032
74.31583315452326 402.8527800479735
503.2644236998856 884.1753802612833
132.66928874656082 160.93155781379517
764.5333968376113 525.7647672992672
161.54370213149147 838.0047813059128
445.34813533669677 137.73751862776803
334.88248716913176 874.5497266176922
642.5136134057856 231.68075933517156
611.6158612309724 929.3674954148972
681.3980691818808 534.4243433620024
96.93099601541044 843.1770713900967
429.2204447006771 291.20567733594464
438.7133952321191 504.5765294823351
98.01705286421264 689.7775701470136
866.8315637108998 744.9454875816007
615.72133595663 653.6108224939716
564.3771937238538 542.7542696489091
897.4709740785121 427.083477573741
401.22181198246864 885.0314599326325
67.478995503297 164.6984195898396
556.3366882620849 794.5128611625548
608.0006157473281 105.56470148071278
401.2946892961594 177.4090246683995
947.9432081550927 353.0803123050235
976.2556117589331 772.3161404934091
592.3313711311232 418.59804089683354
196.27927142807928 381.99632478653285
738.301570023982 220.94714105406052
652.1909040880489 738.7021255480535
519.7694204949169 437.6687023942468
209.73509501073798 278.19421309612335
35.59471000012982 287.6665919560453
796.4502838120136 168.3657464847161
530.3449024568672 661.5721383521171
523.3356915441005 763.6901613849485
510.0886103812822 842.8388220377649
956.7127696155827 593.4899371368666
959.7332227096322 144.85950964816604
830.673101191726 434.6172573278074
92.22389904785146 268.3236270946847
567.4946307554027 633.8860431496655
201.4717837784783 858.8414721204408
787.2100509825767 820.5421814173068
827.5088729284666 338.0068601419428
418.21398698741626 71.85381489147827
447.4555725361193 235.93076556420948
706.8251154483052 385.27643388190035
342.9820092985761 917.3685560961281
126.53058610460678 507.17653175114594
219.44793105844823 326.1459494459754
241.20285327034924 447.26827082642416
161.1702157740756 722.8869520231204
87.10969216017668 445.1441752492199
384.8623584171332 964.3087538588713
427.1952883236193 754.1341198584734
864.9077665139793 261.8946112106045
372.6258555884513 653.029083849111
326.13095771349714 698.363444072067
508.3573431128341 593.5941642518061
626.7093975940638 164.57152265836646
716.7332323313672 824.5706400879717
169.73940236965097 625.9533899672211
155.38366136664058 308.4469989945891
569.5203120037481 91.0798739569808
