166.746 252.235
470.217 719.365
743.095 859.647
455.931 502.875
163.457 935.005
180.088 771.144
443.643 167.187
65.0087 697.674
879.791 837.908
652.548 411.564
793.51 729.039
560.48 243.767
880.38 492.969
742.268 518.589
392.304 934.971
550.495 76.7269
788.738 387.127
880.681 156.973
330.165 85.2197
100.029 373.618
376.004 615.802
681.822 644.61
625.343 935.38
238.324 371.317
316.701 740.306
65.0082 840.696
517.088 376.876
377.45 386.938
775.225 64.8927
591.563 537.584
669.72 156.21
774.21 247.884
296.216 501.202
236.588 628.577
112.126 565.833
191.001 69.9305
332.129 254.479
65.0085 157.09
514.724 852.976
631.059 775.083
