306.024 246.599
63.4805 66.1946
652.613 460.462
877.227 807
399.988 543.181
879.873 574.513
197.541 388.99
543.375 191.537
263.768 512.466
148.226 911.907
539.843 544.754
462.684 63.7995
788.899 428.417
882.782 65.0119
203.499 65.0181
65.0059 666.155
440.569 286.236
337.416 383.09
219.553 647.071
742.695 65.0029
731.582 804.992
330.755 110.737
471.275 422.691
684.686 192.586
508.346 935.014
158.75 773.178
440.995 813.302
786.537 288.661
666.979 603.373
785.486 677.916
788.274 932.998
65.0038 206.198
450.778 673.644
304.704 766.393
648.307 934.195
126.876 540.767
65.005 346.199
581.013 812.398
602.703 64.7186
368.376 933.477
