279.95 170.973
65.004 934.989
625.961 345.406
134.115 508.424
649.162 65.0001
369.161 63.0792
440.339 186.575
149.334 209.768
349.463 292.51
528.456 465.357
282.941 742.222
882.988 306.524
509.162 64.6549
65.025 321.535
420.187 733.751
489.137 317.442
161.675 68.6377
260.08 447.313
879.564 656.022
398.091 423.794
880.098 166.523
157.28 803.948
426.132 560.967
455.083 934.983
652.491 753.157
667.553 613.97
790.524 411.644
204.949 935
789.16 65.0099
879.057 935.874
606.216 938.143
244.844 588.413
584.543 197.414
879.306 795.856
529.891 820.769
65.0006 694.05
330.676 873.841
787.823 551.663
532.531 651.029
667.863 479.151
