495.801 456.264
448.879 759.399
749.17 334.171
266.315 935.431
65.02 293.226
795.666 543.162
534.237 164.119
747.886 194.115
172.209 723.271
398.785 890.128
314.139 562.832
157.394 178.599
628.999 267.177
879.685 934.946
435.365 65.0021
633.087 64.9775
127.616 934.992
701.38 651.105
882.259 153.927
231.85 65.029
68.4543 65.1311
773.628 65.009
120.711 423.982
332.876 157.955
201.734 311.44
177.008 552.076
497.719 316.28
603.662 927.351
879.866 293.921
309.413 783.303
879.754 795.018
565.864 682.647
63.8812 634.552
741.2 934.992
653.31 791.978
267.627 430.752
881.109 432.045
65.0076 813.312
879.811 655.068
626.909 407.166
