366.168 934.469
377.826 404.889
879.839 456.796
880.715 793.229
786.969 202.379
147.188 360.726
748.668 839.738
401.927 249.601
879.217 934.328
590.796 335.884
124.533 65.1225
147.592 683.215
688.768 435.895
648.202 211.165
204.706 189.118
64.9985 795.214
774.817 701.603
616.928 794.701
510.873 450.836
411.243 678.72
74.3939 524.448
478.932 801.27
65.0095 935.216
643.674 652.59
881.312 610.725
605.91 63.849
750.171 561.711
64.7441 192.428
237.878 576.209
507.682 938.307
280.201 728.135
277.243 308.902
518.842 589.154
374.322 544.854
514.44 169.839
646.956 934.959
880.469 306.595
266.997 65.0091
202.911 934.98
879.793 71.0541
