65.0197 275.915
876.051 65.0006
408.834 641.111
762.707 752.981
788.112 935.083
155.158 168.801
534.83 333.539
64.9981 415.935
739.552 294.627
190.511 647.182
600.576 738.804
544.957 610.326
159.121 806.089
670.838 859.896
691.618 632.373
598.706 64.1863
879.984 829.445
648.705 413.095
537.549 190.472
89.7965 927.823
879.755 292.954
65.0089 704.004
700.726 160.065
201.494 307.09
385.98 505.558
83.8611 554.727
288.917 62.308
522.145 472.98
287.871 202.302
319.606 382.282
879.261 670.998
553.537 936.318
294.459 841.471
411.903 935.416
879.771 530.935
408.068 274.108
246.978 519.075
787.207 426.269
410.264 132.171
62.2371 64.0195
