objects
212.9189051164916 147.11357432769555
70.58138141745286 471.23491328563483
666.3089257285636 472.2757067248723
94.619457856901 810.2755668979095
320.70404366835965 39.17229439349826
654.3937229543056 754.9746292619653
616.5050184937543 282.4834751172068
116.98196302651962 945.3635280362413
392.2402802129475 507.3601982747654
618.4742409032178 648.669908050008
43.89622752536289 407.21057037332287
596.7078608180356 873.5777092835852
447.26560511804706 939.699152557806
514.427721463449 786.8494372091106
261.8360214418543 723.0968751103256
726.3837814181859 857.4465338458589
787.1638754468765 808.9530962348241
255.8407714093845 248.285318341882
72.27229434535872 882.4084992993118
161.17178246823025 310.7550744543071
522.6062199515344 365.99405421994004
164.2780117778549 573.8917664527391
306.89000870399906 651.8812955130691
580.3925888641288 34.43060833393365
396.98504064321287 97.49872992379707
313.8748970969604 901.6121045243146
323.74622216864145 257.8099387828963
742.4601762683081 621.0032589826724
183.8172224902458 399.5868726415465
775.612803927285 437.90373835871515
232.5416996229628 348.24523709131705
293.2093806833472 111.95543491530339
447.776520780742 180.81153552505268
868.4649362631235 632.7566598631329
787.8048257806391 507.65203602483984
949.3447227693014 780.7878561190839
369.75621508492316 679.9301442191794
769.4249106881297 293.10852838762753
898.6249239959278 310.63147821024535
235.28702848945412 72.93816602684416
116.95470899987845 521.2254888170702
650.3364610188862 79.4867298018637
528.8599828282033 285.28015892344723
912.7531077695002 57.43239462847147
107.46018234910633 387.24809069264813
439.3986055571496 640.8723216791483
63.357372046360354 560.7171256127846
378.4299018417479 218.62532686512637
602.8697324636568 441.14973838557205
36.32969364157525 264.2302311199331
319.43853124430467 545.2126984514232
946.7608868149564 421.27345173991546
526.9141074343023 510.17339557210073
586.0196351587964 201.8912970757678
580.8474837611667 572.4855647728825
249.1187000701499 962.1601434384394
241.92335794691718 851.0325173740516
426.8568501370408 822.9058859292657
837.2964383697661 197.0215377510948
433.9212709381916 308.3075090823701
836.52898085031 36.27937410785652
150.61267766547297 748.7105745595046
747.3713380078818 90.71385855935645
779.7410505214706 740.4695750651571
878.6351392592329 858.7804309997601
629.8542511669506 372.8322229976596
960.8177768898079 169.38681285108166
808.0423891325571 594.0634286121896
58.301176400645765 629.083196043802
669.3111501585596 931.101287875418
460.6704451842185 46.86507387172727
959.0192551912476 671.2049367434598
386.2126183455839 760.7896999245769
307.68399256219357 811.886229448975
84.91750610792549 57.16568111525232
349.2220264144926 961.6249549856828
518.7698146379529 95.37656054342398
224.0047407438391 459.3624830236426
958.8665017470071 881.0156703367775
855.1649733885544 468.8164618512524
58.34713947840534 751.796096803638
379.22439510546513 576.5620837764416
713.8033662950031 550.8458076917052
588.5794599776293 951.870406159777
379.9441806305683 873.6159883875517
