objects
940.9210579476495 370.48696532131
641.8226347577706 47.77360113894755
905.3552442013851 507.0234831005922
667.4877203696143 727.4150029782994
463.17390959759484 663.5240535397653
392.6919414716249 343.5754568306046
156.61570340813816 360.67051264690275
805.6625459278742 782.8032618847534
824.4022925833974 123.25756154751468
93.0319273020684 290.33608302594627
913.6570464843333 143.37560607226874
856.329874136808 609.2103826761672
788.1838058182738 256.26956324059256
487.1207890393674 53.837565668711235
414.3800609009042 765.2150489811957
597.4663316198662 601.675771253663
535.6021650304255 398.7771258778972
226.16910300710515 144.06733106764418
572.0003032591653 725.2939745675758
491.00191486016905 456.6527928608972
609.6720993063332 934.277819360982
341.1401576020149 562.7705797493356
934.3433306989562 960.4321369275175
323.28336739604384 897.0563571922469
259.598942471246 343.29852586348346
741.5731626546637 904.4305891395654
137.47007223599846 117.25664502990446
223.54124145666393 856.2972003451595
589.4940094190736 145.55304055540398
889.4798121570088 673.0558128612786
584.6073424823142 268.56056236252385
833.9811458748492 449.9584017194507
143.61130779691263 603.3407221138507
101.78869814467689 768.0210489308779
414.93125634363014 43.40615371231502
829.0327012889153 859.4322686611581
196.3955905874613 560.35484087629
757.4965589677597 410.0037985846408
302.886307933462 148.46486233837595
104.38617570380788 692.679558111725
476.4046107107321 312.0828965165578
743.8596063901509 88.95633487012503
348.691724350562 678.8695847233115
782.4182276510128 662.2210631324047
962.7814201982101 712.677043754909
367.74931882993866 834.3312138878775
700.0270062475452 333.2477319213376
124.94993236951842 517.0273207081381
721.3960866407499 243.96491437218864
226.82213073015197 641.0760356571346
921.1991366087128 829.0658785620583
135.07061915630797 185.17881203172212
189.52832788631187 257.21665631522467
569.1224514382268 337.7107625392959
55.582481354290465 482.61481265600105
682.6883802631103 182.8896537888682
390.68498259397956 194.4809434755272
59.74543175264788 171.5471706492791
483.81050330742136 848.5312070745289
507.83362472864155 777.8777231049309
620.529673930552 869.1663529615627
256.0026144630276 61.56234186727495
420.27525074246205 878.0155088779193
674.8130885414823 451.90598792324
559.1960887702802 829.8590178114504
876.9957329880074 776.8906262995924
73.1234902014919 852.35332399868
41.95671436719671 663.7826981170863
536.1685929693059 938.4721220210994
335.60776270093004 420.6111768098413
435.1040065734909 601.3074147340682
846.9306497691315 220.97704953386528
231.29282131894718 708.5609717280195
429.65013084533734 406.25696267870865
841.7800488134387 322.9019787856536
347.95568476447045 248.5196584302963
493.38592575853085 559.1851344072712
69.24122395558632 929.5523152568611
784.5025512990015 535.5466773789003
169.08627174088463 948.3571993041088
757.8950984965247 723.9216609521861
222.79794860353974 486.0061006808152
484.6917149716263 120.64823055956083
366.02852441833556 954.0249141637926
921.217311621984 308.07316946291144
