objects
316.1426312016284 240.49378023387115
358.04740733083366 474.93242171650957
268.2049165365471 181.8140184814014
342.3928107196943 627.0222173091328
618.2530847364203 309.78156583016477
863.822036614709 480.5647516877577
299.38049693429923 410.01462979984296
783.1598080211705 698.2075164622628
217.24368476416942 258.27166806862493
377.78545197387984 554.0918908528246
756.3489059081146 536.4677704537453
600.133355712419 678.1252601376841
191.33926456776217 598.2558332252098
964.4708894699938 168.45495431836827
670.4673924690599 141.8946075410168
626.6563185392375 868.8411954504495
309.5488088325684 702.6477358207073
154.53984376969083 428.69653944193146
720.0653301749614 40.65874868745177
397.6232397634762 747.6159151887027
107.17433385960007 912.7602945857803
703.9800999712735 677.616484486614
765.0578104258683 353.3818433395719
547.1687258962241 335.393352229323
247.57333314784637 342.1752589206318
395.7283504485425 154.93242327925245
880.4504350606305 725.7838151749661
818.3566644435944 592.7542972209473
527.2945119916831 763.286774534954
324.09959586979636 126.3329480709873
521.3157971256904 274.63311277230963
583.6467888389745 139.22766309245966
146.7891700629102 311.19614015154957
464.1023445468453 700.3844302317602
462.4892474269581 527.5195798169108
685.406010995285 941.8821577331444
209.42970882558674 38.601889427870944
788.4110899543361 816.274788927198
411.33757013642276 900.8686150195196
859.1838924934167 110.74138730719145
602.606747339552 468.0720411387031
709.9189017808258 427.1976810001241
851.6691246185679 799.8488742413911
880.3329238195239 268.2516556223806
410.5287326493153 247.76970591466738
851.0962362675144 655.5502536423086
500.29729661537056 157.07291894656
944.7541312172712 327.909006231264
696.8405483092301 800.7233947664434
50.74053636037877 382.7268059935577
869.3820349563913 40.52160395534821
86.27873028536035 602.5945827653293
140.09162618790867 41.86160497895953
864.21835535731 939.8118228544396
521.1332133226036 895.3559744410918
125.10878089314465 759.7541664737457
222.6474031495545 918.3365914510412
219.99152042279658 693.5315453877948
779.4068509628104 166.52419203618814
483.7541673549236 629.5815607967847
235.08058427967921 765.270795695139
456.11185513318475 840.2353574520904
527.457352033321 483.70138594946985
40.30923342615393 491.20927879663634
862.1829356220475 864.3070934178418
486.3983007277601 420.94474189820653
955.3776517170706 644.6299545340971
76.23162090198886 259.4951345701824
889.0090662189591 196.28760204504658
667.4245140853684 213.6499300801698
106.2955568156122 836.2405292448724
140.46191946507514 652.7407087615223
683.2294885680545 490.2042792362592
962.9499344469529 492.5069582496613
116.31405316232576 489.2084216467641
803.6663600292168 420.90127045988737
417.5579194129672 444.81619883681907
313.65733288386355 338.07198835516965
193.59754260103236 193.42568310500806
758.9470716919129 941.288466043013
297.8385285433317 858.39196393554
842.7212451103984 327.62964544133683
918.5075315222144 434.51209628682363
615.6830483447874 66.26496109107467
189.67815835417647 514.9240296303616
