objects
287.30969839369726 824.1131650974113
656.0516644930917 34.204459468175386
891.6832969127306 794.618381239171
727.0647717331833 222.95151812949283
210.62233538146955 569.3654509817864
146.60014243266218 534.828698862808
867.5124411604273 292.75170751473826
240.0054408393114 146.3695377087711
508.70497830042353 485.3021111927767
497.72954557747846 708.4192458233507
280.8973830322376 957.9029662496806
434.23372707419975 725.228752401543
673.931542906124 700.6640692431494
43.33519234575307 502.68384093956104
686.197269780357 508.0907690882405
748.8662017474287 435.3764501153988
72.9879822159916 337.75887573714317
737.1208911877125 835.5201687414589
233.49269850140254 220.09281768746507
222.58099509972172 353.4438811544003
635.1158093726694 167.6211374043802
565.3408078783331 170.8057841385336
903.8473892602327 590.822180919888
669.6516579644324 900.4705898543358
100.11628387507193 806.5015563543949
400.0225151215592 874.8326975425044
635.6130637975635 556.4029883679663
831.1935142767103 368.17248930663226
652.5151411585545 411.99964120136553
345.25367914242804 222.28586268946623
434.03455180528374 153.4695334946658
958.2789522550942 792.5077234368404
58.01103866739453 693.2767785887751
521.6553434133423 850.1260324515025
176.22513760874637 952.9688744266634
319.90324375543383 895.675473540897
540.4999874367613 355.17858200180694
461.11398906570776 293.31443915560556
39.07045330322728 143.19333462435833
462.32227339075763 917.2960392667866
279.15273145731385 317.1100262256668
965.5750778553195 87.18231181193968
695.2409285725626 612.8152386773935
143.3485104086723 186.5637607541168
337.51853439203586 443.9741399115602
879.2106895917278 34.07535775369538
547.2910385436141 657.4465154960624
829.2676360721198 761.001989138611
399.7560355300345 522.2735654812686
411.4314453653044 601.3708284527135
935.7917366352659 281.29050457882045
713.1863482147215 121.46283140258672
355.46647144588405 780.5823310717211
705.405315914598 772.994990457839
263.1411442799151 660.6789551863056
36.804141398417066 869.1450640470161
890.0534571218873 898.3779765172699
179.82733383356486 710.9042249113515
603.3687853775261 771.0780105112545
479.30272127461745 793.2201405824648
957.7099502637947 471.09534145337705
166.23399510255575 465.6099482500276
328.3506540482405 37.005909319930886
816.6105172365664 669.8618810644371
278.1751295903613 529.4527022384182
328.7839842606771 684.4572378081268
807.5973905999483 852.4710189755478
338.65638909149715 363.04767803665993
863.866578046412 496.72494124769224
407.2741814579729 400.08854345548724
931.7940442201059 689.9675373149165
244.62264163090964 873.3593091020992
818.8392366827496 942.2024967577934
492.24410480547357 112.90079531959583
597.1758747911314 841.5601956017994
38.16695520562387 406.55198001430807
655.4636486406005 308.82954906826313
166.11491276591318 636.5535671941418
797.0973287079186 155.99935769317938
90.5128395468482 956.8414634606737
274.47876993203255 418.4357651261653
99.42264258878225 588.2427025656564
478.713051738952 591.2982360594218
534.8579811019387 959.7623920233788
956.2277699630844 952.6137672837743
