objects
263.5561341464406 205.84749832236312
119.62055654605467 812.9768077032502
918.4637368866418 202.980926314597
977.7670055048106 165.49323500649697
208.11635481536288 916.9861914026112
502.33503191587965 958.814112152606
644.1677457535999 497.6181698702005
687.0638166936067 658.5972162860035
977.6888019862187 673.9790628454082
332.68006391390725 623.6510870158882
276.88375594195935 234.88428118969068
730.4463606419126 283.7894780238649
636.337713285208 177.48904880158787
457.19431678336446 683.5435101999399
361.0487377469369 273.2305904667574
538.0006846941609 90.13275232389765
157.38613650303674 249.3128509570413
446.197762778952 836.4562264603253
602.2469279403397 537.8643291260217
801.8246006422484 961.8049338312721
721.8096906344244 611.4174163500164
735.7248076521404 581.7966847162107
37.21339463248619 57.09559315973121
30.7156686156753 549.3745853688291
291.21807462283635 601.0331701616929
308.9454878736141 742.3581251633273
762.8430980188689 898.9851663154088
224.75548739437144 407.53827133048526
877.801812635471 53.96393321650415
185.58291467843918 835.1967301664794
118.33443535723627 519.788771266079
63.92431576674653 897.2527284514548
183.5731249541485 124.42047982779205
293.19306041099304 823.8991751534676
29.68472690651657 358.9664788899099
414.987318477497 61.431341935873405
930.0264075470192 102.087704259429
807.7222157275769 759.9828200386804
91.25698308948103 826.5317214555122
814.0213462901053 401.03917188826176
591.0028916223131 273.6350112411746
788.6638261784495 116.85577801051467
246.5147642446076 789.3646342811986
650.2942343541977 652.8550445360006
558.6742333806908 369.8927533738386
962.3360596191819 532.5293810174521
395.05118156531205 412.00517730664143
838.1240880829407 371.895885984918
154.18381062355215 800.0127977778275
171.58172544311805 208.39186640767696
946.2286790454546 669.8872952760559
816.369712381795 154.08443802369158
660.3965248368226 21.428973200938206
756.6763115399265 421.76220876926396
607.6443558892722 917.126302588381
828.1053259236725 446.9672184194813
650.3390401792851 342.12571491592723
832.0888106268618 699.5478974172509
804.8603961814199 599.5590983980305
413.3731527688266 627.7536551914882
64.32852137964086 747.9975281260928
256.7604646012405 177.0833014104511
265.59799456846827 718.4742350357377
399.2144208899737 345.05784589607134
750.8391870640285 127.73754383769267
240.8788700459371 152.40539985741086
340.26549107680614 175.3151529508115
339.29833212667876 512.6482361292635
592.2178583688883 460.51334489245994
463.34437551499246 813.2697003702042
30.40550455474984 866.8431014379819
56.55484618984733 489.63040822545116
224.06818130526662 255.92271746218623
459.6899647346494 909.3292076299675
657.9361168466869 589.7673039779397
868.7920837721854 298.24973203353176
628.1211164262336 792.531511951878
938.9087499991026 66.16277240227551
547.5653895569701 499.84089766397346
719.9246237757748 831.601650302541
349.8389610027367 29.536878240884008
231.29189935516823 67.50285103487714
837.7072056274048 853.7209425220844
629.8597688080421 15.27305474494299
945.2729600871616 744.885348023464
564.1592691484584 796.6666296044183
94.57226312824717 777.2607225341749
180.33247656964863 548.7982168930398
644.003653129531 701.6202262167736
922.9913134716778 623.6185741679398
951.5360321577534 318.53358825532354
700.7862405562821 546.2537068261947
525.958603814628 979.4689293775664
369.7214427343755 890.9664325065017
604.155068636293 26.466966282720062
357.9555963205253 715.5196564365644
897.112359922679 250.01225971516556
664.131375100743 777.1060125932017
259.66148295595224 974.8850446989356
475.0422280230536 227.6380795721384
41.697871846797504 434.15461665531376
593.4768249720637 362.7238135858437
841.6989134687434 620.9867539379156
588.2690536241216 863.1292322986527
219.28721424923407 101.36013907087134
61.741239734704564 572.7525828845422
66.31391941748895 463.2715476608976
663.7809999311803 876.9421385290383
923.2335873366378 954.8366280351275
144.92942086231068 574.3432466603997
135.97163774908063 427.1004339463492
431.9532451132467 766.6508958392365
682.7393647478714 498.344866290722
457.2496291725734 868.9122759927566
347.14173842839205 871.2768896230685
970.8970252956856 880.5467568064986
723.7551209216305 139.93761845131135
844.3037396193287 221.99287014652936
971.7611005478863 598.6974271273004
32.61893120900664 718.4652600668895
494.9429147158534 904.7973438709472
969.8818826472708 258.18510412480447
670.0271188006298 209.7119471699684
84.06390783584095 305.4870148333387
892.2569940988161 964.6211732994165
612.3638724096279 423.5533625209696
857.4045017365738 410.4811443406939
32.502769939188504 947.6417113973181
54.77109125459463 664.5400718935324
763.5085021731812 687.7026309272637
878.2355676461808 554.463077648871
294.26027094146775 425.2398123222271
466.182808121979 771.3379549833099
271.87715139216135 40.51817641343198
295.5225388375627 325.5088885427113
318.39743188383864 76.30749795484157
113.33973806596283 347.1112337252733
196.96330244594378 878.7556185211399
929.9284003928719 138.11273563907778
432.2147584793653 235.00351027118288
966.4952177920918 129.49911664612736
789.011418243095 658.5483114579172
452.59935331810266 192.9637182205841
663.6094425000471 55.892825625382486
464.26055738685375 977.3709988224217
931.0505049006105 15.54298290166257
665.9368062110369 835.2344686400004
127.45851474692945 957.2195150837406
419.7431138776188 100.0193697436275
915.6488744346534 805.8583300663485
215.1549677486087 457.3727274751104
863.7768911724279 475.96888214778977
380.5842372117147 469.53047334227944
543.1590885208019 328.2897824126968
619.124794372759 149.48908020581098
