objects
802.9862896354858 838.598764517803
360.11521743475254 540.9478514533154
858.9753261647758 693.2874761124823
22.874313680146386 942.4800590560222
272.20929968883905 304.5932423628649
584.5145037282971 784.5935602416316
475.1849581981572 892.135924590776
338.0820987847307 748.9170451748947
906.070999907147 373.2000815656794
502.10788556460875 481.51906472349424
901.5957599136757 839.9623515724144
618.1075143020836 538.6587674326593
537.811746225752 495.9402072741476
559.3904737724646 649.732018506107
763.2361721078404 339.37516006167806
700.8017789692843 148.9422347876164
529.1346529703131 745.5131219331431
752.1986720197029 378.16521211948935
383.31004659445495 49.63196753454785
816.5070193413985 694.8278972388025
805.1610961015124 129.9591692962169
574.6065622524051 216.4511224081115
936.5757534885677 549.7770194132203
670.7905117706761 114.6587045952419
608.1045650310632 646.9029915688584
883.9827278581014 51.96353800226386
589.3723378790927 423.11346181679033
16.849215037510344 312.37920302728753
843.7141227639398 369.4381630184095
745.9727380578773 184.42584673681574
944.8886360947398 783.1118879265451
566.8897001039809 564.6832651061628
384.97323240525077 791.1910925875501
594.327494041396 583.0626535057069
30.790957854578842 44.03660270396098
254.51526078490375 710.2238037881662
127.46533040216667 547.4130659323667
109.70907311874598 447.43906308774433
184.2650447621517 263.9925616189916
654.6989368597675 250.89603743390234
841.8823510372446 519.757799223725
958.1645078522706 872.9333549384886
938.416005288211 97.15966380140455
565.8029113474803 77.09373156676196
770.422393864576 142.22584908804345
966.8925736467767 401.1163637756646
198.5374063932142 786.9146701219618
463.6232824825048 776.1440242534213
967.2469920245902 756.2501156975591
452.7729435577436 558.948564751207
513.2556669062182 176.25373083547177
820.6103965425905 91.68303673041406
870.6944211172198 248.9650121767162
955.1295910214321 297.6126554169854
88.29971586444852 62.65355908373593
941.0150585983833 125.76619333480045
355.69998653991814 699.1672838019863
654.6870282141651 836.8478670175411
704.2169602401955 451.31072777676434
725.2317738007855 677.8893732352894
948.6195874100097 729.9034985053806
580.7256595496933 913.8532632128604
757.8213218260394 16.85065495480922
775.52301734031 868.2680097526654
385.85465366994663 284.3136124298098
465.233467613537 298.0207222336436
551.2081666938384 348.0148996799104
458.68961435854345 824.956226900237
189.73077460011947 78.02198930980715
339.4488877975839 72.78414105517678
373.818425344683 573.8522302591855
612.1831781545438 899.5649421671648
389.3016338905357 438.5699575621794
226.00087995193036 239.28412677926886
490.8512846491729 636.2246688569845
124.91508054750535 136.83263029576042
44.05310003444397 970.0502997189323
223.0112068957127 436.22382125792456
805.8427687951963 877.0080012983158
296.0297262226353 710.2582608044282
284.9126610586714 254.15728636974933
738.1232120353059 532.1043307228333
600.4687222595577 49.79587011178648
643.523114194725 703.3795980056676
799.8548549940886 942.2797509648871
375.4202034575478 854.143913407026
509.56437307309324 704.1777524088895
807.5266377019997 310.17260575760207
297.5508542956852 567.7435445250808
639.3036737837291 788.9057172173124
227.0316416683436 926.2547815284325
634.3932631945353 625.4152650298447
300.2279304362494 44.4031737429116
723.9892785740593 485.2223365316046
173.8716892096873 393.1863649178098
769.4757719705339 691.229274584951
261.6698648454958 101.99582921231749
121.80250653693776 82.54759496346877
416.51026823826953 135.57041458276083
243.34153163280428 49.262376860416765
781.2671208317335 264.29766512613503
651.1359916279165 388.90781519076273
439.21594674348285 950.9496940364252
200.9226108074175 591.7077201103671
118.46205797006792 254.72412404259765
550.3542832548243 149.94787939940542
294.1150832122686 81.98408922245558
179.14178766133003 913.6191046843535
431.49890724144063 400.0695829499352
521.3424005510595 70.79264656853346
390.2499482737233 823.4076789619212
784.4820637016977 655.9234553259628
163.6484761933291 464.77771775247066
638.7546467886134 145.82841181202423
860.4485149847842 449.95639280777766
435.2432432361214 272.46062605259954
152.68385217146894 158.04475241465374
726.4731643724449 295.8910097954847
832.8680547970476 431.81277548867376
85.0407618570811 514.7609230705405
408.6133493149935 214.56563198538447
903.1586774173131 477.81925809859905
159.48952702271046 564.7160719494966
960.3850786282984 338.19346457584345
315.8461058329583 481.4280955336275
535.3646283993675 546.8299536081639
434.7065301525187 339.25251662833983
687.2968005961434 61.945808361396345
183.46032966768684 32.464186368200544
664.09024560383 517.6028013121417
434.89680737083023 94.37647679189662
333.54365664516865 218.2406349657124
835.7129923584168 907.2242826508055
738.0822212236686 260.4140049753757
156.8099490698482 800.1619582696499
801.9154808629154 467.81875494154747
198.04188737567716 961.4885400465728
581.6721525091488 507.1983828272068
899.1386162654809 144.70950442151587
517.8241703009311 674.9497735288368
661.9833701718949 82.35127053988758
233.03945782867126 181.78540726387135
595.5795462617688 943.2167389752744
278.4443602233064 611.1816893676335
235.20985246661496 367.8200684081585
405.73580766600685 492.51053946255337
421.40247964973724 562.9083461975212
98.4013568601153 343.7259192206199
958.8873887236689 248.3924087840427
540.0979228998098 711.7525659349968
749.0384812429949 662.3330699277045
350.06071985452263 332.32887678795737
575.7766360437221 472.6719012812905
868.9297776580399 752.7909444980907
494.6989030291648 222.05370236080392
