objects
77.65638349422709 503.65619421762284
349.1216894354578 706.9110541843394
647.1643199656959 32.6097476724276
187.27965599948922 370.0717086225785
26.381518205881854 162.80886678873753
818.8533637910853 694.9919886666178
732.4587069218471 707.4005551657465
791.7734810947355 14.6446083199951
583.4701915405083 685.502342167074
568.6011641829978 137.14695653017554
379.05241878346834 161.26185701723108
260.51991074449495 549.693771069855
776.9990123549504 732.6574342966104
266.78027745607824 845.2414337774667
805.1941203371321 390.0732940511791
558.8001213958414 80.58059306753319
208.7127790957865 971.4274772064151
352.3730823184883 134.8842189836942
733.2044412598359 571.1026146059223
693.4597251241255 645.2774383994972
891.6868596133254 422.8044374932134
191.09884814208667 900.003345177606
701.6458688929972 135.99510614688938
967.9275853534228 521.2705416566209
718.0476520536942 535.2756243280851
521.4633063917902 149.70510020315257
86.7815400532707 631.8749884934502
587.8745654858066 529.3687009385178
337.63424802204565 807.9456401482431
668.278363481889 876.9147711364075
921.6965198387368 285.46577080480193
549.9067711159412 394.3026668396059
192.14866401658855 506.0131375417237
318.95418848981126 962.248685379523
578.5681832812771 607.141396381106
419.7469834382634 162.0164659632615
872.905539456816 336.26565868202846
597.5593906303544 577.0693103827999
609.7083123031581 398.6372145557292
623.651902242323 213.7202668225503
192.02039883852134 438.8601327015994
868.804307322033 672.72046733119
225.17905798336025 629.3774383049071
750.6778811465347 911.1763853449252
953.1786365320961 121.05818848190933
62.369923157280404 863.2341532821595
612.0091014023919 311.6680558657069
227.55641301028922 784.8838172924246
221.01122128605604 371.45883920693456
780.4312148345298 323.5197652757435
162.13619073109874 225.61897782370443
763.4848666887696 981.5704540820841
153.2021156453393 132.66570732203954
153.95570138107294 340.15250356377703
957.3580881653326 562.61472955748
403.1559689678092 896.0103026837091
693.8476150563885 766.472973863544
200.5443950787723 408.7286452324503
917.3957167152518 380.85293537594305
132.75263301156934 962.3152732977652
508.1780407122326 762.4094044588081
376.0731643735569 777.4102414657127
92.1941989789219 601.8547042535856
812.7154419194254 515.6877090174023
416.8797124377058 500.8782086263053
706.647795656585 17.73114752925443
848.7673943972233 759.3164294245548
17.34746571745729 245.87488324822996
59.04953556818079 67.33210110944539
766.5118594452524 90.9189027192643
361.4807471275459 306.84732555319954
37.69032310692021 924.014540675449
150.04004998612692 610.981445661897
916.3319669628189 783.5011122056715
529.722532729341 35.110413272041754
322.7810125077066 733.9643004873737
666.9471880360169 957.86733030601
974.6725838197514 646.5114123534875
111.42992852668172 161.11183967334375
974.1039716483863 720.6743695661305
516.6740886398279 338.4200165797994
94.02413504873286 910.4251743159261
559.0538287514192 580.5640379480997
793.909228512398 596.1485559286721
249.1633887518839 262.139028640269
158.38319535338127 417.47657212311543
184.7968793769741 869.8285358642239
884.9026033069964 30.416582569624808
985.0613906890401 43.585043179051894
234.43902096778945 908.5943315220992
128.83160212291276 484.82649468712407
695.1728788309986 488.5248536431696
771.9415673740045 155.09159947854099
729.4500757431017 639.0002018553531
697.073172571876 913.715510587386
637.1136992487362 976.2182856146608
167.75719021741415 929.9607404347959
32.03730153294103 435.92748139549235
177.3701019552163 956.57269906347
102.9395674237747 436.544212890797
399.4299233681296 25.990461167753985
261.94734722928854 632.1509451811479
742.0586718969113 761.3633312833533
365.0156413319543 976.9679845605003
180.23844358728917 793.9970397560594
97.80946448234347 733.5568842615822
451.44011940252284 450.58562846249185
165.84961928600717 43.52589469340021
966.6160479139049 263.5714641912253
371.5485010404211 743.8859385284196
110.54385851061079 854.1609492646404
813.6578305228917 68.17632569696508
382.3314089321023 280.7143827842303
745.3136083110315 61.19548901196222
266.9937385228041 368.3925653820986
797.1671084779979 210.80747684823064
877.8094435862239 228.11614927738395
486.9566415467141 96.2646708493506
567.7413163006538 960.4294930212783
389.44382659188324 417.2347194280951
19.537812404947047 309.064651878253
885.6290365978334 825.2610281487132
581.9784693197442 386.60279044160654
984.7003053279038 312.6122444162195
711.1487682222124 318.4401713693889
663.8183288496988 427.095205600121
748.4749792653092 882.8347686410011
133.02607527060425 262.1449601496341
984.1618794875071 937.201275476478
705.6825089796384 723.759829594871
558.5730495605052 244.3780143119677
731.6006499022466 823.5425152079498
778.3965176653877 554.4202843761863
363.4052130092326 879.3346421679356
97.84595549590111 385.8379451825505
253.11854241215332 582.6428572956603
589.3897577590305 204.95551412536645
145.57452977855274 885.7436146127577
782.0739333962686 849.7925220128845
463.22291752606054 908.5650183807352
669.0875888007583 163.58553945044676
581.4361094183419 766.2557802431644
691.3903675092469 406.6598288061417
342.1637650708461 34.97328318233533
64.26563101533972 355.4644565728477
430.9769197142522 861.3780924453484
237.51057670086624 233.11791637061378
42.109017565869934 127.49867443036753
543.0423160372203 706.7997183344977
68.26268364732228 258.40476801680774
480.03595529570157 310.8581356579741
93.09341597710817 805.5096536712938
808.018885619613 744.5656260839206
861.8555264611454 916.3593387230965
232.2709913823477 853.5335064643488
