objects
897.0297085326187 639.8502756122552
104.09199226822113 610.957626311818
352.2602574358404 742.9300082935788
702.840435217041 53.467708612879235
501.6661034974364 782.558078333202
741.2309307201022 137.5694793526198
607.0490018719237 206.66969394694235
845.5683872745569 237.58965498632114
401.60871920338997 165.9350448342808
392.86290126220547 291.2300857209507
259.2294296792425 374.6869649291673
961.9375532690333 732.6307317263045
590.5834391734113 523.4285017981186
282.17053822400675 890.2049519125112
766.3422607449874 320.71155916710495
529.6935544865092 318.0701861197967
491.3219901382216 206.15614897650647
653.3331254015709 639.1707470768362
705.0367606669416 785.8553189123274
683.2633655592203 720.1784065401577
635.8856849921777 44.40092316984986
697.9241239423093 859.0548427442594
612.8964838393323 865.4898215854483
824.6498236455309 531.4535626626198
590.3193013629876 407.992973724764
869.361386652544 814.8251279638218
274.6896535586852 43.91292424515559
92.32319098943634 125.80400513081945
692.52810995172 413.5274823294723
491.17515587726797 927.8802694861995
443.618712614313 665.7587315538893
49.53634484314698 455.25508226725333
257.27001855538447 686.5447253887165
180.55717701265183 234.40678780241035
406.79805654475604 420.4109783305274
416.0604545129378 937.0738306825631
433.1704820142909 742.6571024033553
118.04813941761036 440.4853479162962
321.10438779292423 247.47605031102728
98.62189798574146 35.9475049287825
66.31528633800812 195.65164583767438
205.81251330590516 562.7848530254712
67.51145411687625 394.3073001020374
762.2324219006473 824.4890553829416
477.64944128941187 470.74104336724423
929.42225859764 276.62777745219313
470.44316462776294 381.9916399313283
116.75858491692132 271.27942210109603
490.6533755207304 136.92180481012713
186.21685153712713 155.61079288820957
779.5239807504599 654.2986006007585
832.3405357806615 757.9723161731085
253.54299503871454 620.6766974934038
850.7443629530114 173.59261038643524
846.7004807200852 399.65197676972065
933.1800861892903 796.9599090872388
851.5166889099504 70.59479151809171
549.7926219035708 952.6112041262334
876.9497232173604 485.5648252550779
272.95169284300886 558.6943339977346
