objects
722.0904952235783 450.3376170210491
724.0495328683508 582.066057558064
444.20979404534194 843.4783598330941
351.7372859986322 421.42338177832534
626.398529271607 932.2392860493917
950.6098688095325 197.54885057340977
424.7872729174336 684.7675455214613
53.26256838224481 703.6313949303759
339.4074409418054 72.04080014285088
279.63690558862936 905.6992945085046
790.3692026440922 418.4866331730859
935.0123510185152 35.37577401704469
415.05547973145735 950.7255973744294
686.205517446009 337.85345565581827
589.3210752437271 438.99432116509655
222.61896556075214 949.4732561358601
794.1498144341396 348.20770278236256
523.2453380106839 69.72873519774723
799.5332965980784 785.3153203619066
457.3356654732811 567.9115950620132
220.50478419755945 109.26265681311743
849.0373693578548 587.4097118215202
864.3639266717437 360.138927547771
161.78122196941968 682.0049577326594
81.73238241402231 203.11956868121098
420.42221234384294 167.1174132194481
529.8174794655869 534.5695806858059
307.9909264117972 802.726627363496
349.52807126401973 860.0435137738403
905.5272677468316 426.1995926233989
584.3732635961724 169.68640303432818
213.16227642858945 774.421258379394
308.1307706181109 671.9340883951437
687.9331131446238 794.1344030681678
497.24113739127876 678.751205167654
599.6608194202197 358.25979188271623
396.677215322556 770.5930674560688
516.552775112557 452.49994964360206
191.64416792278547 585.9328728256085
160.72920292930263 845.2833277215353
728.147939805739 857.8820656302838
193.99709245899487 478.763634102
304.62780954147155 255.7470085137104
136.27702852009847 39.14633360750079
150.464219578108 411.0833247673082
236.81864371452048 833.3538597816435
808.0675525076495 68.33471696973575
75.61270828141298 792.7169030165771
186.87299584447908 353.789118404282
881.6179643004945 849.5654674876725
637.8377511871271 527.0329953416006
695.6279015709652 186.1777692549934
385.64998880002935 529.4113753488456
926.5190161733676 903.434812868851
44.85669307359577 529.2640819954008
607.4883105855259 794.9756373217862
506.7588459285187 253.362060346139
257.2510218273098 383.1065634038125
118.06214761847188 326.76743424489047
647.3808259755513 872.4452569000167
