objects
377.32549182653196 479.68184385084817
789.2526457262954 959.6889815932207
416.1562664888408 358.19124795107933
621.0385558147938 609.5238010077833
242.56377923267343 91.84635026483059
524.0737733380062 417.3277339558636
238.94716718816545 964.6130990714719
458.48886529899613 216.39460582643363
231.32860179079614 431.87063011459963
115.31788665846288 653.9028034222646
184.12362857690363 826.3722783018995
766.4723664957718 720.4005743253814
508.5381710401782 312.0315606193417
560.9194238684229 872.0087453947579
55.2349987015521 885.4803424961912
64.06596967956847 543.3264091425583
291.4127053523441 658.0527466020915
387.20965374161227 556.6213882392005
899.6100081254893 503.99359466590846
397.0245443647805 181.75846255140402
57.42714314554563 243.06709696611313
943.3676171754964 774.0442997958615
637.4625282122852 838.4648070604069
812.4274663103805 594.5319736919031
762.0242735569626 271.86334251687583
912.2758170337221 40.1187537538324
763.4723902217717 348.2231469781267
326.90188868965816 402.8791451883152
360.47001560024796 308.09550194870343
535.3162758869411 741.9808974228098
164.1618936162327 116.67014758894734
703.0990595859502 858.9302885918789
587.3460711228722 154.69973306155973
401.10314009587313 916.2513308561444
140.1010840245932 770.4289830793907
147.58604157973437 899.7193377139188
675.821569245693 682.6197059727572
856.8744918707915 780.5332949991003
388.4783139993961 804.8584946627057
874.0206768835113 295.4766731973881
85.9069333076598 122.57650914774948
360.74614886757905 691.3806607628965
317.17170661737657 946.0152328742939
349.6763413876126 32.70802366689971
683.4466699420778 476.87362810090946
291.7297283665603 147.99065556869166
845.759091193455 428.7914854474015
749.2479777872175 785.8558500402495
805.9444942211785 121.18394930339404
724.5295144083772 33.26232388166822
573.8912897159928 258.89065163858885
276.2142121280258 232.86151623213976
682.1699530115767 393.77826201245904
488.8915631112628 549.0179887680464
436.2804466300855 429.9466421505534
553.4875303861668 592.9623188176047
937.948368410958 405.681410254485
51.99128688772027 791.0881114339805
438.14178343429876 502.28675473369213
482.6498921780864 937.1483382049048
