objects
468.5499630565442 382.48825223293
357.37794765756803 625.9784728650113
802.2530532502294 425.04249868154665
468.48204990194694 622.891456992762
605.1109205660998 168.8237549476213
163.61383684162126 734.9974024853566
159.7008827072838 916.878925483795
935.9423001569644 448.22768137115685
269.71439268578115 912.9548230254638
137.59502540586766 179.62562952977692
832.1051973967938 934.0169558829293
543.0868545034523 252.61829851158825
773.1463102572025 82.03256697031483
648.4142181527216 790.0785299101412
711.9893373713678 189.17553507278785
130.02399496547116 613.1517895376783
540.2341964837435 755.8751508599698
804.67947980488 719.9183979705367
271.0930609567127 130.7315990522911
837.4282476338105 189.1017171749428
665.3300719030187 385.6759360977863
349.0642674317076 805.0322568442486
267.2573166898634 668.94070939056
740.5713965508457 816.3154347570546
759.8045971946742 518.9458525319153
247.02624878448685 796.2580691945047
591.1293955171459 618.6390243411802
52.37752459368463 68.74594222575635
446.1333867868652 835.9671649850059
522.9343170880443 540.261423488164
162.32192523034308 83.27445270883445
789.2637462667758 293.4861745212061
900.6918444071855 319.90277206372934
256.8035369169073 300.9250672898602
670.9605401935544 924.9408653475612
951.7329453667521 228.93027601629316
69.29971474749402 780.9115696414112
904.7440194058563 674.4930370582058
238.50607573265427 556.5168618180504
362.2155558384015 79.05660463675152
277.0994862057617 435.90604435765016
680.7607358734715 687.6459331149381
934.9480638855841 877.5999620107534
510.0868831413653 127.29692690125378
448.76374726300764 285.2424322098142
433.49406703211474 503.92061872592296
147.54920759526425 430.2803520529609
657.0417686220494 281.92189219538477
889.2503402110362 563.3065822104784
749.7389330611511 620.8853273870527
571.7374598328843 871.6598319935308
564.5520759074052 431.298308490945
883.7840862448681 93.38225985834544
151.25367978650934 313.08583257232345
53.497586441621976 900.0175373905938
