objects
818.2143305676386 462.3645856443004
552.2179397166523 860.3997914569657
497.02943676350856 675.0863978432974
563.1837946066578 110.84623219565333
910.7323941392556 328.7705210271513
114.12764668463153 929.2046621215911
918.1762364256688 676.5622339143627
668.4260404578843 226.6621002255795
900.9962492634063 860.7500626748633
950.9732280249577 414.96915944268284
794.4332262392829 131.63390210523295
558.4630309921013 547.8358236188874
359.30359759609917 279.9423710758948
333.96612901084256 732.3861607350211
481.64885360095866 384.05235272988324
249.82938564286565 683.1033778042936
478.8939417809385 226.63986994151625
97.24220915387457 482.7906656408036
364.52981447149676 433.4247436528058
294.39406784564744 824.2996127226183
811.9468848176512 594.1982804772576
143.7432621940274 714.4196916532089
399.9274375770575 606.7840834656197
204.8648606172786 170.7606138974389
87.93296219146163 54.89032569638956
699.3413072415981 640.2456584798697
802.6149224804781 346.22834249340264
665.8070836022964 850.7281356391679
51.21446533053438 689.5083354977282
688.0578993278916 514.5190313756774
630.1178874815023 420.88320528621546
251.21056388255082 456.22409350388443
326.26760006011125 105.72990550605678
203.15926735104227 850.8198981026958
652.4610679750035 749.942445652219
912.3298534992705 559.0041958020896
333.60263969571616 914.5416965053398
814.765670011396 713.116329710472
212.0994560320631 48.51278653424116
922.085918195389 158.89921323090766
141.50929274667317 243.6899253105671
583.6562746999948 277.66962245090997
761.53891125071 905.5983342222908
61.37719587460434 822.3106123274431
253.5458762027592 341.19138156802546
125.95346902979246 595.158314032431
701.425498885854 53.535900934805156
63.449923842915396 340.63274515696855
446.0056663001235 485.8731246740121
707.8549068637114 364.53051196114626
555.3664952511547 763.9705244640647
441.9850012649871 117.21367220104607
604.1577130846761 950.7062377403618
936.2368130632146 949.5429193413727
160.63373422487007 414.3704700627542
