objects
553.6867986195676 36.27373462570844
104.25751882173915 831.3807563805103
912.4193018942698 930.2158329937347
331.0698956509059 303.6268850681416
893.3353786031595 478.76930971551104
208.3031270928162 571.2830689722367
841.3970522190274 280.9661332742165
717.0928811775534 304.25758138764684
560.5165286569511 100.52451883547849
817.768736493992 852.6069989233678
639.3093263814118 405.30079896255717
365.96206464550306 836.0534199142826
390.4619978410308 548.3291880795041
303.4198643834071 153.01945685604545
828.8717933831472 567.8276399617084
477.42656126536053 653.7724155713914
505.3177603894967 859.8443552938792
89.9158160324733 708.0299575755381
353.7943870269969 389.8971388813256
204.9598314029012 803.8160155658538
43.599093595515505 99.29342681197701
769.9264946996078 614.2007200779898
868.9429848037875 887.6299550597344
526.5171380743686 338.491204657572
416.04447053644645 678.9775684225918
539.8860825196692 802.21823733034
747.6590659160854 706.6915064122884
663.9166103439658 883.6491306843952
228.333458636146 940.957012335845
493.7908594619414 962.1127790073411
32.35774610595695 746.0465136557933
269.6798029864245 342.7204865376783
652.3753877312454 159.8979465827965
720.6521038731346 192.28656376563123
415.57360733622824 258.5245586311487
