objects
817.8215203712426 432.1983622374016
922.0300724049683 400.5005334848813
193.34152891055157 826.1312235488764
248.64759201544496 423.53684275096407
718.9292758025894 520.0749625783109
831.6628834758441 159.62925182687022
835.3813481119541 318.0251786252387
448.9753189555815 769.2455097240869
840.8150299689415 766.7101994877183
530.647746708306 911.6394872859521
61.79725893426679 753.9011397182429
523.174309723948 295.85173887713484
661.5088934450775 830.0710104595702
101.29270202351177 495.3030322264645
662.1570616315415 573.4483977185507
238.0656330888056 68.93135508291317
718.6103839770585 54.947849427985446
676.3805920532444 442.2647495939757
226.6348755222462 248.35491600666407
580.1540677058762 195.50594319308829
815.8037770120692 703.0910488848743
34.578859587570776 219.63766656531573
48.63279693836307 465.6842984795551
284.53218050546394 710.2586070047196
689.1767607426925 679.7841387431126
486.5821285671892 955.1994926369641
122.57818379606988 147.52572321331593
557.3745330552639 711.1921555174446
811.1500419650787 946.9440860334739
762.5666850430631 265.85847270232773
753.8678595647233 416.0976546563657
501.7883794373223 377.65575475605084
503.83852460352534 144.63339190188276
86.65933719491764 292.7206450741497
212.3089389657726 534.0425350597484
