objects
754.863995401746 823.0536454859991
473.5069033788438 160.9410477009367
956.477822801387 397.82501795324316
228.43166140174648 345.8909355627261
909.8265838084055 336.5094824441779
103.87602533117004 848.0851457297911
618.3729876506173 542.0154357342408
932.8704352874307 667.8543183412891
584.5531757483551 39.391316232018724
826.1216278650323 650.0474404862986
74.26277551949863 503.410839800005
890.7837806089523 271.2772082562967
857.4605297421958 941.6005728740435
515.7943991290716 64.36736302768784
637.4091812007038 733.9706275456845
961.0460878770243 599.652442702219
527.9947075758078 962.6528761572426
744.7597112786954 120.7771723483632
872.9130587711485 165.72825619576486
937.5602872531309 919.8413608279601
109.7196401390188 565.3983648419725
890.9262678218755 803.8186967767422
312.4183875237623 36.21857171516979
232.60663890565823 153.22051384312158
289.7471978236585 498.9566007094782
461.1432834690432 534.5733829690469
802.1519655946923 589.4753710734001
606.4861913293582 238.33690501776326
747.7210173551686 915.6001109322591
360.40584290131943 173.49578684039383
214.69013733401954 768.4662652572802
730.4037614251251 712.2080982729832
392.1534118967572 685.2964958617056
709.4514828533788 250.65147999032038
325.2237166907793 917.1850900150612
