objects
546.2947220431182 847.1911162617898
912.5190580005758 164.2414602072883
119.07705789841657 945.7794687841209
455.5184622489532 962.9973122819671
548.8819232110169 134.43892426809367
937.3161937668198 898.2600451620028
746.1676851557994 491.1270607241682
274.25026398151505 464.3842445445508
778.6124848162351 889.669744332395
32.70713189042041 512.9728262015431
804.9242178842602 102.39217286236266
239.4386673274045 757.1682485109067
657.006308140193 170.81424694917604
649.6224080377161 520.9037811284999
300.48315730987264 355.7724961443575
761.2595948699748 628.7024170625632
896.3325952843253 314.09304407730383
511.25781903859394 405.17221178735497
371.4483025163399 267.29308311200805
956.694926323924 37.82368886580717
523.0169389725306 723.0995810331443
59.36872455653259 29.52168818979215
682.9665715358501 577.893057650472
232.92233162081683 707.7502770075412
20.9081494143093 295.01054522809244
542.65934713282 63.06459986659757
601.7186396510788 843.25892992658
342.0172391606595 218.15877021158946
537.5985493613 545.0219438847479
714.4692404877588 800.1866337417515
621.338956091506 444.16379294540474
691.1685943777578 255.33929781969277
421.98605792483926 745.3027439009486
583.972179776033 343.8017091489135
794.6907365285147 475.28491894187977
766.0963137852725 312.1959386435346
845.0843955565382 333.44044290257085
56.77568255311156 445.36567319821756
364.976598608859 106.7290280422225
976.5456209281153 534.8314503018556
148.72511456973484 771.8662084630063
140.96290797844946 343.890598548311
684.9708949060364 414.5854294160924
599.7096674306816 571.8274321859037
412.72318102486696 324.250928621837
631.8971898709705 714.0130423569078
966.793468054192 112.4733520144791
425.32812712749484 874.2993619582446
500.5690031783926 693.5473553212353
313.56277484652657 976.7970376096698
596.8148386649989 794.3582122467061
316.72663123003144 861.5841545062234
728.2122114754334 275.3119684040781
644.3070309513741 763.3997227089596
936.1880079338235 785.1944077158628
859.3030800367308 830.4060432664353
939.475585482478 858.8500382388827
959.2290454483054 591.9100308634512
121.17424261418364 127.97668585879205
502.56843408466113 47.71046858538315
892.0492525931157 913.0890334217947
482.8145857242592 902.5426569222428
585.1119408601392 506.63762355630587
383.43801436693667 916.8964204790757
24.89551757271242 838.2778321216861
548.6622250023039 359.8284736460838
244.69934231030962 260.55955015914094
862.5749548796798 593.3156340789884
30.27781489217891 711.4947118991597
209.60231739047518 981.3063103783867
700.4651977518059 19.64378406367018
701.8628213935327 216.2309814616226
303.9049168452668 182.7227627425553
443.51609543504674 917.3470030200704
113.03861645219527 896.3800246392132
256.7885331325221 863.0499903316107
597.9776648271278 274.61050420604596
827.0788354358885 662.9672867575159
431.46797954388495 676.6511362295954
824.615915420674 36.92865433025466
141.95556235481274 258.3627587581941
335.9964001691646 669.9487571396078
405.93121325028085 117.16019885667313
105.99059066894412 816.2491052698064
174.53598774868118 93.64672325524
594.4927608842344 35.43483616896569
847.3123411083533 186.7155991882261
781.0158019617231 937.0612434678728
99.4222091319059 507.86401717465003
274.07359469935676 666.2821085049831
61.521531069205125 225.15320776405244
432.5971753757707 273.6238126935365
955.2561702444643 957.6933771804535
822.4363969349804 398.6602300964888
320.60359028559424 794.2474584377055
497.9202584813159 518.794495020344
926.14738296717 238.15845855145201
937.1005229774888 694.197018388807
546.1338449139024 759.6443857291245
87.89072288090253 655.7317403338877
