objects
446.45109179942017 664.1194320078165
836.0076250011448 72.61314806113307
969.0273975291658 157.6363240460565
392.17760402656126 73.96467379494575
451.35853838289097 487.7467730943734
112.83720475968912 159.7321201794438
27.122620156318376 141.31967720458894
220.95790244132232 577.0364721062747
978.2169345693541 879.6723993673462
701.6554670187869 388.6488675599257
168.62641281299423 930.2348086962706
674.5177560654284 109.5499144796535
183.78940578704265 143.58420811990212
763.99355977879 748.2077303417987
816.3482664938168 378.787602881413
452.51825401248203 413.18396226657563
523.599660936097 794.3855162686782
822.4094424668847 322.6667009025147
156.40662996561525 298.461795842738
706.4147728769849 196.26492201429946
698.8468434976533 136.57120362672174
714.4655963089203 880.1508923151848
99.9519876423958 707.5493472744454
922.8105806331154 925.0610707409993
569.7412302358408 786.1695781512506
382.47793508277107 266.1140778403177
82.6477319321034 243.26866378887556
660.9038323783858 848.1033057085981
906.1737625694577 827.4924533963642
85.11927075727789 741.4418169743672
391.08590938012435 539.406822956543
642.2170123985381 734.3081264614755
143.02610670406716 358.4139724302304
953.2897663473944 979.8700281485491
954.0587333929296 99.243730535525
435.49009553720265 595.9976700716354
783.3856059889608 480.01442594351164
305.0538929346057 814.7418719376525
76.73185215306287 867.0552996312512
894.017934323033 723.7046679085458
452.46351637661337 549.5658569771921
159.50327384662262 427.26977116491327
126.4473357359291 648.4968527556414
939.820596941536 40.268744699718546
717.4903532473513 675.5015358823339
832.9469358270525 422.3595401381788
940.0273344896057 518.2153122580182
843.5428879099687 139.94310457354956
181.21525562310507 185.75257668144647
46.40411730332959 517.8505076553346
420.27683847375727 508.1484815133661
198.8669984687326 641.4241635624212
227.40714164746697 802.4609841181673
464.7237267407763 122.67473873656274
439.1298412788671 318.8352384871541
919.3572348247593 765.2632181767174
538.0514211961683 382.85822182320584
552.5359096058465 966.7067225999139
879.1119575031663 482.15822502707687
573.2586499333947 563.2418598893461
460.7427544871543 265.4414430358778
653.7386827335623 490.5041992115175
374.0136391242602 945.18230096986
133.2459266456079 692.6827480139459
941.1383005515257 326.19768757398623
352.17930623196696 129.73668286888213
120.06418473371738 432.49568151630393
55.52757688401259 606.2486814875311
870.4442995936024 213.9802307106458
337.14916841064155 502.2480495135795
490.58907163315024 896.9678372304395
810.1838997523175 916.8920847220825
309.7288112079639 268.99589036017846
567.8180110088451 420.7904340980694
597.1723728995426 181.84531503455366
312.91560145632627 730.090472290474
47.692802056076864 442.256833431301
755.7806421240394 873.4756563186777
781.3524212951107 27.84193308744559
971.586193309746 806.3601779568089
269.16708205200734 672.4617314798363
384.3720797711726 910.3453829200377
732.2327412380314 237.12872708775936
252.48115412887861 111.80212010853691
441.67979328401765 893.0752736971137
180.8400976353749 236.99132350416858
337.4517455783626 768.5944402187505
85.76022606505668 312.50371932893677
589.8195699947661 864.6108028395419
955.678423375603 730.8543595551072
359.623919694889 471.18698173763255
439.2301997458239 845.6697094999215
381.91860108717924 20.330544569925532
308.0797797534273 972.7101803518004
218.52025145809776 509.1282351366661
626.6206651716925 219.96719746973284
39.410261064673236 716.5065546146257
158.57739406399813 44.3251004956233
733.9273007475776 791.3091380136343
452.0297555067645 802.6867259253944
