objects
251.86851375146404 281.9198099650433
754.0533709071981 691.6973928172215
877.2878151810089 83.03675929982504
632.0946443133986 834.8328294596458
217.84729953768866 20.69858221146272
324.6346015539864 446.39385937809453
532.3363626976263 633.3582205510602
374.07893664550835 121.19353899310576
704.1644837833 403.77712334479713
369.80724494164895 788.5004907418254
289.65352887226544 526.2543399215847
86.43205657960016 206.43920017661026
337.88180175761374 685.9016565156309
320.0906400265397 767.8878644153274
152.00924603441135 195.730869898901
704.8747069774055 774.7135979497342
488.6575361465665 513.2666026702597
99.62304967383824 585.4987148305761
324.5478197409825 59.9930096907924
63.705806843466064 623.0334863687766
741.5788736833345 900.8251608459093
522.1528092639795 34.597046583315965
621.1493510293597 406.8516607552979
713.9000465260475 491.879457428553
958.901962334226 97.21093895175062
622.1397095957537 54.63798203279593
799.677177655861 190.88027437454107
283.2526412236495 906.1564126170401
675.9293443426642 586.1065983904438
228.29985229398002 899.7265131371478
964.9680904610076 237.95215260624016
160.29436626475817 288.5349380130558
324.7855869285435 249.82269587204286
394.24318138509545 224.7416653992531
230.17680862728864 73.84545079336255
690.8147366783322 223.36388706898953
797.4495452140874 640.4715108232884
706.8816759775386 355.1971067416443
778.5719279789118 519.8645295563102
971.6463690694244 467.00437962509034
467.0992881985267 541.9390814924647
30.374193868848984 403.7994818923795
183.2655806436693 130.2176168981498
641.9117465799326 609.7620657433151
930.2682535090464 272.17163201479383
206.2118399006 213.7835807740252
916.1899533448376 561.7013186491143
363.11589655831636 165.65120388486991
665.4033615791301 258.59782528626556
252.4810815435872 588.8219995799751
95.53237297872715 706.313782030268
951.2758890305508 523.4969847057878
404.9310514027397 69.92659066853398
445.97613610511553 117.55846270922663
350.4293188123695 327.00301797850807
559.598100484405 909.574896853392
534.7056680456698 464.2037775085372
903.4095533586571 772.6539867751856
278.66034154870647 148.47685099942322
472.2251281064512 182.05162146225268
97.46243935707841 522.1244823451161
30.23135426897946 925.1055683186557
972.5100769510896 902.8397984394136
297.4427438631243 872.7449199195229
207.49861453899464 500.4428835365461
364.0108925582239 25.92186503674346
473.80717471145914 774.6275256828429
567.3002070354524 376.28624628701454
421.33552489527693 675.2754604306834
654.728272427631 151.80653996914967
216.1100108388053 686.6388693614946
203.1838316455235 980.6844383653146
251.2479997993251 175.3854447256108
519.4736311644608 119.63759748067696
705.8102025341324 961.8497623089585
948.4878181833396 319.3566011435222
584.2988763443526 144.05638112597316
832.7550182545384 611.0691594711083
856.3114024949357 330.28339924796404
729.1917137175677 256.6294000467143
518.0435877360742 675.1821379771964
143.66717501341603 848.8603197144772
704.2649609408617 714.4633921148607
610.3188569499928 330.83647995602524
307.8583173238847 804.0194368431082
90.22874375681587 893.0456969151127
954.5105967069968 18.529256078086465
542.6902572046802 713.2379447791901
503.37304785014373 916.9685470375719
436.4323241977572 158.9037158776414
762.096911325189 430.9045640772254
792.745920796149 684.9485363415637
866.7109827644474 804.0608775180493
708.4230547524182 150.29405058731317
376.0528424448314 849.3521692626198
362.15090048941516 279.8764639238254
946.7586093395004 734.3970044768555
403.6040311658175 754.4030990014015
742.1300114295996 598.472513446138
762.2526686389688 124.75305161612849
