objects
548.5971026560877 648.0901227859126
194.78386819773868 486.50500391304496
68.27527624190904 47.87402271898122
162.53359798243093 257.53670758371993
56.119550489503226 449.9625432694694
643.6509959387109 858.2915164789295
736.5329835784872 382.54891124863923
152.79634871662572 305.77694524127884
425.7697185590879 877.8428472842593
337.38546957630234 484.4423738521587
401.27858712264384 372.9471239838584
514.3101196809511 888.6807757384681
499.858583938147 181.1948329535213
488.98029028855285 426.9698789541604
703.288020808186 661.914869379436
189.7906708152276 908.9332731654796
155.64446099876625 469.3425522290098
610.7133455132342 898.7672323060181
176.20846907769666 162.30314290320956
211.24700866156545 715.7174395058692
573.6145510627526 588.5049220711504
55.48760452657445 333.87406330316765
683.5993144826627 288.9053663026238
533.3928634281964 484.4354795615398
248.6251174234822 645.9562682309409
35.410554118321585 677.2809407561806
827.1242131905384 256.2068470870024
914.2095093080243 747.6958988698117
709.2075812819381 74.6614422535182
293.8287604102697 42.9640773615271
453.39575539224865 231.2398607242911
534.7071118038831 605.649996163877
235.7660337994921 244.23510215145527
493.2922371094957 791.4371575377542
227.33380633102288 93.90306303248789
268.4702036224178 514.3831004553604
158.58100445488517 650.7534609986191
423.0665709765035 54.90790982237274
271.3270809646253 951.0043453280394
306.2832184337402 433.6376984446178
405.6735107685691 302.80313792362506
680.0932775085658 900.6601432535136
821.4116734728835 713.9253482231431
446.72342747194085 619.613158659368
115.37999750244663 186.09998208241822
299.03909823693357 237.9783723028064
454.4182669897359 557.1419221791712
919.8993390036794 224.35298443152914
116.08216517405364 432.4388697445576
404.92663718417083 520.6733225219936
49.60145669560774 91.32421733376384
406.9549294146199 912.5578272017096
860.2396666009183 49.23272598245781
629.079202468219 239.59081398661772
496.82044458439464 276.7408871194201
339.05170246359125 521.69862428743
263.1622537165936 864.011403336373
914.9542737651253 896.5660553710173
541.1166777083604 233.56835322407235
481.83104121933434 118.97389460494375
37.87914548586352 571.0529420914779
820.8129780998958 166.38303277994044
657.9722837462099 102.93830500775024
93.62750882427613 128.05047754042909
887.5421710040665 205.86289687287123
125.12351052957729 250.72673174540233
893.2336720370106 247.28515544093685
68.03694301955312 930.254793911178
907.3970633106452 615.8591073672891
671.0797240814815 597.3010696205405
805.4429181207108 347.8297051944499
751.9848792052189 533.7140274890456
662.7604092815326 548.2209572266427
185.67126620615474 823.416968592793
930.4057063589066 689.8403193654182
352.7838367918771 829.5752798575519
540.7410953569234 701.4129017600028
189.07318765345082 403.29114426951077
564.9592000537515 431.82070931290025
326.77041305208155 369.3514687146302
405.07844225770407 666.6867158208219
560.9459215394855 523.016083600136
476.8373181770236 822.8047977953279
775.8912929141079 776.6913032013449
672.098964794562 940.050788248348
689.9932394420283 755.8224117068856
936.7110343803015 49.183737225872406
835.0624011358102 847.8981529194803
178.3548473609489 949.6593566330254
602.5263627677041 786.6211779547111
625.5675984084843 325.574761332958
558.4458107658226 92.32621646878886
860.0040870483313 346.2048623872787
932.8557736971615 968.4724048151985
768.5040717887654 286.52347867353296
336.3718909193132 656.3347543783768
736.2750315455935 835.9059315675003
651.5433795188794 51.80248063588305
296.95648484944155 174.35557952804945
821.0692327204879 880.9947494081381
