objects
937.667068519665 868.6615169692444
641.1808471895074 215.14015831159304
359.0193505767273 594.7970728673434
606.1692638638215 908.5848006811228
587.8936832957648 384.4808814302652
349.1802233612047 315.1204467403824
274.0843985815358 889.8726288397589
836.5039749349124 419.2542445611299
170.3906614509748 336.7341540471642
164.7924333215428 41.156155241674696
849.2678952656341 701.6192938224725
843.109095676386 542.6849402987384
768.051863295867 157.4939793319963
754.6173260664315 639.5433352400436
691.9608228444323 757.0517253899594
612.311896964278 554.9202103078968
94.48496740420023 721.5078713038203
43.38995265655811 591.4134937602311
924.059395710045 300.6018270728788
174.7234675323073 929.7101484736035
250.62080291041488 161.98618816223086
675.5648691449868 168.02402435921758
426.56806315242886 108.85115510220213
50.61457235089499 277.4938412481149
832.1904717503636 325.2586935257742
56.37164907834172 335.94148978219545
912.0143612827981 220.54927995966986
505.7578391663283 738.3721769130702
893.2521314066177 659.4360756517881
725.9332212588672 374.25726728093196
432.2692851679702 745.3419961628618
82.93397539669147 102.59129080419528
593.6155147776858 310.33113038881794
651.6368966695735 484.0778130526094
644.6591722718634 420.3183312044483
966.8391692906217 396.66811525005113
649.2377201759053 956.7981824453159
157.84704798196591 493.3382409425581
127.72775579183123 224.19979782946334
270.63963332016743 778.3980876696901
160.41263574563783 142.77845536630474
426.1022707165145 419.51430246460916
326.72922896185673 30.501767736789105
454.31477561298266 190.51761776033905
57.109684214207284 454.78510961710754
649.408884959572 29.41412952726652
619.8546224281918 673.4634492865264
421.74230178076044 583.6206270814774
748.3075089949723 498.7788967415801
400.2836299609605 215.9801402354469
514.9189124689427 177.27055690842985
145.5311217837312 705.3087350637386
910.2456056462293 737.9956639011908
871.694797730017 963.4920444187284
254.9470486792634 627.9511331017708
580.7681209543939 806.3665694571077
251.5020955354289 336.48713495270766
262.7338362370579 278.55769034309816
407.7389973986397 280.1430607189163
763.7773143276424 209.25523948364153
804.9420293648659 605.0540455866983
781.039618374667 818.133368550954
443.0219345348321 863.7406005490182
923.7976974676548 109.21440921524604
864.6288715763618 886.6414855367584
194.90270895250794 186.44301334315395
74.96254398377633 891.4768952339475
404.0591080897385 681.6379709626166
911.11582681077 818.4600804134948
547.4170328042113 632.7530680128576
973.6446508348076 701.8937043874613
478.77200289364004 794.5124366346964
104.70942868369984 310.73751242704554
132.43616884020057 774.1790688987969
729.4949648175613 36.865622188319975
717.4228042141557 108.74019252266376
553.475513645352 563.4576152490928
658.6479648390882 367.60803162294775
568.2953765724097 164.80162540329758
936.5422918476238 953.2779235922412
373.2607129873689 428.8628957570511
956.3841424503629 766.799089921935
743.7074748643572 441.5787084138667
922.5766179006265 588.7685105123473
371.7318840736819 860.8570437409371
391.85831598438995 517.2694396613807
114.04938839246114 855.7993542802136
560.1049045480853 951.6417962119068
513.4731634132286 840.0376506604745
227.91558215470778 945.07785401922
776.5207176900797 689.7423992588289
288.69243122187794 202.23016106562613
521.9849254443491 422.2994701358366
64.44858196282848 205.27809839437018
191.24066069043883 813.2209638542536
536.795462796986 38.32368264875632
222.849559070318 30.706649774111963
331.2189876340651 959.5287587784369
309.00322521411704 735.5849025834657
827.5995982185506 41.625806090886925
625.775795201924 112.84672244233495
727.1710715646933 879.6655172521816
317.6329048998328 825.5970231410204
64.90353146048868 41.626518921294085
307.5560959962084 656.3508732952894
29.491107032608785 163.11072055989916
808.0657313106258 943.4276579150089
51.48022389948622 779.4427802331077
694.55239763512 830.059124911009
308.9484838988539 419.6090592973212
483.63878936110893 579.150014697238
266.4460183123873 74.85319073313097
847.1769237700316 223.55882237196417
375.4999938352003 51.073916357326084
692.0265152136385 621.1210881835583
333.8017534015155 97.19040198342343
771.7859561203009 289.2488412935457
235.51822177372355 729.4401382736067
480.24433763660915 112.63775656948576
217.76589872304757 88.26129290714451
821.4066241373343 467.54617448589534
389.241000183331 932.5915599365163
565.7025534281056 475.96230149330125
56.608276695019036 518.967750589788
776.5032995645356 92.04780581861313
243.88341929223841 504.33321221962547
866.3138479166254 609.4210575058156
779.9932218051795 374.82660725325195
972.9632462022936 71.33593265730936
204.0939109443725 868.0815463879753
915.5858728816398 466.8988688700338
143.9830462773022 90.34151441555862
473.5964764169696 506.6588894546665
194.28531186163193 253.54167795144627
75.22885478153052 394.1654454457724
969.467235698505 824.193823044433
476.36133226725843 296.6278709082476
973.264898219652 159.0767593476114
499.4272880008833 669.0991529713975
550.0793266739635 273.9414281114281
