objects
233.25984825738354 487.47777680099057
615.7037647208307 941.631505611779
588.6766772756523 192.2541603159953
189.5733665949778 342.306583010231
484.03538777582537 752.6595624435209
154.20525420832286 575.6775912591177
821.3022370749907 96.38398651087735
43.02206263510455 564.2878381841902
413.14935237037645 129.96536672623822
964.0279956146661 56.953014482599
392.04897258301753 922.3061286410673
897.4644655178221 45.93105321900126
126.12785270212957 777.4268622860276
563.3977180164267 960.8669238446845
675.06047002766 44.38528347576757
191.6118416714832 176.0902811485393
358.7207358948346 688.315831695343
876.3720326256993 902.4661267621302
664.9687360259189 926.3389416550599
858.6975309388615 614.7112681945907
813.8689450849323 694.514840278485
582.5870052951634 625.2038621990495
321.70510954110813 795.5545799949879
172.43568161411648 517.8994300939347
696.7854585602742 281.5852482038633
963.2351617413018 748.4100495917842
102.3464785374481 606.7192466528963
279.2564233206278 242.2362236797147
649.6541984033036 226.43032753237628
347.3330781852878 257.3986210218953
568.8381438713257 881.5252861902416
732.0248046884726 868.045895100597
582.9737280082162 494.5847450587517
84.19226969451523 373.3555649693381
798.8142090568923 205.62288336701624
870.3413452115075 810.7314265126189
80.22624207841794 828.6991135455579
539.5085191001889 443.5992333926963
361.48607686730895 579.9861887853868
900.9356749522359 241.12228008878958
820.8711615887505 389.72330854608305
403.51581364881093 759.8968741187641
262.750519768667 177.15499887606208
305.76152970906105 552.1357928677617
737.8487118984984 473.10481715751934
96.77842205971274 33.2975965045145
797.9781502936034 895.5372094906576
133.3947585976047 163.3052141738636
374.1879168352622 368.7799985783237
495.24697006027685 402.62362887406334
496.49114654124577 811.363604632518
458.2666711005567 316.996218219634
373.0410821492048 869.2142704104426
398.2390282628121 507.26336221943495
948.7911514084403 212.81713291388573
250.93291656433814 56.406339233053785
295.26667290231273 424.0010074338974
50.69584754644059 462.43712549465096
857.1251059620984 964.3019651291024
704.3475982964295 821.4699219028347
364.9877086893615 193.76671897271117
960.6530735601793 853.2226553391375
495.8341301713179 972.7572148105169
159.35595821083632 239.15664893019385
482.5429921416366 635.4133760218126
591.5517041834952 383.57812438341216
709.7174860639545 211.62731519437827
796.3312476385483 835.0632185998463
430.88316567563174 36.929235679589844
631.092041152252 872.6909363104484
623.6303352723173 56.34561669259779
263.9280326068863 879.4475026860085
574.6503433543629 275.3462358412011
660.245693697577 645.0455137558848
102.9000990036378 889.7351852663509
92.34856010898282 725.7459701999157
463.39018951992125 464.3081574046985
794.085461448566 263.2384285561705
951.7638460834481 467.08753379744763
311.3609437743543 964.2061527017064
420.31485466681613 405.0865239082622
949.1254283030858 799.0441972179432
972.2585112264351 963.0410130115177
199.61395669157167 711.456552000771
927.7077769311234 346.4150086602653
320.48733620639257 317.98453303701035
47.08593367459984 88.80153538892263
830.148747985794 757.8269299628687
870.2966867823889 489.13326477386715
609.926833140665 540.1137365584536
259.5207994085677 597.2206901763459
696.7460235371408 762.4473874750914
160.02177497846264 423.71480008540294
687.8410278475219 395.2230219427358
577.5140090289658 717.8361411081942
748.3703965713707 28.165936195337913
503.42739176498856 700.5526817869445
969.5483606890436 594.3547861416936
876.9867606471356 132.7168046547282
640.1608948074471 176.46034985840907
869.9293122280176 186.0254972183423
702.3911486093347 694.9382043387146
761.1145271027342 321.4427922279933
559.7369366041327 342.6745260487578
459.1678537043781 586.0145584248643
46.27653332194726 293.59986891037124
299.2143045307185 729.8381685182378
28.145586171926876 877.5512519943236
767.8606569132523 956.8045429697222
659.0185052436731 439.73411654911126
930.4339035916286 645.4009354686523
137.2412185950547 291.36673376017023
753.9031619053619 384.9186505331736
954.0946986624024 539.025322716293
160.8376560871773 645.843212016977
462.84915009422684 264.9865743036036
35.527459831318424 954.2362651020852
480.84496147233006 192.58524316690293
105.5582367152844 494.83899621461165
723.8939143783936 626.8152993585369
489.62538029601365 96.04786281300392
738.9246009554724 114.19001081494535
837.2717385264114 305.91440068204935
705.8184342983506 155.96636628356
636.6583410638817 773.9565071983532
26.72310138772579 755.94598736345
888.2949086546805 720.1817934964391
968.4900167839229 114.1736274145699
901.8211207655243 392.51267001682464
900.7226445447177 445.34782235574187
635.5608166193178 336.6093719369723
557.6158316029247 125.7615046103447
764.8005408158657 786.9753256115825
429.2126838218601 690.5651668307116
174.27003117405872 906.924636808057
754.5907670748094 563.1740412140325
496.5663326751875 546.126533263512
99.025816966878 123.62697859447806
347.4422221993067 427.75158165510646
796.6109525152231 49.000789977393055
