303.741 55.3855
289.823 659.719
619.117 55.9701
680.265 837.24
375.443 948.594
841.247 109.343
413.335 842.342
226.449 265.378
745.936 564.798
881.842 733.898
893.512 509.15
525.657 844.94
461.395 51.6782
255.161 535.103
364.63 376.546
245.233 154.021
451.547 493.847
299.701 841.681
718.906 346.845
886.972 328.186
587.139 340.305
407.518 597.699
646.391 948.483
50.3694 443.025
700.409 162.679
479.027 384.898
157.258 479.074
262.641 948.595
747.611 679.722
583.329 708.473
370.54 738.513
554.544 547.776
130.743 701.675
707.418 459.098
645.004 615.163
893.453 621.693
783.251 788.701
51.403 777.785
893.367 215.694
115.759 870.482
51.0979 556.084
472.013 690.242
788.759 256.344
198.265 792.314
331.988 225.555
158.077 591.851
196.409 373.284
840.786 888.992
428.61 283.763
116.547 289.831
