144.482 204.796
349.614 277.801
548.355 563.769
786.395 695.78
892.789 740.253
884.598 51.3247
529.393 726.773
577.456 173.252
593.416 424.53
668.36 569.319
665.272 859.023
780.455 581.904
50.6442 378.195
304.811 431.257
125.534 803.533
892.178 898.972
786.647 859.133
890.747 264.415
321.966 51.4034
892.826 581.496
424.458 875.093
893.5 422.931
404.563 536.232
194.454 51.4022
780.706 421.784
226.773 754.062
338.895 948.597
684.801 358.404
598.601 51.4013
162.898 597.923
662.537 247.824
435.299 380.755
723.596 153.284
258.316 144.382
263.874 536.371
771.788 51.4036
215.346 352.601
339.133 742.921
51.428 614.979
641.96 735.082
500.332 288.973
172.465 948.391
786.233 309.056
429.142 675.039
144.669 440.511
273.318 856.815
50.7534 142.037
272.063 648.913
422.887 161.478
592.919 945.562
