211.794 99.0721
628.469 500.327
729.632 51.3911
504.031 51.4
616.832 51.4842
423.117 948.567
446.907 608.757
409.003 112.174
738.187 695.31
892.836 375.004
471.736 356.025
838.758 640.926
778.571 156.515
60.7311 746.997
532.8 259.446
645.301 251.244
172.005 765.536
626.075 708.311
604.637 948.598
309 164.098
295.339 537.748
559.068 149.862
893.493 102.939
671.289 604.489
322.194 786.757
731.502 324
106.932 918.512
513.876 881.637
263.605 948.6
97.8876 297.226
81.8468 526.146
559.245 617.517
893.439 928.048
893.472 487.693
717.437 948.689
422.101 734.304
198.963 596.278
101.203 121.291
314.026 51.3988
638.565 387.912
817.94 844.155
403.895 504.451
365.071 272.993
263.118 690.652
780.032 482.395
893.461 760.366
608.134 819.676
516.356 513.189
209.873 283.684
221.489 452.483
