893.436 444.317
560.044 948.595
370.354 386.11
527.918 374.477
623.642 788.761
655.344 215.389
893.434 172.39
272.432 884.413
455.989 461.214
794.444 725.748
840.927 339.637
137.494 545.947
196.385 315.387
792.293 124.699
438.91 572.755
527.243 643.383
542.373 262.606
722.471 843.136
376.734 666.766
634.914 676.678
51.3466 737.92
90.7691 443.279
141.157 197.392
512.747 129.795
51.4306 56.6864
498.141 847.447
795.43 612.953
893.61 897.032
332.358 249.795
153.849 690.83
682.198 324.683
343.626 128.649
672.929 948.599
190.281 807.113
227.266 51.3999
300.491 775.089
674.894 439.077
84.8404 332.238
893.504 557.227
593.859 51.4044
282.786 457.213
51.3352 867.315
264.515 655.341
892.79 669.899
439.843 215.578
326.713 561.109
447.25 948.115
706.571 51.3614
464.36 736.972
385.571 849.155
