objects
743.050822669222 421.96876304433306
447.75583398366706 154.58482087149667
484.1375192173593 790.580692400117
190.88699729093338 401.8138114911068
865.4425274940414 585.2365657941717
130.12618382027847 189.85702504721024
163.67298233960153 895.3973997254117
396.0503187686545 620.0906955086905
659.5769044892887 799.6063986524878
883.1542138320186 293.6234015366686
772.5546636771775 189.51527345481387
397.11626930554337 295.8149936179494
284.79644286603553 128.87725210240365
279.46753558799236 707.1801286745233
926.9826077047686 728.4394825294547
94.58845244094789 584.7031897086484
609.6006785742564 326.69534159964564
856.8261134005701 897.5394360398859
304.5773655108147 861.0185848600457
667.3633402525771 72.52002164513993
