objects
752.8560176647478 515.1299369503259
479.11824551790147 805.5655616513174
802.2909940794522 661.5267359018152
759.866702055336 156.41538395579812
909.6271152324647 85.49912126839212
879.8635878339804 911.2206122537328
619.4558972064791 134.80570683982234
464.07219503838445 538.5211873544478
377.25925898108403 379.8625470936258
641.8662454413488 833.2348790768191
93.57192386180965 613.3955835440888
311.5910750188275 878.2390395958305
259.567106147294 205.00661328444335
196.09287000129817 524.521770676581
533.1133078960326 329.1009406989752
693.2233596825095 338.495156073059
926.4089279539342 345.4600973641734
477.47886812507505 125.95290153137123
137.63700266089364 924.7849333565113
338.1257051525621 601.6462152554805
