objects
306.6312861924988 789.5202049258911
906.2581231591885 255.6455942745605
465.54421077150283 563.5285218289299
665.9675116342181 386.803072999895
530.1385824464601 809.4769795039822
192.20639987253205 368.0559961905998
900.4346822523833 742.9240525563706
624.8127125457786 624.6923423388412
286.7241824503592 566.7605765759503
458.3052633774533 334.2194813530752
445.0645256305442 104.27342659837942
161.90377258182104 648.5088346840133
577.4535808023954 253.6943007669098
256.0056101369481 923.7057746202843
847.4790027240118 451.47549267447334
676.187309619661 926.4699439658103
929.0766306758802 909.0599544711522
138.54579041554925 815.8143776105466
406.9176055107368 917.652667900013
901.7010695099124 599.1182874632415
