objects
555.2653165750004 914.9149716767595
450.7499305436144 646.060346417856
440.7693090751439 380.99694751692135
630.3864410031355 418.65678052268083
716.4923821358522 834.5192769512984
449.86151121115495 85.49068315264209
843.8826144431843 589.5130477645969
637.1735157038114 689.3235296914955
303.29498646226494 413.5846034170486
795.7943255266512 140.81972187144305
262.83253898048974 149.88012270657777
250.49595889780772 871.9855384191527
601.5460492114006 242.8735340123689
849.8988143771658 425.289335257755
360.83528706391627 772.2180786614957
79.67091463537417 199.86263383782523
909.5743404549029 755.5414037738756
99.99164999562342 880.5639036202566
195.59120270425905 500.225170828904
197.5120700279661 323.49144623172634
