objects
463.04958975783256 130.53106987617272
893.4928486229678 769.6169904068397
280.19424793238153 624.4778369432854
455.4594933073945 644.1635711785465
477.44325518137646 351.1314114896925
660.1899120179286 404.58396611209884
132.61924020077427 129.43412522486602
287.9684408695043 787.7922617108342
591.0941384025984 545.7637695491853
289.99496138066746 381.3215399352629
375.0982031770475 528.5776881026339
87.4824757869176 639.7341294368881
775.3100753696605 224.39016538393997
97.57437422698092 412.17066855962366
271.4412838978307 229.50498470000542
619.7996388575469 145.70075395083265
757.9724345232738 656.2238060686369
137.3607433103135 810.6939793052309
608.8610327038007 904.0097640937723
454.7628310719347 920.6629347581594
