objects
82.20956687324824 751.6074812479399
362.95997523230926 120.86045235754528
108.6392831383657 295.62327141679594
354.6268852432503 497.8043362056898
130.66315850062801 664.8823880074141
870.1394341158162 733.103878468939
704.9722055601922 325.33866526961737
416.5205156641814 768.6312891152555
645.1854218181945 609.6416211880381
426.7809488285815 613.5375376799901
444.48788619230027 291.17407795305525
607.780557486684 753.7178541597107
776.7669182595642 543.3537920015963
943.2561237029927 922.0850134980949
150.70575978618245 836.1099779036344
790.0229458933298 895.7122678947989
101.93145963418738 505.9704328870343
287.89775543036546 405.52218674763424
522.4540046644764 62.45884013224702
64.30608831738076 389.69571375308766
558.5857121694492 246.5784335375622
512.1023588044095 467.4393512098011
399.45802002771717 928.1916983883169
235.5853707347491 915.1811280807391
163.55660088557656 123.82390150484667
747.3368123233682 186.09184409609335
281.0193260312366 736.731484476347
236.68308417726345 616.7151434612675
895.6596659380867 219.40434689808598
85.26751596803886 945.8404019781618
634.4307872636314 388.74621422770474
942.5970146075201 64.70750679864291
293.84748605724513 257.0667321771655
778.0495690448412 63.89625717263287
695.9407282246472 864.2317244870351
912.2915676309661 622.9084142022336
841.4865477534152 426.4137612296828
764.7611326353937 728.724018133774
302.93780040686937 838.2810319020053
489.09680965150966 151.77085364228833
