objects
271.9426884799909 895.6692246714607
321.1298763786045 593.7004670864856
852.3277496629294 483.0038268070242
736.2463246563227 217.80928148754973
139.84769329374294 308.6664021495351
669.7916003584621 379.4300831955103
323.6339309244269 207.89030731685872
941.2304405114734 891.9621338379857
170.24207373029918 822.1891736921799
633.0616564778045 133.88568236148674
356.843853543184 115.86071967762314
525.9246953205881 111.96911924400172
215.51346445410417 419.8275788892254
531.685164603171 360.34138645571886
138.60812192943175 485.2622399441325
656.8900853078808 279.67951259417555
512.1656764078867 893.8933843164582
122.1486692623588 944.2399927119013
943.9765613945375 739.0499435197573
564.3226338047909 516.3355274781393
870.6167974044884 621.9380302088232
510.4344362045995 748.161478862659
375.8947595673544 901.6970431185554
56.90778804528705 788.2182152957473
94.13292880403341 88.73545785981995
902.6266192394152 195.42210340456938
782.717135199021 904.4467022829703
360.4053713328622 505.988107942326
372.0862245474672 691.7748819852715
751.5076257858992 324.5938611305488
814.9446105268022 114.22816663942103
945.3359671257952 531.9575896529122
300.08762725664997 795.2812207546394
118.55686032554073 189.43136338023962
620.9495590801065 930.6649015421056
742.2945730295022 452.68019512413224
837.2152146668838 271.3778181111243
672.586731196764 528.212615998871
412.43253511136203 381.08037263673026
631.8189344965522 818.061405646542
