objects
440.95989705692654 913.1951548840445
123.3127379931102 552.4681069599808
356.52587736748137 393.8331768945802
522.0183443217662 493.6808774339897
781.8891899171051 818.9817292415146
827.2458635505341 265.5618121279413
578.2448584320651 74.19341948721997
607.714809548856 357.6129413037104
477.6793379015043 594.763368197079
496.34682772331126 254.1884159872829
567.0016215736533 798.0721135450572
243.10399989309127 446.5073121113099
300.88747966037994 261.49780797466826
699.50161457881 709.1055049074041
125.09001437117351 840.4327565792889
948.5927913427415 788.3735263415331
224.65818213048897 326.3310114757244
146.15011895178355 936.2932591060423
790.0572300137117 561.2613350599918
930.406077139738 910.3275571399689
945.7193944451992 387.1134959318505
106.83357004759833 706.2108685452712
681.3771729530217 579.7644908057274
893.2677815583759 81.346032697516
783.8909593923722 421.0508248878746
600.0837382838688 654.5299064529817
857.6934652873189 639.6386670255756
55.872078782252785 137.11272757466705
215.44865567863073 195.0557223797978
400.1149909984696 726.3658834270417
249.84967289037286 913.0544931054229
232.23102665149085 545.9470034975238
723.7740424914682 231.53880298440785
619.7714257340048 486.6876107227707
663.33944636536 916.2985245269587
732.579409997723 84.4726791487336
337.67617679866885 651.6753934793031
467.4025588001906 352.4118113465593
936.263662669723 568.2487520839438
329.0552220472101 97.78858851073142
