objects
568.0184048646083 418.7662747223533
573.9640947754916 267.8821117226319
705.051895007956 599.3100205379253
896.9729067769426 244.88799728199467
334.61341150261575 597.2315261821485
379.1386298400636 389.6529293742981
898.4769469919237 772.5256750058775
400.16285574777237 99.70687478356973
660.0148505287837 216.83009874110184
445.18255179000744 261.75927798087633
104.17351582609294 926.10854522538
777.8966327730899 684.6849593534575
792.2586485946475 72.68894353045023
557.5025653845662 86.79703931589866
201.47568717857985 329.2483528175155
467.47074438769204 599.110741536291
202.23357322613973 756.4121825533673
131.1743605520607 87.86159086242782
927.6949382684504 402.9644723852723
400.25586510890486 832.792439135933
668.2398538381434 480.84834647061746
791.9161447135257 318.1570658343285
296.4789934224769 285.7111687318303
149.39355256473684 484.3759438350067
790.0300486009075 796.4019513429503
231.887177342779 115.9970831203596
70.97701523997179 615.3700945481302
670.3119731862678 70.90987022882923
759.4314075681037 419.2936397576979
86.17990566574872 826.2805244475726
794.8410321810494 568.5038760872895
604.5634513956912 898.9947586078813
598.5649934517677 670.7953717998723
849.2676534317984 461.97030580688823
187.57683967590472 616.0649569348274
941.8238794744678 106.94651287234618
692.4654131476003 947.8952584640662
500.7573592733136 916.8562609746101
133.14820346445242 253.29543959567226
265.99697252976534 920.721442952679
