objects
715.9556554917693 535.4458627286349
769.8141420642962 691.9164011805203
832.3262713333895 551.4984807355472
95.2814177073826 427.3413044073411
789.8268537844118 328.84840992763117
459.1353208482858 600.4699203526328
321.931264389961 124.35680156145544
821.9639397760409 783.41329651154
945.4593426454388 542.6018670016576
783.2002124730042 769.4312727937137
960.6254250561256 423.1098542410002
636.2209564675283 52.55080495868737
664.9156900683633 360.09406914925063
342.85816204998395 219.2755376496903
346.10244647261146 772.2747405144205
622.2652944829783 874.9516047613666
67.22236414303758 948.8290956334121
596.0963295483683 375.69159009777684
79.95015495787713 602.5944908998002
644.0657442422473 269.2763926827343
824.2851538012683 830.3103964923547
92.51530183656247 111.11640366168044
316.9415108852472 347.9411227264173
355.3335500020549 261.07667068934313
358.3719391240945 970.8618275062607
49.4370722170247 523.6661791878465
491.8932184501519 979.2992862086388
262.6030399816409 660.2090089970287
390.40479906370183 515.817018026086
167.8193206274475 246.53493315775316
974.2363402093347 456.9285411932883
110.5320061964803 763.7675426181265
44.30113596099368 744.8208580571765
129.15822410173863 919.0008167089113
120.064784227796 865.8489148809907
200.7269145937896 594.5696133221464
569.2446027856515 433.19342419559706
168.1359520726236 892.93246060363
596.9213547008583 306.42033789509316
303.13953447523187 214.62026402262313
724.453347201796 827.6214128506278
405.3261633701224 189.00905074689192
759.2089350899203 464.0376877014652
330.8373916130561 634.3079111612437
885.8355884234641 661.878274529685
219.24165744908296 409.2786223650944
756.1028192055155 34.51023042361161
978.3009972949981 16.799208149122414
170.23723961992658 296.98755476570983
787.5046652759806 588.4901508353922
89.99125908149058 314.7180549347719
656.299677085849 788.0265984411004
849.0551294086262 594.021036796176
862.6104885177417 514.7296198936288
454.97394811054613 958.5844344242624
480.2007703198012 558.3321403133486
650.4992623160736 429.1150716821805
825.6607075583158 933.1434214641864
333.80303470278466 499.99032510065007
884.1102152889193 297.3293546344173
43.890583892440326 39.14353801277357
381.0839906998208 788.5963570956939
238.32183515845284 823.3815629023693
130.68090857315687 627.6016953793923
770.0041786749975 797.6284692187137
576.1464805058752 710.4755249170652
328.74432750293045 27.70233567293213
926.2834148909569 106.56227838362793
117.49588292931732 189.30209907160298
230.21545034460598 541.4267128857034
259.7924871177032 111.42656876836959
524.3954584883321 109.1362718383569
491.20432456956235 816.6714616024022
581.0722447539536 984.0671580386726
919.3025074621463 492.89799968824923
938.1148702719235 151.22268970700426
576.8454163506422 887.3300340347612
464.1544983569183 763.39140081911
705.4888528815524 110.50653258299266
940.6669460570113 229.26920972791305
877.9186768543077 904.8313686257786
258.9527623408971 42.035178551136326
587.8045495556343 542.3140993797726
98.16145356813703 677.6658858796966
302.2242902938438 975.8250160659694
306.3030431573679 878.0441851242215
473.155024772443 702.1564877807738
161.97867433514273 631.3188646405022
478.4753979292642 411.4920727618659
725.5881969463414 178.94060229242453
620.7665017807926 817.1046086568416
264.74794041909837 570.4067338281693
431.06533416115633 787.4824914258191
662.9901673724193 465.055787065182
867.8666952616246 133.30139246281297
430.25015420156774 827.9857923067055
473.39768259124963 470.27978687508914
705.065405510153 453.4787065048384
690.3025024719137 243.1639747763473
153.68156533561486 865.1257346105646
616.7876062718782 283.30057983004457
331.74199322977637 577.6002336868553
925.6211609574979 675.5832799297474
888.4697976969039 870.6410657918356
694.6716580603935 709.7658440796782
280.27765520322237 61.965250936475314
849.6484978045373 30.25591012835192
515.7128977408178 687.5864400415811
959.4452591450466 498.8143786662809
121.76605350998405 802.2262934191988
126.7614128188588 838.1555072967883
712.2577251850456 737.3796507672766
611.9015496684542 119.11010138624853
238.21877117674626 165.5987418847946
238.2852582004678 697.6932845426517
36.235789507879666 696.2661486387098
725.5841739222825 604.5512573607222
663.2880674257972 737.8696013949857
540.0960156290699 729.3193870214567
528.83841451024 567.1970145790648
349.5432080555856 867.1361295997609
180.4325232791393 829.4349164462558
596.9213153511179 200.30519525201717
343.05798271264484 298.32420086051377
38.223528989528056 164.57233501884753
563.7429102704266 624.9249958050203
726.5555833361763 258.0449010754206
367.52568404044615 423.1554396151183
875.6220592453767 822.8563501545242
732.5405359611992 876.3889225353536
984.7029149485809 169.0541046195189
170.9770980984317 786.775648545166
283.31194358350143 806.9613014358508
229.9715136517144 37.961860440334846
734.5234867964856 368.35611826708254
15.296233967217088 919.5092887466011
424.7816737885504 863.6234359655903
108.55080649342268 525.7583885331389
311.01672020351907 436.8997519652026
642.7029365875446 130.14334663910742
973.2413548018478 233.41579355117915
900.4106676404683 130.94756808107303
123.55857351591186 565.7443408118972
356.001958132245 35.359588606959825
238.49726150530896 76.764590336632
366.99348249060426 938.9077722332968
192.7527271274422 421.3882266618125
574.524968026687 403.75584304384694
919.2484093832353 770.1793064993118
439.2545509470699 331.587284110157
359.8845773385543 450.6384134679925
242.58366308661144 470.9989256089957
747.7870922311394 217.6452239811362
260.1184753348008 912.9714915880048
560.676273329221 949.8949670758471
