objects
415.3748631748643 252.06547144676716
21.402014029373994 290.2863958030784
983.3672854012622 790.4007663657106
282.7344915264394 247.75661758844933
929.663224280949 129.62949196194327
143.3764508177632 855.0397928166158
894.902883166543 731.2795915814584
46.00865295261678 185.50445259197488
453.68971451304895 104.02290927464666
79.98611528008765 975.343976587621
798.2534276744906 212.22829459867157
18.190097926845226 377.37963695636483
372.0711523433588 590.0741686500177
721.00997847171 808.7503269807081
354.4883171505389 193.47660103812325
711.3058669280638 846.6941524138531
96.09670700110787 119.31812579977934
530.632854893461 851.9149473857874
424.9629154250906 195.65676824761067
385.7250249763975 950.2815241014849
555.8910377608348 835.0222081339837
596.9119952532324 682.1947640801852
435.33223117040444 16.268545880240435
572.2736586171279 122.85128869189208
957.3470389133938 824.3765080767445
542.725879228582 242.16779677975777
235.10405268562255 862.6827640067212
40.13477462287548 698.1001759031469
541.0860942223014 114.92804363840138
185.91099370594054 528.8732093162133
258.4695996585621 798.33528941627
49.45426715404987 502.63670702206224
574.7344717263093 414.7519278252117
895.3103076856527 867.2986684553064
373.12285644819934 525.8977130747788
909.9502610961687 656.5227395860015
272.1190684868605 589.2126110684791
401.646384940138 151.0708604473468
359.41003245606134 404.3185827953684
699.9319176212729 772.3837427148634
906.2585782242501 237.01618703705742
424.3775480921015 311.074274940987
176.70878183935585 713.744983365753
604.6201990827856 380.2726790506073
757.778808493149 37.61987674453435
862.5248550979095 140.83912272561838
257.00337930897956 71.7483351747623
210.95210102761195 770.1500104939289
728.1207803618169 137.35641900179345
845.2734859329466 443.3011230251573
971.8175309444041 500.0223679994557
976.9088391542044 611.858885611616
981.7557898168154 66.77781805299382
937.6191968051762 83.61833490757603
664.6696126388566 398.4530948891845
605.7378910095578 623.0860574240579
170.36626670164065 939.733123569269
552.723953742 66.05674784490046
638.8212306329947 900.8494326340302
652.4539724965723 737.4441077546932
747.0328444956931 370.97767455511166
935.2329784126565 501.99392717741813
920.2251783432297 460.4470487403978
200.47018220369426 93.50122721069076
96.65151785823461 881.4278514200254
667.4832698372755 479.8026826259044
520.0257139627407 517.3110369645806
114.0203028256026 327.7448908706371
707.2753170065591 470.38194001291714
479.4513389221249 651.1076024409416
869.8894011026725 534.744135121259
350.61397586099145 831.7082019574467
56.40684173090221 344.02458320695496
213.6461782166291 639.7944840031299
346.29703172378026 316.32176350839956
266.72970618897506 976.5172554806079
111.47073079909715 512.2997003869096
903.412326739656 983.7463425089366
618.9589210874816 170.1202745824378
748.0482339077938 974.0558304686768
319.9583103719936 520.9307004952935
673.0746915689774 829.7487242740639
624.6938503526036 523.6858841906862
494.99630922486796 123.68092797641975
835.0938057004588 412.4144288597389
631.1255913488185 390.89368207203967
334.8064097264004 906.312624380084
92.87656177411112 371.33252104334787
378.0044726167934 70.11520855840084
783.5943537241639 164.81557748106812
361.44110946608237 350.3561839934687
219.38084894177476 161.39806416717957
526.7256253665958 586.1225182611907
346.5219567748458 439.19860907462675
828.3849158679232 105.91589772329985
690.8939971323842 917.6703221840967
763.0222230412629 537.5595282279206
830.1171913628166 967.1631244650458
338.5761432884019 952.393312758949
917.4309823311613 891.7122619533296
505.49341957572324 557.325592816833
975.723852946091 850.6534388031853
899.1227446284588 58.207707377476375
779.532078812137 434.52889406948213
798.0038025372844 894.7343299826193
903.0980595213068 162.8461034711971
627.2578704252508 951.5097723921411
471.4344250508312 862.2475317101404
439.0570567523412 358.37282990123583
723.1496824969371 285.3473025378256
218.58727718547658 301.96695615550175
579.4423175028406 193.04535088859387
161.33023906731574 585.095568482597
628.3805746729624 679.659959354754
586.9414485110582 235.03986527176576
499.3222870273782 284.15822012529753
212.88288881855928 976.6488582156279
708.0441238399327 974.1937873057462
901.9118516907507 621.3221307501462
405.0947980365926 861.8340384223086
761.390799645747 927.1670685522222
972.8071102092745 913.2205850834289
927.6247878293859 820.3922977939371
780.8188016940469 961.1059544989469
848.20643569744 601.8822281930304
639.7982212921577 87.71235931222057
580.6958288643734 470.1966668387377
409.29456792286646 503.4365258690193
213.2782299347687 475.6508095983612
512.0063303175059 674.6367171500989
312.5488652342835 974.8567230344137
292.2887814420499 57.94472497762726
449.64934606027805 331.3530329139123
984.8795744392916 339.20537697628987
682.1427709425946 530.7913931447795
19.260882014663203 543.1273309942786
286.72200755008544 743.397192816525
472.0532331535446 684.7347848774876
99.40055556684005 599.4238348674605
311.11313793817163 596.6900585845272
861.5183185830134 227.55032384128677
562.6509955642226 607.1155563343922
971.9787329327517 374.47978859189124
807.2725981451191 415.7047246392791
730.1638976162396 548.0229006729138
712.2377778984127 937.8065999324836
407.30441248626954 562.9398496066943
58.32043380078035 100.02644421217391
672.3393675128838 265.20339076174076
315.5026278430868 415.1058301106039
77.32775533738972 228.74139552832028
414.8872011549325 742.595473301944
234.5837397804232 207.02876021019716
376.2967360931831 442.4192322470432
109.22492018914176 783.5234534837
