objects
856.2539527609965 124.14668655961455
176.48651381251833 637.2114542831386
570.944262953347 521.2055179318579
553.9328168174599 92.69545003621303
699.5462469613184 965.8206807644655
459.9315104629072 188.02704296931086
876.2893405623768 75.05167159203218
98.39922116335283 459.09339821083216
378.2134516118403 548.3590192093533
280.18374842565646 71.33016802072518
411.03263241716326 356.32660563293024
830.1064218868717 668.253913420606
385.08086531625815 697.93076241836
879.9501560793054 942.0883768174015
950.159297272622 220.56050808582373
636.3839036854772 430.23486841731443
436.49400121374435 128.22254402912947
325.8246070552492 806.0947676994862
357.2275447032562 919.7776410341397
335.8877254243659 424.0290675852488
339.78075749060105 964.2479114364731
22.61259651911385 225.0965581824394
298.36611019857827 728.0174398348919
281.8829981832047 206.42303157667942
852.8925139387103 509.34432891162083
349.6802986663012 188.3511108228483
681.1024669783574 651.8091254261956
102.07300731311912 65.53279487117945
545.1511334125985 833.0148345796658
200.56970335281343 519.4164034531035
947.1733551868123 47.97916122271288
589.0831176956364 319.224140782462
705.0380711063019 804.1315164803443
947.7728611360305 740.593167294722
631.2812910318754 802.3240311456295
66.17722696970861 25.456910126420688
141.2756424326057 130.76668897647284
666.2038308687655 132.0300826902531
753.2177088344423 779.8277129967471
622.5135504840879 955.4599338987505
66.17275672415123 913.3134296134652
273.7251208462731 296.03385511595724
933.4308939106494 876.429206756788
635.726028983121 541.8270569542095
514.0782203481356 44.70747894381626
660.8093275677654 176.92255233887295
293.097741017851 853.4971773804209
718.918146549017 432.9961765661337
798.5218022435411 184.23433981079634
161.4542248907921 932.8551847086309
408.18773068980255 53.602249054035774
677.2514782260813 394.1839759319023
664.1316901821309 601.4307230947863
198.97345061741564 95.23222015771849
224.39417730966912 657.0473869050621
85.9568736368812 543.8885069964956
800.0806652694213 944.5949502749262
335.5685717700315 374.2497632174856
358.1444351087868 618.771487643963
27.673160845006088 464.834705434798
694.0869121029835 169.48585502056386
344.9992986816766 649.8357382406829
619.9403775294261 727.363772246403
799.3889032680147 72.25392042349918
607.2111581691115 448.1930058076171
576.7382688420473 901.0796211461369
577.5638070815812 369.50137822390604
179.45879192462155 415.2154608437539
45.35717408020541 325.90284947926267
903.6290499602907 640.4098478803859
28.587367882756666 613.1269202390912
133.71046842086594 674.9528471839423
850.3914991840588 732.6952472191064
800.6237829612053 136.59124255983565
255.7464130119965 109.07254612347248
250.68268712686188 570.5675786556732
777.4857902929723 549.5294439140702
323.3474278331813 42.931723035636985
508.2343013672897 289.0721499487271
397.09627019869515 175.49883394505238
500.1936035978639 839.8085964252092
145.01202847663453 562.4616182299754
865.4307685026625 618.371669958506
862.4416986484304 362.8408054791918
430.539035428386 922.1385383990544
381.10188679467706 280.4960920424722
198.36367703902468 55.59231900643218
952.5035610792361 566.7735921063163
267.7501490641815 442.918501834561
796.6919642844189 856.3297891353792
416.05696907795584 479.7342124534165
314.96785883336753 983.6656168875933
67.29179338127226 949.3448990006566
515.138965581785 735.849923924147
545.0884948584134 622.862459435289
895.6695245792957 886.8404935369238
977.9705672409385 430.7123781743849
760.1929298009269 829.1361751409102
975.5716352095626 523.0069600228046
860.3642396340481 281.10847153605596
89.4694142109529 886.5985173592
479.4787539892982 569.4674563094928
538.144496421064 496.7344685228743
298.5351051692842 931.9251768503638
130.63394044331767 455.64452107564205
166.83091728988373 16.015577504774253
924.2249678091795 260.18819819945
802.4329287857645 672.7383188972167
532.975011908552 362.1475444701757
310.10929330588135 759.4866219544068
680.5446456618527 840.6870372435417
953.6023023782923 400.6769548393439
241.86700139626623 375.57895018878946
981.4184985387343 959.2903664538087
768.7925603335735 433.3205790602303
585.0492693053997 604.1346761763406
676.7896633535083 450.9668676230258
465.72527472205627 800.317544538285
383.7767460991975 70.15140588818886
392.3599527205606 388.01000024704143
287.64112299064726 162.47830925772877
145.8239812969799 627.7355264861277
805.074737145627 290.08851972894206
329.43335791162474 864.8839896139785
151.62302464062597 528.4873866358683
807.7020994222053 812.7493244015451
65.33264695888522 641.3041589423543
908.8434576121364 763.93739700135
768.4693459116007 43.260835320718186
389.4286308870999 445.97005269435334
789.0038116518449 379.0980416246174
805.0952975069058 776.261772266958
529.12792233052 808.0262388448934
740.362998013178 92.7801055569543
702.5992991468836 679.3772830363625
350.47006553213686 479.60019317871814
299.4584203956451 644.86049217642
164.65584516870328 189.4841350204826
622.5733013494493 81.41461622900911
838.9506557486723 212.64084424373223
852.6917937510271 687.8968606983433
700.199019685561 34.34030808265739
221.30696179534058 828.2439820377352
257.8934849540833 257.86461168705347
14.766155952744441 918.8976354762507
111.65522002793273 934.4554257087912
498.31982066215414 911.3338660589419
58.5966202886236 869.1037555650166
455.53206873424915 753.3912977122731
240.76421929497985 65.72910379099267
636.8981854465482 327.1175460573307
166.3865500104552 972.0703132955468
768.5958625917494 335.42587227921774
373.7906601335127 324.643498169522
755.8268038836344 899.8406953705412
