objects
248.52555218910427 233.33983308872052
669.022617809553 428.68554319403523
322.5609977859512 320.795710992928
597.5618305575259 151.41343997642244
681.8932150987396 81.43190885369403
453.10512517732786 836.5033094207383
705.9196405590127 223.04549417306023
808.7349265449003 795.993063217304
125.17617091349904 340.76817612325993
796.207213591178 318.2538594317858
944.3541912254457 318.70527534529145
964.1686048411212 968.9258137988355
837.051963141667 647.1321629201533
243.30261398157123 513.2710448405095
856.8729101045284 263.86421971290264
274.52484768162645 473.2492917181692
172.25325845307523 926.4116280329969
710.2413297095649 755.8319215818143
912.3833648786831 487.65264164248765
745.4928294105958 241.84210412947027
665.337395654592 284.94799693729937
511.6626470925068 966.4991169582153
36.18236197746202 823.3025836615454
727.2767949228906 308.87919968681456
872.2647890561625 145.12816155854983
87.25391789943747 522.9333498162149
249.85520018520893 140.2896760412813
108.1360911291293 230.70380412251
221.65942664902943 663.9877718022959
522.1358394432514 812.6006651551277
443.94212264800444 28.730041157344484
298.072900295914 272.07023958038553
827.0909323890601 693.9807882884229
32.72584723558945 963.3027951506776
167.62018187074239 52.643561384058636
762.0098435914362 921.6797611769513
483.4415151806148 441.7505561881726
360.6781056275776 546.4553675494575
779.3967102184309 460.4390748288224
719.6503710603484 907.9129852508271
547.7862577316268 649.4107621540435
626.8897657232309 836.8059589196788
823.4723528091454 47.18769500087064
433.10268514502 274.5457046700707
114.2479701201762 522.5303115791392
130.02563566249052 800.3675182309837
543.7467046635494 105.81393598119402
477.74332138629916 793.4861076361591
30.217224352424786 586.3086372163239
561.3114674512193 231.34788143599087
683.5806174397767 972.8296861720163
108.4693529732155 762.4429466230574
298.91048897692525 926.3799286885092
665.2087944172913 673.328857000804
841.7866615766704 201.12838041261557
244.56307920341513 317.83270844043346
232.91057824532 198.78863742186238
677.7418647593355 351.82735115112575
737.7696695810408 415.3657436965686
297.0538207071343 301.50601908726856
629.9787084486177 321.47876885218193
298.771771081258 534.7383750127669
404.8064957863186 330.4650447429069
40.01888095161271 922.6794821581818
492.0284505598682 324.7808985015731
800.0641012262457 681.7657629362127
69.60423426681045 696.08235964705
596.3103410710487 66.61742108722417
47.12012714787477 516.9942307253386
695.7895375398791 197.4818659208418
871.8366409018807 789.1251182259726
425.3178806077318 215.49690431968267
366.0415116984387 350.12818240396274
312.23088412138026 560.2866379061612
242.5912802605267 464.25243254287875
153.69002868936397 962.4319566345239
821.621590456969 962.8836024042761
243.65953770797137 937.98802341514
698.8769155766538 455.98576476681
812.0080152869712 375.8230146307594
347.625104695937 742.1673556945793
950.1079749022939 99.1989839275597
353.7420479473632 88.97392388128061
618.1143337286297 784.1724718889559
411.150443664274 952.5745433434944
310.7853811033696 886.9332105300007
641.9254294568461 699.9580292675901
518.6120237928704 905.410856738965
663.2547867914599 756.9001668772963
124.63102892764438 664.9409508211162
550.282910640284 953.230196815432
663.4447802245611 138.43195836060212
396.81688372662103 80.47071336776551
409.29483645562675 679.6786351599376
260.427696552165 671.6690417654786
741.5115798124734 274.3396037849125
621.7099612726021 609.4062143476181
110.49357822418355 164.51476442749836
884.2745651737499 944.2413822124489
515.5718880317436 84.03536963536332
837.5287960955009 84.67566229109002
924.8033240902666 875.957603218136
655.8039640961388 551.0871648842157
461.46482850910513 981.2039690714633
35.60542234707981 301.02137674952155
281.4855860955364 848.8885676234946
357.963960179202 408.4482187270549
106.8744511692906 856.3969592440599
865.5941528389793 370.8061279411587
356.52985793731443 857.8101433757201
446.0218029691116 619.9701787269377
738.6902314143367 545.6312946526518
810.6409111297229 264.6769003646941
382.23634932548225 732.7767628547386
341.4383720462625 944.7694960594017
344.4670850472972 284.47857921174494
969.6639152085684 484.2245246762952
884.3972288577236 202.13565979216878
202.31801821468147 689.7703148272849
522.9546581079238 670.6671910794751
139.98216665895967 189.59518727751882
518.4518092754216 122.774947075874
332.974232824693 808.2874864597594
961.3252167785489 162.70997031766606
670.6550387640826 108.13938572589196
787.4962977923005 509.07426990640323
945.5659240857792 611.5353340363853
59.28791808939399 946.1514006227349
497.745671239955 859.325552940417
898.4861158513752 983.8398153838103
590.1339057961421 759.7258709359377
381.4323738472439 426.0358955658961
412.9908803929921 749.242180820798
29.152787567544713 65.79177628830878
584.0526078484556 658.8919120684383
491.1428547649708 135.0828780265503
95.87964875366961 684.5534872601866
555.4098876799617 735.43820704348
961.214686806931 879.5669872301582
660.886583520864 727.3121353756269
815.117475538458 487.51022972027505
244.80489202675227 63.55879623112405
975.7586497303754 275.4557346903267
222.2913406509603 118.92628910804913
780.0977722964509 817.0220832654139
273.3878285933155 415.4781637822867
81.65975647172301 292.0965008394539
448.72004678186033 545.7385248145494
139.56410036952508 897.885806383756
865.9713356534622 610.0361680068747
916.3198294370345 181.95539841578216
224.80484647743916 338.9410614410759
730.788752924513 47.548687080172385
896.8510639889224 333.254205469464
891.2026255304993 524.350692075881
235.5796830527389 880.0017391121394
915.331920129487 538.3367451058491
201.97318935648002 228.2734785186133
128.5397708572608 588.0239081176766
939.616086284885 225.56779568334323
270.95542417149994 597.1893575918568
893.7910126435164 58.10910485104006
805.2653437490594 617.660781638878
397.9673396038433 897.5855558215092
637.7178468421541 376.1715319855771
441.01295175624034 445.90818903491356
182.20917990590164 719.3194155023499
347.0152471381955 49.366346950757375
255.12496376615843 539.5916952577155
756.596108740115 746.0117685671911
430.8720283419094 872.0238040246179
448.90794820942136 677.9221444733984
980.8652309821883 543.0284953220655
211.14216970061088 33.9351441625845
629.365613667755 758.7425585121165
508.05416262997386 632.0822599412803
382.5952691726215 377.9957108622419
937.3954391187768 127.91520695949343
210.3759266342418 507.81186059858067
588.9494397817775 199.21146828536865
