objects
158.53848602754516 600.67701104352
573.1312467446494 292.0235552377551
356.97491394734516 32.17117005307221
924.5752099574366 510.4317099084403
872.891754945487 163.3530599950806
352.4599207734337 923.8893149414997
776.5431762749507 272.52448597803107
368.6405230546403 878.0136936038765
624.0178690655666 968.4495705072474
420.47582061478926 789.2139180040166
706.2002953528118 618.9443321975772
682.7220744912279 357.83119695699565
17.415417478622942 258.835663991694
963.595480690864 221.42527800449244
492.9679350400045 151.96086673563423
87.92531431883475 745.0652607408804
859.1360299058938 438.6893533971323
892.9127459793475 280.54672296393267
277.7105306177529 286.43506102654266
141.13706407599406 510.60553035691237
506.69430458384267 395.96629000488105
123.94367843501308 489.23092229142947
472.38908234921763 316.40812467501326
834.9518058445028 724.4516981272504
126.62027347113333 438.18681243972225
95.58730061644083 861.0567649921078
145.510787147358 261.1479954360829
685.9302530612623 844.9041467282584
75.70911678408497 666.8079605424164
495.71910730892847 367.2430751199888
225.69498425914432 925.5330487846911
328.29177106612104 269.52865465177126
518.7666737301626 188.4236882318291
441.1127311748481 227.7039328029403
651.2656658128723 590.8243419867106
631.3922967140816 486.4846801016578
935.2148996048306 703.4243594285116
546.5692616843522 186.672295077248
161.28241320029542 458.14341081196386
146.2785658799284 75.03455625630752
41.20485805415967 306.25810471642893
247.33565509463983 549.9459972121218
63.16996425279945 735.2269279610265
678.7924642134057 574.7618527099328
512.8685500141308 499.27793222939965
799.0409125355868 978.7413609655661
709.6302219112156 397.45874186355695
905.5395984374583 45.90894659684353
560.9845062810211 355.2029283498908
342.4908499183912 655.2001019404789
21.711007785547626 103.27936910426703
228.3879937740373 498.0589234230105
762.3333229537689 35.963784984351605
222.8301529629681 280.87189192067876
962.4570176985139 722.9618947473767
523.6217780960264 686.0629370196294
899.7444561666482 735.5134499500041
676.6961419332283 44.96825435083464
62.19077115536372 419.4193007453403
371.5531082765947 526.2145021365338
50.660536480854326 211.32602245330713
589.1904999619501 667.6513950513149
52.87256980014744 457.53570153242964
295.8854868197938 165.21082357749177
874.5404320431309 307.62910437341196
735.5523163911895 372.18571926489864
172.16502358763688 298.57825832788427
455.4133470785114 631.489561953927
253.1759297263663 881.0278739724154
417.3307113519066 60.00692859655035
883.0053660838103 605.0882299936819
431.60504151966063 511.13908631612657
164.94444229758193 105.5007611730937
723.6111163645448 512.1888913819398
101.42942192872928 472.5299869222471
928.1784865035619 765.910598403543
733.6789914135729 117.54296449509604
584.9515966312251 372.0341945046663
575.6681296178625 71.61010387174763
814.7629058133582 659.7595057980213
977.7423504680411 525.3567979601955
325.72758374348734 386.6421628932483
76.8561021817538 324.97284801929817
226.16475852948486 368.0945286125362
435.8616207473698 477.3317652889022
795.995785299239 511.2322842429584
516.0937108085323 714.3276153360206
321.2943847361901 499.234250046981
659.0917394847793 696.310764218844
298.1988779772116 90.89180014745754
188.5001232692581 452.9532477467549
436.58367825735 384.93048189564524
460.42058623048376 530.1747786524527
981.7579516440886 186.56566246622012
441.9086833385962 829.4965508897816
972.0610860973159 749.9735355446318
760.0212573686313 221.83917314714938
161.23526414849937 632.6299613602795
255.0922357443951 764.5870707646211
50.62996208885063 183.13126772429803
574.9806081683461 693.4642853210337
966.7206388724148 497.2289168399405
829.8372735846987 512.6569926220978
553.6462478102244 140.39932967627362
873.583804984975 739.1817125961102
926.2660564148075 336.97554596641123
427.1871194167674 263.4903770309385
939.425021135793 193.9546952506604
88.81196240426512 28.793103909494103
106.1472982857853 422.2799516053343
95.60636228841942 563.107026373644
547.0153609891871 437.9704626207805
749.8755594254817 575.9143415230346
35.0366882531957 761.043053380368
457.76189256999305 130.33103935582906
626.1570629668498 343.39379029906854
745.0053134851665 904.0843661472741
553.2614339298158 491.2136433243297
819.6306917817548 25.426032911031427
810.7019354536499 93.19632673474005
55.05060327558079 701.3543490435869
763.9259962340153 321.91703276212843
771.3696958127448 752.1595356515822
500.2248793761839 864.166938649006
220.8940371812646 169.87516512972684
156.65876580054334 672.8956208809046
159.928902883723 715.3345693802507
398.9872857915953 96.27776269218856
689.6211150439952 984.8008235046984
760.376882244902 405.8276269797005
346.7210967795112 77.47705496943361
795.7896070976465 583.3936137474935
243.69241959008573 310.89779748402947
935.7009610596344 258.64353953415423
145.69947441110102 555.4118564298898
705.5859211942885 316.614045570348
279.56417773872494 911.9158565046132
289.4962843774713 717.211561703107
969.8923958943685 849.7779845269401
16.342299775130446 152.4687425324959
654.5437772225872 239.35036619630597
267.4044374768969 618.8922751966165
333.48242374874565 697.0359194930476
547.7975929216781 868.2125323919355
683.4759807087208 925.6371727887096
512.5873448166724 99.7323398913354
56.348533048691024 55.55232013416165
726.6239222887482 712.2472284713791
84.29602740387617 84.85744204180067
308.45243052367607 466.9125651549125
367.6674834570916 822.3857615627358
908.1734379956315 398.7150326317664
17.620903523316965 690.9496069876503
953.522275875195 74.10981575979274
137.83508007730714 133.7892889596024
850.3477513329514 317.2282958096679
173.6839767669822 482.46716042255116
830.086259382907 245.3258724603812
741.3964569530245 53.19361150960802
786.9236183409114 209.58819452444814
238.9895693888686 615.0110970223701
300.5837495505113 538.9531489871637
175.50338904889512 896.9287605530109
321.6099210535442 777.2001347929664
209.38450832177364 640.3443849842255
806.1763236710758 786.5567998829083
534.2327503856724 223.16892390027945
789.4243236787399 473.33791121352084
674.6967849406878 769.0783442296043
347.6598592339224 214.80263588725722
655.1160045738412 121.72839725483938
948.9499466332966 31.621672717713345
131.2361330821868 221.9202209003659
489.83341538161176 470.82947107253204
379.4114269106545 939.5114446195021
50.17139146036076 620.4997934367984
304.4017706283733 920.3120225802413
278.7620493680253 250.14689347131218
874.9462702885733 392.1574680610263
224.37802845609775 210.58158728436848
