objects
563.890929525052 490.14879490150634
682.5620087435606 415.3551820955948
740.4374714981785 146.10324003987742
284.7055833786576 401.3231600217412
64.73526391294557 66.59399359745929
287.790764305537 428.5104851997239
68.72528734182339 532.6353848306533
884.4547352924287 933.2963660280859
380.85057836396817 146.1036929144368
168.45948869367405 174.10955210595478
250.2052114057813 338.31694237095166
938.6788682856296 956.2294900947657
370.23590814032974 470.4237114868359
371.9532663597699 16.433558850591435
620.5395114522303 71.6642411358995
31.27477232442243 709.9507433276544
191.40136622735102 965.9656328180761
487.1962793372445 489.5521218352221
71.81519101581185 885.64167988823
343.99068600728765 204.45229285926314
299.2186288014958 478.9910626190592
76.20411993992433 296.02669267515824
884.0626038609408 85.59538702486694
817.5266118353952 434.6669105340257
215.6016384106754 600.4205475040238
824.4693435523419 668.4981849426122
128.4847023182841 644.9603866347339
665.2110838001339 624.177494563605
643.3522968618219 246.19374159700567
116.42060814068469 61.03343691717832
811.8400903698063 753.3818158918501
657.3860594489321 741.6371017096905
616.1930049939033 708.122624730487
762.3671655724999 545.0285428367948
140.19262484878573 377.1842441085633
763.1890767890708 104.23589488914196
450.1431297227817 368.6671396962637
582.1480964109022 120.29558154687058
671.2085302099296 772.2164698588062
186.5003577541716 833.0723760849755
977.8924842639975 373.5417763889155
231.35057403041904 623.1391717916314
519.6610688617156 125.83629867552345
640.297637595756 786.2271600848344
888.4657072648567 496.4844696694657
232.0802823897584 884.7930223819118
191.33272416830317 302.45261474371756
396.0409511355038 761.636122671907
137.41326390371958 687.3595199030171
855.4807020967273 373.991341103864
401.4312500730469 710.4519692355873
745.2692482222118 267.77531426246674
368.62870768885085 172.1448519264411
237.44857456920394 981.6927518082871
812.1348516587688 841.180701747981
744.9616267091051 908.1610445498345
570.8536336774557 647.0141411535882
702.1407094634762 945.6413769170479
874.3653089514485 874.3802294669118
869.6429556520732 470.68112388006557
930.582031559619 402.11541120171483
108.78245194475043 319.7696981795709
541.2988513631432 649.3847515777655
366.2993174020278 777.4193882915923
512.8472585464307 593.568492066344
287.91549786493357 371.1190041817893
85.8658007817437 24.122912054264873
573.8044660309914 363.3350949657345
969.3265859779913 890.685892828684
599.7343769128604 521.6769887268239
204.00355172621272 252.17582646532782
643.1222236656815 670.521361904801
35.87386910093055 238.39718985883871
112.4312989081416 168.3668678724204
684.8560964915434 468.3822853213336
123.29976451671364 419.2477420667217
38.03508702904129 368.58752928956073
681.8424406684443 113.17728565938368
953.6001016042845 208.81030213947656
368.0221039010955 920.9584934733467
46.91075056494073 340.11485120474026
239.28424087649333 587.518965822121
470.2999092192879 982.9676002687376
547.3457147846822 396.9948406733729
98.57056913425369 648.7103336297862
447.6484500246654 805.2815727505844
923.7145552456385 818.8079186501675
899.989998422182 197.75081763456504
61.48787373019303 446.07060127650317
626.6843747511496 735.9377664449975
564.5210901688532 439.2049680612598
835.5074321013775 395.7685378191068
817.6615753038361 898.4378788149239
358.0266945016256 505.17767728469556
903.8399936244108 749.9156702110473
833.6125399948779 354.00690029484167
273.55500383115606 511.630974650269
961.2160001222842 330.4562872697437
830.9339046102338 166.39931944462242
544.1482418322024 935.4622090745514
248.5863818025131 787.4860337674735
677.4290653596738 250.22968040663412
264.22939105668456 560.5136530760519
153.5710786768075 30.445680368992498
247.01727814750856 390.7184039886053
410.8840865932539 180.59916408942337
922.7918748825167 693.7358475442464
765.9516914330071 75.06054309114721
208.2444923425196 407.6511083527813
187.55376503031684 442.1947740134366
459.6283819840737 585.7255863466363
612.956472201199 41.2639828617035
361.9373634546423 855.6564203347563
311.7433996036826 112.63633411923351
439.1024054389083 557.1269803097808
602.9276565179418 846.2824430759367
86.90121438278224 826.6788807477125
32.959528516366134 59.268956942839246
343.26170051225944 740.5752031765979
769.4288317788979 572.3619794923935
522.9181800962555 430.53387590190704
130.68609352060082 951.0368383744802
456.12475255723893 200.15124547924648
311.780831532878 741.2916352363851
33.87899484903428 409.38050507882866
699.9488952407249 643.993811039171
100.17196753507025 593.3757326745574
903.9182042085584 229.87161874731092
34.77049554497448 205.93689119158438
762.6976072084998 351.6972263160243
588.858620666248 729.97239158795
537.4114962822119 70.1286876220051
170.50340391401082 870.9374808801517
921.5839170246865 129.04280787401075
829.9368489871831 107.38307080558086
505.8587695374337 336.95400689557925
720.9571315423573 792.3854311249103
644.9031662427793 339.5954310828497
904.7704209663837 26.171610618290735
634.4773759855417 183.17950725972665
338.2507048030259 556.6181825137468
267.4671027106074 316.87682607896744
204.2269927287443 533.6145175495292
489.348753906092 375.13614739368194
498.15539151592793 44.23946419059914
796.9164361123245 130.02856214669083
208.83608635626305 499.3152541535572
934.4782068063969 581.2219804247542
975.6915058730012 528.9784328088916
982.0907742592359 468.80160512102776
909.2449417301882 903.9217348790203
110.73382630349832 849.1844138372098
265.03547594833054 651.9085539844206
655.1755518735969 53.03599453603705
560.8903166539055 257.4657891185764
302.8955061138016 327.8770420477901
600.7896592948823 965.3564393923257
736.3059088958437 860.8600637393889
638.5030893670521 210.24646807299595
205.78989519268146 815.484976129862
692.3750207385742 859.1600528300827
283.5892231314726 872.3370247366958
35.83259627113785 755.6581176754275
724.9893283418181 464.43899423042257
373.5170316496455 386.83446827403924
866.6135155970942 541.7576656364644
528.5021763130485 171.39525588323488
711.1172385471318 576.6783427221528
492.4177415769427 223.84472254960124
879.9430744899022 33.53074254949388
190.98504600539516 127.10465623279424
409.3706977336898 627.1790665651787
599.8964753019832 368.5012527926513
451.276065211968 910.3841813715196
417.1522201064698 506.31016704519783
846.3422718974952 18.023442427035373
850.6466254298571 788.0472318545968
788.5796669512337 261.35713169225704
202.59591532585364 700.2763868339887
221.13625666620766 52.21041176666906
