objects
157.0542418525235 358.47166711275077
304.45955261001234 499.3918646768387
213.2854064519904 882.7028277472153
868.9694080990513 332.33332606508185
70.19368825321673 31.203603188826435
880.6701677118158 169.77586791117372
526.5053951075867 612.2259627614488
155.21138881803907 185.00267232018984
665.5652815037624 688.6291721385716
508.0767215481107 847.7998300929535
666.0601057766897 763.527688279522
773.4611634188288 16.184480432606556
257.74577203611597 496.86881727861754
698.7711463175018 58.33142539773677
833.7062373148814 148.1123056284704
57.46954789484331 241.9395287296081
513.8538336268446 971.3337955875949
392.1635180965644 63.44769072598791
748.9144215710696 100.19903323202183
66.77217170728578 336.5313379423196
187.1403869133474 839.0714669417882
926.5994063476763 869.5665916564601
659.4315274648792 13.653082766022225
918.8949844033157 350.3408507350333
850.0935984074417 838.5958408480913
239.23970036592965 132.46159069695736
539.4310294020587 572.3290061546967
243.45057248719272 422.2813799360723
116.0649773653768 349.2411593399272
486.34768157749744 186.13487433353686
665.5219653769589 912.2298196440436
631.726663384411 463.17190763459126
782.5445601088951 472.7862813101123
193.10289532929005 43.49921739948272
420.00109449302977 382.23719390216684
847.8661585602722 179.77355008335968
367.26163978307017 650.8939952790431
284.41529806375587 866.9792389135195
430.2782563063589 192.60385086559498
872.8158430622353 521.9337035149507
436.5663823331813 104.12584876290617
664.1224492999512 345.9464991598543
393.07562443865 633.0547720830929
233.9782281726879 508.0867898356843
941.4499227616172 746.4530637704055
45.20778821732447 752.568455758701
278.8856298423114 953.0336646575141
371.9080991303201 366.52376640131456
632.3374348089366 56.39389041572532
347.36451697190944 677.2148442720023
734.464811093982 614.6074297954161
490.65142394906894 634.6896356736816
465.99577933372166 122.88739918286343
850.9900664952955 928.7275559445941
677.7330716819465 553.8270472286587
508.9235139612384 223.1440607113645
472.6589278738292 422.2721298114023
66.27425394377215 297.9326017272577
750.9634559988882 689.4673985420975
218.23276549041563 315.5919303285018
308.6842164483876 763.4619438952237
93.21989050347786 328.97252099701535
100.38468984294953 713.6233017871796
89.38960080277445 511.7550584740807
34.743680452170096 536.3559217744495
949.1805426310165 131.48553098755275
497.94091135697533 454.69323673465766
279.0787110275057 518.706198271157
203.34686037970036 764.5222876377085
266.1954252141135 39.424641388068
763.0997362256028 735.2376158509759
54.29881140885655 588.4561872204664
308.08524091499345 292.3345500835065
395.8895924662866 234.04305292663702
944.8850663402776 535.6502180446212
897.3834480163838 47.60139616195847
261.14818722915766 682.9854958034542
376.80185809108394 709.5461550228233
35.20967889572466 715.1144685800451
858.8395782948422 704.9062059893755
890.421176951948 787.3601488890548
425.98268696114013 918.3320723950719
786.8657755174028 928.4652271017576
121.67240241705082 406.85988056860447
960.1962740435979 575.9554667169415
419.8932711828496 336.12004937989303
618.1870878720995 530.2842180208659
477.0941449245935 814.9045590869346
376.4111663942803 262.94029452176625
796.8658412889537 756.3418422973981
705.7987491647718 366.7899518530399
396.81619153873 412.9037822330886
791.935706541438 718.64886607919
532.2767570914027 345.1725804368945
561.3193009361609 364.65534137814774
305.7291573962419 724.5304337068039
589.5422827490215 868.2439984772147
803.4601557067417 305.4451512176046
276.87849946335706 477.05710238564495
888.6105456076036 887.6162996943764
483.834484941402 925.9145702205001
287.55053869457544 189.02222355824995
825.1400853291406 631.6612940883152
729.8839138396065 499.41936273434493
255.90736921739222 313.0093137996366
137.05109676395304 592.0350657011704
929.9600109932668 816.0109981146352
453.50958100427965 505.32676161015985
428.2259949048225 534.2803453259583
186.56016098173268 943.5623501072818
701.3858507836716 234.93925608021817
130.1270207760473 33.83111951193078
467.38937030466855 22.748638868532957
301.17839359618296 560.6916077966699
166.86489556563978 301.9818702081821
717.2743862387399 790.8877379388736
24.79141793167133 463.66823892628275
110.70283158777117 230.12364222043576
866.8971865981867 867.0651058392107
627.5514357967156 363.6407141948929
414.14325844270513 305.2327313607564
45.54412270887141 314.0133798241717
326.61461201397725 906.8030273448938
370.1571389567748 94.36910380146882
855.9819471727111 475.8525673380259
677.8847568974564 493.0106903637546
20.664639825683206 506.06642520011934
976.1323605484463 422.5618804794678
56.30280294006432 913.4695612664195
756.5212496940774 928.5256185906942
934.9398913548753 287.8490384526934
259.02999387578785 884.4860603056934
848.9102721828827 646.7395374932249
392.705834666412 489.0271865455438
144.03665860834502 742.645730411111
327.53155859916376 653.7540199538173
544.4662194187414 231.68748233077983
333.03717232315955 700.4859948070533
244.91301828565554 951.974719288867
900.6874960300935 290.432094066905
299.6567603899203 633.7198655587999
282.4105928955184 923.7305738531818
759.3673183586271 298.3732706112593
622.8360042972372 203.40806865342068
161.3946935749983 59.57516384623165
238.45497348675795 185.44155307216252
315.15869082933307 137.06600242669356
823.2589036440207 964.3010598312771
551.2107939590651 640.8521425299806
227.57394421191876 972.0743961920555
420.63241644952427 670.7884987604444
78.92155947655729 856.6257145935241
747.763930256311 51.576194500813806
349.23902512446256 426.37659601153103
93.01010456936883 404.5987611193881
313.5373810434083 845.662842610764
766.0078789818962 967.7541754816552
297.6468146122188 456.05379470821657
741.7638974675741 799.5413855321984
232.17298747542367 634.9544606680549
956.1104219462362 210.10957492361402
76.5618897718926 774.7727931421798
660.882075295792 580.9070212060287
570.8920543299412 173.18132635030324
71.07469645782042 537.8664762705473
777.6949230247674 578.2547094812036
786.210634523097 381.63469839987476
348.9410658343735 749.9439819867939
258.16869043950345 386.9360696634084
558.1271966435659 521.2415482842758
550.9223083839637 73.13201837377294
856.5331695962817 367.6648480733986
319.1408603059117 242.40090216664512
62.45828829673631 614.4387641301261
677.2650898768024 850.3703781264899
412.06900435256154 133.06154935813194
26.15853684037349 189.72695803607456
320.1906033098015 163.681233713896
455.7937471934277 154.11220138314215
160.15372414237984 17.159238286216947
