objects
940.0111163037074 446.5653664509519
157.07745638208473 578.8987238960028
186.5648444288619 698.9232488516479
514.1463599669967 276.3554767445987
159.57458695248192 406.8446700701144
116.27801886641265 776.6484732878301
735.1804825184072 235.6186267262154
785.1894377281634 307.68171297500896
389.08518584568964 66.32606907072814
133.55424829716378 363.3605608381324
116.81864113608744 67.51524362682976
512.5853440360333 242.933464728442
749.8860173108584 89.77657135440805
477.3673670899176 134.3418248366097
615.5043955771711 294.3450291547285
807.3822830387735 520.8851979996667
333.25895800092866 604.0129423696687
208.94307429076218 310.4682510741236
131.4983368579689 915.4129213202007
926.3794066916338 583.0061396773626
233.12507077290647 599.0717555516826
187.34369383955143 908.8835669407159
854.9465283583085 197.2696621822893
752.0414315553593 380.5966704885306
228.42673423503723 68.27591603462513
643.9588507466779 790.5772987232017
558.0220344929021 89.84497503921642
654.5839248439289 341.98031661141346
216.7836615989139 748.9096355404529
348.1107053460203 107.10841182070187
686.3294161582717 359.51422526516586
940.9066258082859 959.4035720430651
108.58350223889424 268.26797366102636
693.7233437993866 306.4076942129722
443.2362758727787 794.8898459556076
355.1023952010627 505.91851983920213
691.44063715134 828.541716183714
514.1489624607518 54.65081919935601
886.4524698239404 785.6505170817701
744.3019858514723 899.4795376807991
598.4031884543971 878.6574212848676
925.6873111929415 89.37466302868893
932.7157979320676 265.3071157485606
19.09376035225808 726.6425995506396
95.0251025139874 526.645067001367
815.1629532507898 615.2030225565658
211.32421498427317 830.4045107220065
493.11855696931883 372.8325903362179
825.1936515006291 485.9467082780881
372.25432920644596 564.6129470622224
302.1098704167366 577.5985531900978
590.3281425637539 29.009854870585826
843.566299957786 122.30387005162767
582.2109426410973 976.7288060824575
612.3207889057963 533.4723765073828
405.03097601797685 422.5539446807803
775.1229299111324 849.7408813779255
526.4990649748408 513.5352725106898
801.919750630581 48.974068490130264
881.5069958110355 261.09292543489374
418.71125431515077 819.375849223364
913.9991623663033 307.6725456390585
525.8159316424327 105.38903761304967
925.523328127426 154.10497358953754
516.396490729075 153.83437564909212
605.1035527461886 376.3068547085677
342.6150109016473 568.4760187725375
21.753938162316953 543.0347047282763
671.9188961623097 186.09425971523294
708.5234667753095 443.6840004238559
831.1084570253463 218.0510032472888
607.1317198396665 458.7777870592779
344.4487708430954 141.57981503907146
543.3807917170408 195.22706997688164
985.1025900779307 389.6312886467603
389.8825634036024 975.3379872205269
310.93795054815024 156.345564088043
223.23591238573846 468.5292164072186
62.38436405851115 950.909881288742
386.0798578432247 856.495910560629
464.699102749013 659.207348815118
89.05469080091873 632.5881643415195
329.10049349700927 867.8624074661919
621.0932268742271 936.5753766613852
575.6378599252162 817.1373559426733
773.9512413704635 978.1437718015388
804.6445347792779 379.37034773860887
20.35476873443204 38.51482650616459
705.7330871757171 915.47902531041
166.54829055594826 128.7977801767197
488.26987525696313 476.9131819707951
335.3679767940182 724.8417229654501
298.83620677448044 125.057658831738
664.9974984009991 883.4029843323215
160.55826066991622 893.9457358589306
852.6109512158159 414.6785564776079
662.9705275837807 409.8191484684717
926.158616893382 15.852191255611102
824.6425331401966 666.9981782073239
571.5080346117668 407.70618411191305
770.8692708103813 579.5012271615709
75.64036965820422 134.8156816770131
573.4370411284945 276.1527770369891
903.0251858831134 646.4990404509753
393.38865412919506 685.6023979965399
863.6883228310584 288.04964138690997
368.7473483765614 911.079981175705
654.2391833183032 733.3550968607532
757.7337593404525 731.457563988016
750.1189664821582 489.33173509040006
885.2767364918125 895.9096546227134
653.9848252104907 675.3468007448471
414.0770344569312 358.6978132517074
786.2455403927858 484.83877390761177
598.5963130661638 114.02738061875772
106.01779115121231 830.4072010959826
975.8401425178248 599.680777602152
656.4683376611348 370.8818248034779
76.83299547403328 356.5581080245779
609.169410473678 179.64473663902987
458.823783103041 742.5771837186064
427.60873201275086 205.45629693331526
220.21439071559004 376.83006886917707
522.0724517786409 463.6438547295116
374.3353834358072 744.0714974394119
249.92306705524385 325.058615280251
531.3299913372455 624.4662807534737
513.7521453926352 966.4636605009737
911.2761648229578 57.81737519112774
814.3061250077366 134.71791408413173
567.075342067783 671.2032185719365
585.4861692167717 849.359409612537
290.8563633870226 752.2143062728211
230.9499472343427 96.5311574426096
945.184409384388 227.55841572693492
803.2927367760066 936.7559265903768
121.87482809024986 229.2701689942166
796.8663594183394 787.5122140708581
700.746411049459 331.15353833256
15.221527762817622 639.4929189857249
509.6069747409452 576.8761068037899
236.9668299731498 499.55046269268496
160.8071396738478 859.7491870806965
414.8790583912646 762.1862217713189
824.0832732508386 978.8625256405122
444.15855565430314 330.3397631218845
574.4811184508924 65.5739170480317
890.0458158685866 92.74812132206571
489.4217073153498 98.31281832623878
131.54668075557066 815.1919121377416
977.1576872881991 506.1417405436921
856.112478944537 382.9779040300587
289.85158275725655 229.1327280103742
475.32501908499796 632.5139616030866
161.4052474921814 296.50938231177764
16.752705069228558 887.9808801293096
495.1595653707274 653.5933480304487
123.52786996337595 721.4051430597125
641.9464243969978 819.8680334513308
204.16941336429522 426.92498921937835
292.62477601056776 819.666348837646
631.8159319532601 31.04322296978105
254.13800991401428 899.75504126429
124.47433350281254 323.5410024594416
927.7444284023483 203.63921809972587
465.19337011774144 593.7744032756997
100.47528484144007 173.7580414632395
283.2699447861094 328.0340492306428
657.7857055240078 642.9186671948619
294.10641388329645 629.2979063408054
49.15755089930413 242.83540597569456
238.06886529310665 850.5947052096485
898.7817172149606 397.06786394970857
639.3316999090833 982.6690282102268
644.9578334998761 80.34594210486317
215.8253817594932 798.7617361062647
911.772638005934 117.37625155139017
896.9829486916759 143.40220126116466
416.05259315125676 304.2038367998576
108.15177662166164 478.76871919546426
