objects
881.1453245522735 751.5171305606925
297.78038277922485 201.9805654916277
693.8182631464877 339.72558990426785
857.0757687423787 729.7376622211005
915.9941590358475 855.3110966546554
748.1719969832211 122.94389209566567
390.19313697279574 826.8419104891012
482.9524353099027 691.0364191325095
459.07640317268374 26.65608986533052
828.194446143679 736.3439573630169
550.2145692889434 310.59108673504096
20.95317349198595 576.663134064202
18.817466698702795 517.7052819224283
107.09850884899521 434.7978490093104
392.6010939412815 155.0952902621162
959.5812432915457 917.4733379108774
722.3381139107192 726.5847229024679
472.9144647764456 62.36019032809752
314.38062441902406 559.9898467651734
640.009477000664 568.7709766567959
409.0093806827776 458.6024852896106
824.4482173279555 385.7088075924497
342.9206795536984 127.00914937817487
922.8592057629288 695.7728373194268
630.9930342165079 219.86720656437194
584.8943840407823 867.6557131594836
130.80776876669768 565.4854304770122
896.1854771830468 510.21976681166956
180.32510313335706 117.57285438781962
580.1998294880722 966.4119533014499
265.78531158097735 95.80474928562698
887.8355342683608 539.8335988194506
712.3865896247559 108.64674668881518
626.1199987911344 757.3263606464374
614.5739458551955 420.3748012510062
777.1438123105485 402.3132263430878
380.0976261383142 744.3424037784971
948.8473113540183 18.855996957474904
431.246602691439 613.2634563540025
588.3142289744285 190.55376571987466
101.16755882809585 957.7754354545075
813.9471840405147 811.8346099410663
271.7351731450816 909.546196543533
187.18100143974758 497.2140534868095
559.4407922039612 551.0627743748444
877.7249359465293 376.9392058675843
405.93867673108645 773.2918990658125
510.45952688410193 278.34147859156815
110.52925261978527 131.63387229246922
758.3717986487025 825.8926930041932
681.2250068806758 203.8053963615007
170.36544723079908 765.305933656321
74.90564325714215 977.5624636871484
795.2395125764368 916.8458697468379
395.0683523859741 592.8630562961887
862.5051127994794 126.31638970684818
624.4374876988325 973.3589871687004
672.4233586410589 163.01500193429933
846.5944680951117 844.3309431288837
218.16165234258062 37.32347615546067
218.227995196532 693.9873151409814
718.3960491605795 65.70765967548692
647.7454539368593 74.3042103032783
213.18400674955456 646.4783416493267
430.04844344852324 937.7287333942598
356.6357275734078 982.1280408551298
394.29118817847535 264.3367611240933
299.6091399811711 262.7052868810375
915.6859973794827 204.16777977097422
934.9303281366391 329.5521992203663
420.08122872207974 87.34935017806734
351.287027589697 892.4115475025455
356.2115733622368 468.47639437917843
965.119484992356 302.1826619677643
39.59909296656924 171.90953410454972
797.0937947085827 718.0781963737076
408.8512652404904 180.27664665706956
469.1335723100338 442.88474966548335
823.3329995088544 698.429619685299
503.92695501424663 470.7662160501307
58.13944752469732 135.55515329834464
868.24755465187 946.2178580268545
679.2033171241941 451.16537133429387
419.5971202129393 399.7924156803472
648.1785953393589 343.91654341953347
356.04233320221726 196.3173446140626
940.9661655521166 157.76546678239163
413.86577548814336 864.2832320264358
720.4493288538929 854.0545629252225
27.73709835612341 678.9619459949595
889.5872302955834 789.0203589655883
651.6624360714693 133.88095054875205
574.5346729439831 738.2161586406888
198.649705652281 810.9622549811307
772.6777197322119 691.1048313826726
66.47639415563869 670.7676096978059
703.0593831073996 470.698625549925
211.28648037578427 426.1084590231284
773.9766158874228 162.31672903999637
709.5812492883653 577.263427985955
590.1154642652543 125.40229769013395
247.78928432701906 227.92451224380383
176.03629691918627 387.4840401098169
470.42538596964823 760.02110324656
176.79875586796547 853.3041731767732
147.37983044827382 541.3775714294156
268.01447265849663 420.6007471345937
307.04049651192895 663.8443111211576
44.28036521830291 66.82443876319543
227.33735544057862 299.5081089447329
837.0961823812163 117.80648088066319
529.0562338315677 799.69731613026
567.1285720231874 150.50225181733154
721.2545554317896 646.3853423300839
838.3685791986976 177.16998643413663
17.77163063155833 405.79018078608624
912.0447265472161 735.8817488799664
533.0771124757172 560.9194237366773
89.31801264802688 474.60552025782926
513.3913191856711 899.6773532222805
918.3199791600024 621.1641654862326
741.3673598789204 20.356586984583664
16.26196824856594 471.25087325910664
522.8795852933789 42.10735704084372
145.758134108203 610.6884866639501
215.7530840058962 259.09189072271846
978.921004394735 893.0337888140249
402.61467108675026 621.8918210874567
743.778580467624 232.96146215821878
857.0203986312198 318.49489224415817
325.1108668820937 712.3438240367071
444.9356421052651 366.1073945473592
35.576676143034526 931.5031465693708
668.61948725996 836.0704460202912
69.81088146591709 845.9208107098342
334.89315592983354 249.3482499201933
924.4475378549597 492.6326274901345
385.9383505421212 671.3992348964181
651.5217882646799 482.7358729638971
232.28230351686412 722.7506570039619
939.9208185396432 380.5590738796219
698.6315570620203 273.390721768933
957.9236133797277 764.7426286684696
870.9833501646184 239.67606246380277
542.4354572645557 418.81273428689565
387.48938695570274 480.3936780475229
134.16995546899528 180.72616508723078
170.42737306500766 419.75972062332715
750.7695830004336 394.16651773134976
187.670037731015 251.65381618235315
818.3037325146047 245.8866500360684
16.934677352582206 432.3379819036708
533.7028950722921 443.4814219984021
254.90027085914 949.1084790373623
710.9621717015688 882.3644204312071
294.27533113490136 167.67848513582985
545.2026979695224 170.97327063631553
80.54715713183053 913.9289827499005
650.5644265918357 444.0931122444384
825.3107679885582 484.89985877242026
599.1636784249589 896.0432615040869
536.2483474957048 753.0046928340029
757.9857569081682 934.1431508728916
821.0499441680222 201.08220917364685
740.5665314443428 562.0489615981129
574.1209539280118 927.6711088410866
142.50892332242736 834.9991490100542
107.46799397874989 237.31311588742898
835.4834353893621 963.4452813138709
237.9271852075638 894.4640816156109
24.73847849342355 307.74671831152716
71.3354251206379 776.6721393199064
244.3197946030745 550.844073102907
26.751144568968336 732.5325427558901
609.6361407201832 474.561615002657
898.205495404081 441.17225555050425
359.2396593315495 336.84029784055633
843.5091877057959 927.291488522668
596.430430079938 44.298528740821844
158.86599044922087 308.9519324922066
