objects
866.1183266902286 704.0046636777581
240.3798013040796 706.1665821023424
352.7827666761597 243.78086041808405
153.27034365234846 941.5399492990628
918.0383777374393 537.7581755186822
671.642880513746 654.7668062936663
443.9063271732839 81.72307622736588
180.92580294235773 638.1068000496313
76.5515521924032 894.71833174961
252.22031987959036 834.150501761805
467.56688070444335 369.69706245665844
861.3042028674939 917.6050973181027
575.4085493889625 412.20762716647334
634.0054505174012 483.6880066517906
36.667437577759124 771.8960210608846
340.47910305621866 688.2699627903693
502.38369831799275 809.333262587773
697.4652236957082 533.9504652111133
574.3670210014726 843.8407596648126
707.9038564759843 670.3678674443266
248.85027653505654 262.50466628167567
563.0898610685908 164.65125169352024
188.7479743366349 437.1245267800372
143.99896101816404 64.19066638526084
913.5144958437288 611.9397450036702
330.28275985760087 915.0232501436145
229.72319305924628 966.7116752840101
883.4044844828057 84.01076766043793
208.6886693926665 887.0156292642305
193.83620546208613 694.0859385991272
649.5364956455923 73.31438165912438
151.9921002366441 833.6341435603459
272.7058535164696 41.03865744095883
936.9975810707876 667.1069226797591
655.6386861970232 293.62740602452715
216.36883721706823 30.71373429492813
567.86313393604 44.07231472259039
238.87636122353013 116.448648250428
815.9181387332983 449.02811209789843
716.2055523986969 251.06996448153114
919.8711610903556 490.71762954449287
466.6522407255666 592.0091038549593
76.3865700039402 451.73439090865554
77.8204496257278 546.0655904750622
960.7490521368145 523.8906886137586
866.061860498479 249.72862277076229
505.5787237164369 336.30461997649263
237.2143466251028 192.98007698373522
153.517570234193 610.7653313785214
887.8152859666308 455.16064570276274
331.7070813666248 159.10272803260176
62.380629283280335 141.3657748731324
730.3427440861191 908.9704114002957
495.51676181520463 914.5256253507491
419.1212614962772 752.9750291140211
331.85757357673015 386.72954851268776
616.8323472175925 913.9628945823493
673.0695247441623 722.0877310968523
513.08768412431 31.099876197662397
923.8393347612042 411.25506507722173
823.9045596057548 26.734205640787973
430.9102817883495 954.4511215763408
313.20737173105397 752.0633005474486
921.3704547304642 936.7607258207163
376.3567768212471 183.3093036711682
696.8742862478617 381.972682083805
124.42137489329467 792.3673462287944
440.84511801222095 266.318399446073
107.47046775371112 122.74226979069923
744.7370570126438 491.94273273479024
633.1735288457444 256.2923700339164
204.95003642078984 272.83928685830404
472.99277208336787 172.69757835958336
559.5075978223838 934.6701396784133
815.7112349918939 696.6477616514208
559.1981285035722 508.44712020980484
441.6823283388675 483.17804684956366
649.5658525719339 866.8826741243103
93.55678944543965 510.82501522473007
711.9418187376122 968.731886535004
792.9571258355405 68.77424778088499
596.0740670773265 748.6186451887721
798.3633017738549 813.1291992388531
253.9381771692543 669.0063390223381
239.7416372382986 524.882373299787
263.1883663431976 619.5901229088986
195.34250190314145 810.1220080521905
814.9947204729486 893.0290550072209
600.0740224875032 644.9004171241683
422.0577796077925 356.9452117286366
516.2092085012134 403.1990862779566
649.9849633502537 688.5832735567168
380.55791009502326 877.5207255355722
969.8548129421482 181.8720240766874
520.2287285946836 168.2846957605518
344.5943781108366 531.8800674848154
913.5913122286806 31.832846364186878
786.9754990944409 352.95227767846285
109.57576549725523 408.0295128052093
616.6314659977844 204.0155117526242
282.750635196483 284.9392549866157
388.95179480833514 36.43687578013074
91.15445958038862 933.7964772721709
459.02004873250274 441.1879627990893
586.6729933728222 554.1840623597598
109.26050581420054 625.8545844216486
143.5633378847046 178.3073061787809
132.37413564149222 546.4583956199745
116.40032574364018 255.7629176387179
877.2349082048962 773.692408381437
65.8456024143248 586.8378761565157
153.53843707593933 879.3729935489488
554.1859224814756 603.1480994298089
130.26083626556587 306.9625439608498
919.9923394218588 839.6519604129758
524.9475407261057 217.9249709112575
574.0422757660804 701.3000448542253
55.08090118122778 345.45377248059634
277.6405784419261 896.973194346184
55.47512890013832 415.92468634928537
464.71341600420004 665.7786033255425
373.5336724400469 566.6640718169356
953.994649701034 261.22081211358125
87.26946395538376 776.8105503691253
949.1119704523305 221.3230746569336
444.74154859873335 226.51395939287443
791.464503382495 549.5906391279548
648.3405532782086 582.1283558331969
288.9892488753884 510.17503386475795
589.6516590293987 92.44387046797483
144.70706525410282 691.0031387295579
356.81247600325423 769.9574857502089
963.8144185220387 922.7958195478591
833.9482620760393 581.0338681921402
211.8245119137162 498.00613736370974
437.7452160469494 797.5140561943734
836.9459151344068 838.2947283919084
27.733197767219032 889.6974615916148
609.4190920024131 384.88961369655306
636.27350217204 735.6272257840391
802.2447643032792 125.94096998675272
590.4125106557635 260.3576516333141
450.7634007026078 870.6750867346366
232.41840058206344 925.6209052649818
193.6459196390271 170.68637693302588
24.707281269567254 540.5655940632114
82.98311164663056 28.01708412978649
742.426290719314 589.302709421367
848.6642116012575 316.51988403686084
296.43462367148885 576.0600931137652
328.7191086757572 450.2156997768858
109.27825137239257 668.585734143396
557.1677297683788 887.9752401148044
848.1481603143665 126.9658148436381
761.6370162087155 652.7460772521642
635.445022450469 953.4287791348825
835.5413162507899 183.71393480557703
559.1104740725355 769.307359621304
460.4575995088119 712.6162578884498
83.09655289228448 72.14218510929369
47.96698030678804 650.0229787706415
954.4800098881984 868.0747814534528
669.8475639008931 110.93569607964602
70.18123736355703 203.98249700866518
499.9416705771919 649.1222789712633
