objects
524.558639853736 598.9559865772197
624.3108324044695 340.9767624262852
197.5046616396482 63.80539693585517
450.35018492383165 584.8442377861656
103.72784833585757 450.12532479509684
463.8644492259211 464.26987348277254
150.94313062545132 551.4999648079481
407.24147251380145 509.7195665897478
712.7002627845114 261.0140194652574
920.1455492839203 534.384596879368
129.48947869457757 414.29538889919115
160.9526276519028 941.9222736036197
576.0540272810578 805.5507883133586
772.6869606167302 609.9521607602512
70.94303347659789 797.1660014920882
253.09699492712514 634.071182016368
719.2064893389039 793.4095509551931
199.66469187251892 177.85481406432325
274.9349690161087 732.0713305167653
771.199825724106 449.5317667578013
392.6789814766571 399.45704977131953
98.34308836845474 306.9126596314401
659.159422142748 962.4640812924358
306.6759492097241 145.58688340083216
507.5052853483438 427.5047122854413
304.4105920378268 827.1329259235329
303.92060537056665 575.5592247713645
669.341383576591 250.889818436704
467.79296995848216 782.8144939635131
105.9738174100802 226.0476817211029
345.46856592334996 560.3613297882756
922.5747381795821 286.76845558487656
690.4089953419482 822.2732347622084
713.3526611642143 558.138801520878
317.778931300409 342.00415881965563
509.3965747854487 553.4424575937329
852.6570819681783 672.3619972175221
795.2844491444323 393.86353098420335
807.8882714390766 223.8974598468498
759.8936013178218 654.9610112866167
296.5205288269959 100.00017870191705
459.16690619953226 185.42422078381486
749.9885828835695 340.45517360348543
852.2661793363245 817.4903818113813
631.3386773047558 710.4226998001092
459.28506599365795 364.4242936110444
671.399945123722 431.0807864178434
62.23339238016608 668.0590259236611
677.6379387603494 168.02417871818932
541.5165079711084 752.79608299288
505.42706265606034 801.1827047979949
126.74073885254842 686.6554081205858
449.9396309327168 894.903988073635
479.90525274957224 301.2227304812055
71.49162891647318 565.483188243709
974.7039036915504 867.8468117992977
911.5612221295651 938.0519927183133
697.2879132222806 876.206166890838
391.7933232610293 680.6225129005304
189.51114813214053 522.5361485638662
672.7571049429521 699.4543214138286
240.17700290888843 58.55295982617177
308.3639378409171 690.1059117084038
196.14583144110804 334.61411098976015
114.13794526886302 514.8480392883441
638.9422945991435 183.47778637751816
46.3934620060006 469.07160560134383
239.12922458920048 870.8563287556639
47.50554920245867 76.49936540066689
39.857792372501464 121.20500367572089
929.4864817867931 102.22213330064571
750.8291684074526 97.11655380552261
389.7391044825671 142.0215377939214
170.64372138369043 244.49535871120474
305.91185906778367 892.8131646880578
261.5283990520174 674.9871306747139
115.38556503262978 959.4152495154369
209.61948380296843 846.6082175918613
800.5105389451828 158.99611520092395
162.30706589670183 882.1485822297138
723.4564530756685 611.0092430903494
248.51579066403934 928.9374169554244
328.1580305618687 22.597578146810363
862.3167100613159 725.3741119828026
826.7482854283936 914.064419642821
388.3905882320283 340.44095735815455
398.40645100370307 459.9049777285846
33.945783302838066 614.4202947550622
151.15086489339404 826.0296323171465
600.9023857715583 89.11047316720588
554.329239485861 540.8381731793204
387.65378625833296 29.142295460126398
791.1733024696922 95.06042755038489
266.9265047848189 426.09866793162246
600.0365444561671 532.3186061834768
174.1817402175468 392.84064043110607
450.48132185687894 736.704796156685
231.63978493011047 538.2821515207502
502.0940779165645 196.9023150317484
205.23500080083022 109.54933047829833
536.1434167152946 249.7253421202028
408.80731014508143 180.33431083335694
691.3871589914011 336.15734409764747
801.6558282386923 709.7922233122747
320.6798754881072 278.8569972216605
652.8128969567495 633.3639639943586
329.0745181036735 473.1236220137527
531.4140138881297 699.0708248826384
437.6867799560997 302.06861376322655
971.512332665801 684.0942631350526
635.9893676473768 453.43075416761917
600.0960222098009 869.2863427459807
308.93307579382025 752.183695949938
274.10992549613167 257.6814950215571
786.7436617004389 899.6932698506316
743.0753285118521 880.6743802466659
497.4852589016609 725.0152071838482
614.6188617848088 628.314896089961
503.7840766185356 843.8336794567805
269.3083868706051 365.9805524351317
173.39802242071187 302.0719818677529
509.2626799124627 925.5867288085203
465.3105816303873 45.59457039068349
612.5641117066717 823.7133415523053
971.7814343513433 316.6112711189633
25.28723215294781 916.9698109664635
109.2753830888663 187.12531439688257
632.0150699895081 918.2084863411995
363.02493176655815 107.1500520828848
513.1641940445729 105.77816420612552
533.2991629986894 328.9788047653
225.27623089630106 432.97970190513166
354.35331813014807 872.717781456553
359.4406477320571 935.6331571273105
267.7003525829164 519.4201691810082
332.5960191200885 419.0488248714701
838.6743716290221 146.38364700818732
761.174956677494 502.82992250684237
193.39882352403305 685.6311118736277
641.6185234512791 849.1774658138135
190.423028759212 808.37798465815
979.5199346710523 110.7605551776156
578.5363877138772 667.1621506474218
836.6174476636346 340.8170973356239
890.5196879795132 124.62554967799404
220.8883228743578 584.3543050124729
729.1216350316187 147.22459197190108
556.8879246227491 858.5367060455928
611.0770817361314 384.13294148045526
52.14647170032131 179.7280486517148
918.1260321550462 57.03334892753342
562.0790217736277 391.48357792342875
858.0528719415818 425.812818742503
958.182039413338 232.57037326923364
926.7182471906348 152.2238105537857
620.1643953678962 966.5845938328366
957.3125940819757 722.9396598416273
259.40799169232145 813.9573689684844
804.8064188286743 284.44705098959446
417.2102232790704 960.758537746482
424.6870095283212 266.1107177708976
134.10272601699086 619.4857829661524
77.51025288803424 918.5027191896638
784.743679646358 768.7826926706177
102.71604050032907 734.395741854614
