objects
339.45409134681006 886.2980888889235
506.23144629551217 38.59924920279923
770.5065630469084 126.015500468163
633.4417656622844 420.17335648199014
317.34143484334913 371.50222625542176
844.8638300504141 583.2565561065464
408.22435387504976 138.63321405772558
715.9273493447612 815.0778018466573
684.6920724226079 874.6083104864499
149.0639053253072 292.8409246652276
774.4272181091594 254.7701244515577
317.8540911070276 488.31584778628667
680.6805238499212 35.135847721400665
820.9177601682131 782.9384950265345
531.5634787101402 519.8334462770063
824.4037924508847 407.83087699992706
555.9389071421492 769.3271178665171
304.458609769316 675.0679932780268
347.538467749378 575.195344184929
504.5275362940694 944.3320575731337
597.5358266069246 766.2107427400462
215.82786901773727 42.39517697207729
50.95166086114544 257.51463545562797
612.1593533957844 61.223635088260714
675.262428319441 80.88601050942178
670.6789738414092 437.4737426020217
179.53763724881674 358.64554312180263
112.61246033873972 95.88380969668161
297.7231518959534 543.3918330735358
557.5730466970443 729.0114425088527
528.8457372679699 606.4196124120315
968.238438830124 210.97508750044324
634.5195592062437 547.1514337746133
54.38415723079578 836.9017500906326
177.14969443097044 871.6359044998076
964.2081724247008 506.86567441375706
553.4382627199996 120.68738224599595
260.74331764775854 567.8251720480947
822.7567209298664 723.4057018395729
870.3847968325384 406.71324537102004
479.5081675340455 381.2528936915021
766.425085517285 312.26564311644825
187.69140021464307 472.24249840229146
791.2339101873805 649.0323662240288
251.87922859811147 940.4206089273707
735.0777340075854 350.7611736642897
846.6945774793963 913.5039302492163
567.8825367788498 180.0650784081247
159.47145156295522 182.01264500264284
84.78820869627775 935.6990844800561
513.8705994905731 887.5447557360599
276.81743791965187 849.4330068643558
521.0575331698775 357.60941571403964
435.35896309405985 430.3416693342523
131.28749574537562 848.4809971143753
474.409957010578 606.5243296370006
366.72947750781077 469.8465136087178
777.8769055899068 47.31955870842545
857.0600375355385 226.19891994315685
725.7927620194373 585.2224083182002
443.7215033187055 665.7940323517729
133.4359848068916 757.980219949634
121.85294193131739 232.83953044310942
398.9332890581986 872.661688680738
317.6526636382469 70.4597763307909
655.2125026719632 682.5630332738352
681.1900072305614 335.6068527644986
971.8391398063735 892.6584104011042
976.047609396705 769.0923575766321
624.6670918398194 284.41351811916593
802.1186238987881 843.9937056911847
441.53146288054637 113.07574367455999
701.2212875654512 128.93192800995422
738.714528439826 955.224463706149
41.95898726471077 214.8198314744078
236.86268232974186 168.38065414153124
495.36120134199405 117.24684179100365
278.36787983975853 140.25176197718625
507.22966162592274 233.36748131465203
666.8872033250793 598.8016213937186
571.1258660635574 259.6835458789629
851.2455645701139 806.625515376378
24.722957186572803 963.1401436049977
120.83053454609869 804.0328819501685
897.6066869136855 267.7247201731737
965.1617897284644 632.9962152552624
962.7709781231346 37.735113917896946
920.156295103665 404.1257996703997
641.114801455586 248.3991384039217
226.27871854517377 905.1775059842021
363.95254025498747 149.65236957925384
308.2179902793907 632.9020750463711
931.7132744558129 947.9531919357561
825.7396601467163 337.5928451161607
41.7140766261884 367.71069636129937
138.92484253952057 707.167232485682
390.3331381911662 551.7040970053355
71.06538713725521 720.2009114985639
113.90471712557847 491.6943604515781
485.3031255906418 462.8083432543446
754.9298893144552 447.85229712721025
158.03184297038825 930.6858733743835
559.0042110752441 911.7601961563778
237.99460226351567 781.5803127742686
754.6153267336273 851.2200537797157
944.637637969125 584.5668542896253
821.712866772794 49.69606020869581
128.34270797458925 384.79542064535985
558.7892024107587 645.1801546083702
951.3650818004575 379.7157919735404
513.7093323994577 425.41223015060103
861.894884666491 702.5136737128015
655.4631407067709 769.6758121630226
219.56697525092972 645.8206607778793
119.43789970617368 655.3708946502916
45.81082789365482 296.56945198959335
319.68396394175466 184.29894131379092
65.04666985905484 672.5483315330773
35.58056529501841 98.32947636433144
130.25219583797656 598.3269264699422
875.8144156434404 848.5160759908267
376.5156247338475 788.9084960592427
655.5169280145806 385.46580260585137
965.4747648026467 462.54465300902916
50.6136695694291 50.806377360259376
481.3294561843122 754.316340687674
32.642092126619204 542.9811982641696
275.3420857983127 201.9465599779757
590.4594180021543 381.70246990632165
28.1813583887621 595.7559330494108
152.87496304309315 117.55406909281132
452.81473143345966 240.2181365691835
927.9205946431078 876.2999312494414
977.4678577746871 942.1108798772415
890.1286820071967 118.3998348251545
356.00798875746375 283.27408459654066
217.32552696682 281.6643653192101
100.58923440076275 431.6126545868228
60.44926130286096 572.6881151694979
792.9667970501537 945.8805025507565
756.1542517504859 683.8119478920751
625.0982320425487 941.587374012513
208.8598794006595 703.7520743578718
662.2332881593851 138.896312639472
449.702052100929 724.6478075091039
826.789757023718 114.11211970260392
207.838802036789 240.48282559216858
318.15448598557555 125.93111522760681
310.85977728679677 726.3469122359313
428.9206136003466 187.2281980674664
545.3298326578047 556.1270190152266
595.5890844613409 544.1742795580647
434.95275654286655 291.88189562980904
775.287258619453 526.7737827302684
698.2608813746306 263.45719198700493
406.6618052189982 242.4213512663785
963.9348115971189 696.1313074598488
710.6168024729982 631.9974200716787
781.7134620636978 719.856711485768
575.1600807699882 450.2078025848051
30.31513290482554 773.5256269313279
782.4900689980939 567.8312298513522
134.52204728795536 345.66750129759845
289.5748145238762 271.21392835934284
966.6806110929189 289.21907906732037
