objects
589.1357137025992 508.1866740400413
291.3428779516488 260.3412436149268
518.6458977049444 740.0789013157456
107.13858615418718 903.2529724521918
78.63628707691626 828.0568577201883
831.6748756308082 740.9941290208344
487.7185060369648 175.4033472628555
432.8191673189632 518.8557602465501
398.4206881411028 455.20541577836997
638.3383540675477 899.9782519059848
978.9679424378688 411.223925452079
450.97624671980964 671.6906588033934
643.7444363443327 575.836530448264
61.436201612462604 709.9224644602152
579.9015132198842 569.5050234720908
322.6908135742369 746.1453527670611
371.786302416687 380.5968369709981
880.2289772050475 321.71771165373764
914.8840203832417 968.7747711975122
657.5746681799044 79.14722554423945
682.0893731325503 971.2757394697034
682.8656243788174 300.8211573588833
892.9132392768839 159.695422873977
56.87338650407108 881.0262020117456
151.0365637446689 500.95331587144466
560.9048609823861 654.5654120420986
230.14539731263494 106.0131747332145
873.0285721084977 786.3806626777238
548.9072829473805 420.25645056079566
774.22904683271 169.68439674024683
593.3774659233711 939.1345270114841
811.6469740153291 282.94788417744775
264.774064269943 196.39952252431289
431.5980207345257 840.177117801438
450.3982220595608 772.1123771836668
382.89936955436144 79.53023434790587
90.70049748247254 975.9643461093883
316.42236053897284 114.87934713903721
698.9767301009343 706.9985205509035
600.3606833776137 81.08852116923666
688.5451987515389 856.3545205968278
294.6114658624943 974.9669027822972
280.48548302758394 829.9725786141762
379.5933495811038 200.37302219218793
790.9129816307945 626.3174569417721
288.5931970819852 303.45813262234293
748.190282257174 201.38267293366084
643.4239683118446 122.11951090304143
708.2979432272879 651.6330478522698
872.8695712070014 932.2962940937185
885.9031296985487 90.62189421961227
757.3915689791321 558.4964127411198
24.903925853717382 431.2311668472963
666.0258745194192 361.54424011327865
128.6549638886413 409.7280128888639
823.0429632056567 126.22492212761809
889.1145151400705 625.7435623089921
967.0111696154034 458.7431275443524
746.0359889756027 701.9032685015469
490.05738735519463 875.072833157153
333.95044542022237 924.9902544330356
351.3003152573966 771.3590581590497
712.2168555584828 76.00269953616922
714.3319291625797 807.1351990667501
98.16704477213437 474.769940360046
195.6253182030257 436.0814064789413
452.57591664303186 357.742159738278
25.375433287009614 366.0469244966724
34.04330121060679 197.4455617089863
246.4586907751655 884.3821857782099
159.82216291128958 974.9354339151004
517.5898321050585 950.0672115878222
760.1978826142649 832.8014140653395
906.1385263700495 763.8885729262358
942.3174761022418 917.2703887628686
695.3437132441702 572.9567255326882
239.64584454065323 319.180928928926
651.1807523007373 773.7417139576964
384.850085580873 542.7097245065628
933.0706628302937 626.0761017187793
183.14439701299608 759.336351065013
229.49904074534106 841.2478699422452
583.9671835715401 347.16669658432465
268.02986426237976 512.2704727340875
639.3384838783065 643.6961376708958
374.8700678786344 267.6958966521396
397.1734820948466 726.3440402338747
289.27207712689 713.170378821595
555.4971795828476 881.9294461350919
967.1942531507185 787.4931962513508
554.5045536589124 959.3710022784187
179.81680386018877 839.9531289252059
925.3249623137771 266.31808075484497
195.23717809290736 306.0147066752382
519.0677648187083 381.25508935907044
666.5906947023958 210.9663809940542
690.7037200987104 927.8456066294876
652.3567202136301 720.475413118881
960.9400349943675 223.42780143796466
895.3341596168889 427.22941482234387
435.42486816124995 265.4361173834564
955.3443852119425 824.755148798747
606.1437863062896 156.37162075777724
761.1878008279576 500.37027479201544
80.23794855838361 439.73060076817495
148.09516363344676 331.48994664540777
973.92632514176 555.566256458478
328.967909683816 666.642414424727
507.78812613861123 234.5122000134483
702.720361323383 479.4510016125102
816.8290859743491 839.8881517891967
233.52826001273763 279.3737776042815
124.92017262020666 847.3285170818123
249.52464501761625 924.8352018004166
87.83000787263678 78.52655550828501
707.2790542736108 251.3866061203068
608.5421193216819 40.059498701814135
376.0437893190892 596.2630950657625
856.9840424272272 406.84730602596505
171.43275874656268 249.05916443253744
527.388359374101 785.6049601581724
306.85270440160724 606.6997364819993
354.04912315584335 634.946943215267
134.56819957823365 161.43471838888968
976.2878250661391 280.9080340234518
119.82696847062425 535.1967067897137
598.4707767523458 663.7060475793937
112.85356589361068 722.1595964185539
602.6899217348177 812.2646120947079
624.2812723732962 417.18630625755617
50.44788229577541 607.130761636329
476.37396469159876 549.3235737978165
941.6767157748886 584.4122217010265
496.7354779793436 812.3478827665559
570.4594498723793 122.06501995597326
862.2508333555455 691.6888077038956
75.26429260795415 536.8690661866547
839.9712407892416 535.9035967117622
432.6803879188232 412.2581816108944
270.2674226546931 376.12887804744173
608.6153682991462 200.1687529279792
974.0654278580638 699.7855509368993
496.00746095763617 631.7770968435569
594.847744523624 766.0890555841651
671.1272193324705 404.55899979957735
517.2687106922759 534.6539743974989
371.00073224601783 489.6257417236461
233.20150147979666 739.7918809670929
206.95560841218338 662.8379352888803
449.2294526496167 473.0456913866037
810.0515992081362 398.8372983613707
666.5233851812043 466.9035046267897
185.94330964613602 169.0245003108567
42.96307682887322 769.1414384578582
330.1324061952178 557.6219408310097
930.3454138026538 530.6657585127822
292.33296405150037 567.8920552993613
76.77329238983756 746.8665024620351
83.31599706315197 166.95089748313364
528.3389215687778 181.46681169400244
71.94586674260941 205.90105178394316
646.2649433475574 163.91151753420814
458.4676632867357 146.26436190080605
766.6614932397198 662.4973944512949
128.42934948541864 766.2018419533657
