93.7486 962.289
514.13 440.44
675.526 94.622
386.755 687.241
444.017 196.68
589.835 887.412
131.368 330.434
257.764 807.092
528.972 183.217
38.0148 185.546
38.8113 99.2428
741.268 727.15
687.515 253.33
633.73 961.36
760.252 491.42
515.586 97.9737
94.7305 250.056
38.0012 542.922
44.8543 320.137
179.719 960.023
843.866 471.219
821.018 695.802
906.959 325.227
906.882 38.0003
525.603 582.788
341.87 436.763
846.824 248.629
606.94 554.354
906.954 835.484
469.671 710.063
117.569 152.854
358.038 38.0101
443.569 47.0738
354.038 294.66
906.902 181.576
255.906 435.191
655.55 734.109
280.428 250.18
583.521 45.0641
292.469 97.6971
801.979 855.394
371.97 517.323
578.065 696.8
819.473 553.471
837.158 961.999
595.349 469.308
514.465 328.667
169.907 435.389
905.474 411.214
183.178 657.824
40.645 869.472
213.862 38.424
213.034 360.25
98.3887 739.748
225.013 184.407
395.848 369.813
368.298 603.245
107.801 47.5277
284.785 516.839
682.183 596.722
907.044 605.719
427.57 450.238
596.592 130.065
774.031 300.339
126.417 875.748
445.78 861.639
374.287 124.19
456.852 531.137
623.429 310.71
322.496 744.396
439.824 285.949
463.369 945.821
641.972 819.031
451.25 625.952
830.716 365.014
608.778 217.254
764.44 214.876
760.097 635.101
175.418 782.168
825.406 154.239
164.485 573.898
531.759 824.279
96.0541 479.456
579.676 384.748
398.394 788.49
665.723 386.663
547.728 961.995
358.875 208.8
841.909 779.226
198.231 275.527
761.502 96.6871
906.946 691.745
214.24 881.268
265.105 961.492
299.104 360.842
239.175 723.096
300.331 883.06
674.897 501.931
733.708 907.691
727.699 812.074
