objects
656.856422485528 329.38774522318306
938.7947897074976 708.7938275324468
880.5294326166284 231.24577758403058
968.5321886333469 585.1372009040541
340.29601357479385 294.651791794946
286.35556132778004 803.6309651905904
454.4842687724298 493.95047511872997
467.26220689587353 360.41884674390917
560.3276651560047 102.45154050077215
796.2383043223044 689.1312928718285
708.5908744576577 962.5263755302428
326.03563781736307 475.0625041106572
887.2537362208 330.03009310075277
221.87922401019105 44.65685760496169
619.9313871586652 833.0396138822455
61.57393676268848 549.4673371587282
566.6878354090376 565.8106517159874
590.1717710314596 980.119326479073
184.4393496439996 457.82648369749467
161.5421179570239 123.89059158746532
751.8377439706952 488.53742109735833
53.43004642301423 109.71956634316491
801.4417765890973 530.1209430300734
19.86528584955157 924.4158213764753
65.30561813958975 72.50737711542399
926.4969003438835 528.8401390118034
854.7802817872126 104.13228737699245
587.9560601009774 798.1985077060156
422.94153106671183 603.0984722679477
29.3522871599435 290.1278815448841
149.29374588491828 449.8436948253291
888.7627426942655 972.3496230516578
735.8545182475623 353.98040990073815
852.354397541514 403.6306882356756
153.4438143139787 365.90498312892885
858.6786658950246 919.519563890724
104.26861936581425 799.7676428049548
780.5453222675433 725.5588276009169
689.1914914154537 635.0062280597621
790.2493016579131 615.665168297849
272.39901596709626 52.22776593436752
530.0163186169634 168.5254252867941
188.0782235542286 590.6014952467011
546.2770312424532 31.131387977387043
661.763281432503 577.2779025591725
486.1899568030317 744.0862950957542
380.26741685097943 168.93711227742935
162.3154993179425 743.5204315336036
585.2531062301417 42.406854925067805
723.8005004909847 786.3224636545351
316.5468473269902 210.65468733463783
324.76337135772695 559.6747464531023
661.3172427728576 902.6419209619332
725.7194011104858 145.42405079664428
761.2053754375299 310.4505862926377
636.2911964420472 206.28775697751283
136.82966310284516 971.4550871014956
423.4998496528298 777.9724372363245
321.922688107652 839.3456280362899
243.78539019119873 265.00658503043314
658.90605571469 180.8809460538262
340.6092584981677 709.0393939617369
368.89426043668516 227.41191970001796
650.7324644884833 441.03543569566483
207.60292510185013 283.7949479171136
184.02518195091488 547.3464298762134
658.2510538991642 251.3973872366293
835.7596687757961 61.67580176369611
866.1880926338468 820.7489634751937
922.3406687678414 661.6451330410891
717.852398907742 417.39128441815325
704.2596862740306 848.2991514086247
517.4660425554245 293.79660131275983
936.103051221329 264.08106352122326
923.9252896440836 927.7866917982128
477.27935393424 220.86620267645316
191.354253977566 137.07306301792343
281.3145695507698 538.4356680879048
842.9968391903095 195.50174323487985
975.0674406151003 93.88599772506016
55.07554809671056 400.07407634553147
225.6493387662018 146.46813742150016
338.9045818663027 656.100119128529
480.20837058565235 94.78493842301974
738.830555350072 553.6412810352662
541.9656950104352 594.4474813055324
194.68457170354887 678.3004229724975
556.5603367649007 143.61871093000335
822.270355577969 878.3522590908591
566.1617378449604 198.18976467307147
236.77978900927098 95.5624713690759
280.5353802912308 441.7819482424963
443.5879188870339 816.2466327830496
774.3200836726082 838.2362131426427
126.46535565515123 712.5844026190824
278.9298375774665 631.0659657348297
270.5394496584528 84.11599277751273
374.54741566671026 430.2606810519893
568.8426124519299 511.03206737452456
306.7335271847166 352.02375460214483
622.999603182046 377.97676169895306
793.6067311546194 428.1016675215703
470.39770334708004 175.5152349715316
708.0362008004571 192.08144720894
976.1568682203496 861.283275002566
746.4790603495366 83.44954120766323
138.05920760587554 862.3952194557357
919.1843329346032 802.7715221242664
18.239234483036622 411.433664714195
548.3272893783571 247.47727391484807
800.7230498775394 48.2001954148929
190.99350426394858 851.7694835668358
205.54890331005012 773.0612006404505
660.4501601268191 112.35264406870033
534.0759159811117 452.1532857433738
911.0910531065874 439.85701589700363
220.1684164451358 801.9047805531404
608.3953930069567 880.1197814825996
51.80968407171648 323.52935563759274
893.2169519453128 520.3050172177877
234.7731314605925 743.150404140085
965.4966918518489 788.4644936229537
514.6853844555843 764.1390781346352
509.27550320793586 132.34683226317023
447.38917068187396 625.6142742972874
