objects
594.8199539717839 393.2897151577594
698.5262174068546 301.9544138835944
840.6915233142054 261.2880708727814
801.7406490199659 396.53987949829525
883.9581301378156 229.38540758132172
243.5006662456266 650.0124850191539
957.1787710295109 363.15304767068596
954.9208982212756 552.6335293088989
860.4352469952381 621.9155214508388
399.7325131209411 218.61999885885015
820.7427466516032 207.97846137573055
187.02757493290812 915.4691726827347
438.55764257120967 720.7743674980275
76.5316425467789 127.55285953866199
940.3427502009574 824.5499085814955
324.83372489287115 563.3471929582751
717.8173306425447 62.07988909897397
706.0423971834487 597.6618828431426
740.8979771012868 34.18743308852068
504.08446434419346 936.0716224161022
348.86381133377904 36.79625799256057
629.1997789612614 741.1587484122734
692.6234308796576 191.58938051531103
429.1877123373829 414.8207383513559
338.59725208467825 847.10914166382
399.45756774587716 309.06892515744755
568.6370243156508 446.47949864868
87.98092928380267 865.2946961739879
946.172787724481 788.039383754751
183.40800517621284 362.1523664985325
378.2213423463131 794.9327550076398
472.4458114706331 831.2943288566104
48.5340236667114 68.48150379840465
791.3557777228732 492.18239915223256
205.64876779887223 55.457620102744386
632.3442830811667 682.4830646147037
314.4119151778696 231.37169238489952
641.0849698690331 858.8593757038267
205.20549735972466 170.72002766740243
522.2003894875071 723.541034880465
79.39904451046222 815.3122303406554
592.4095379673262 286.73665432511217
743.3559939983289 505.109604848631
237.4078129887522 566.192704315251
942.485027538644 326.4684327910936
910.7167694990658 865.0958551101277
80.91725790968128 72.87095155118885
487.8729586067384 799.7635905823637
552.8432056597694 783.630628288575
477.0683503275737 717.5509856521004
42.43297103242352 223.6713903318846
833.9641331972368 73.76457076203205
587.3934240258416 762.6792327272592
649.8843386073419 898.5948115051971
977.7365572586497 681.9018612702625
874.3295517405829 124.66623385846611
644.8945671486837 783.7189902752423
674.1062818216484 64.40011955714671
796.1366000315339 824.3738349263094
145.77795190452036 964.5720614948305
506.6674196491482 153.01741784383077
936.264196995148 669.0579825743467
871.8797675252447 289.8049068920789
636.4357347454542 486.8630514568537
610.4113948395409 836.6293398992049
284.4750848981173 346.19740728977376
843.0619538019434 761.6351628075429
360.5486046054472 523.0537684782923
572.6371884175461 19.745168494275287
257.2781246001467 929.7869697157151
437.7950683722694 670.7618061798489
633.3708414035555 378.419007750482
777.3421457782941 442.9648467532815
502.0800962392307 689.084238462635
410.22114368694923 140.24696383028723
644.2231268104431 241.1527369241695
41.01374975578153 286.6491620610539
178.60093951782733 681.43952276372
50.09751084663309 189.01681281744354
570.5779154003271 873.6657590712998
981.238510090147 803.9853904636459
154.37121792675927 479.57296049693997
671.4462193786441 157.89698906891553
954.2368587981703 408.76062973727676
412.85870759220194 870.6988958628942
542.966267638024 86.26609480248747
424.384250736491 836.3820155451269
273.5936759268514 232.4877958898596
17.16948475097443 965.5473966272347
817.8726164266394 663.7152245522371
221.4164444323822 350.58073897612155
685.5615912390141 778.3150242180062
179.44460645863984 788.426792645808
945.8270222526554 700.1461212106444
592.0394731959949 898.5027825005477
883.8967038327613 485.58091891477494
438.79673656187055 972.1521209162298
619.4800742684696 450.27204013964877
252.62496466213287 20.835072215250534
669.6650829726381 597.8681661689388
523.3309421841236 399.7959090329254
411.6710359138648 553.5906918594673
313.1532219596424 380.3044008515009
672.3780304037058 521.781928317379
895.6644960402393 400.92116266796415
27.821631879419726 498.45571258992413
450.43403481467385 142.84355888351422
763.4867157476308 80.91793513644284
507.0809269230633 585.8353436637453
773.7017049752345 531.435991332854
93.7845709251141 980.1089848002904
142.40837570580328 115.08286950111767
204.108329791896 808.7400616184074
464.8513591056666 218.79025145054527
338.75129797364616 429.0841717393879
914.6714000645021 280.9525635126153
546.8850114241845 636.8211112399882
94.75989349546259 360.4631733904399
419.78670795536516 523.2930196486491
753.423871669474 967.4714307598688
371.9535927573967 656.6153433114987
813.2886306716414 550.6715177765457
789.1616041219094 56.4611848733327
70.01284724887094 582.8085962805146
293.2157231172494 557.1081586702569
