objects
931.2400844966483 818.549584738342
909.6429660581131 110.17880408606314
824.3262363695284 94.76261824498344
774.826900449468 258.36708712834786
826.3481458769844 978.535594600322
542.3979528232175 16.104289386881206
603.2740710207493 151.44545599817243
745.6096237681675 377.8974881425272
36.1348432527658 956.095899556521
103.17312523366131 17.489898890501447
111.64515707109248 756.5278904515137
416.550314082454 436.4148799645679
657.1773210566372 56.693334516145796
169.00748848238194 120.11999156892115
799.4404567128062 574.0780682733396
92.90362072506804 544.0952032431067
982.5422897421226 911.3790604514858
155.62494454290402 239.85137202292142
484.69341939958076 350.95488158652233
636.0160520716372 825.572204031135
679.5195874087653 79.42519556523487
977.3800957860517 280.1716551655298
848.8803192892697 626.2509830733695
553.6333159058879 99.08668344581115
63.72131031580922 420.77395022580174
756.6646612265845 530.8437096897349
631.0379968363814 391.08088730585797
296.80828719579625 683.5846930423168
974.5863827682856 386.9569842614199
897.88368249272 697.8091004293185
853.0411934196934 253.8238554353106
553.7614241780174 632.1626521768446
927.1472916074079 847.3646098568614
899.760790046289 593.3074049582107
416.90625859968367 828.3352099707132
422.8165909763304 765.1783058692473
506.7737280855225 981.8519473645454
19.16139964925725 848.3150373250767
640.182861002049 943.7940283786525
712.9160508680136 804.6576862213982
575.0747663024587 739.5457701347267
523.5814301455729 944.0147285354194
906.7249932492625 421.1401091977319
534.7081716181738 554.887386964921
891.2815164393492 272.80910011386374
690.7756839594634 43.21520604092096
145.6480240289948 342.24931383852106
406.12798737557824 911.2560923675165
332.73835905450585 557.4231253151602
563.9828743705381 156.95065050556929
511.09628267136 666.5895078849048
336.7394877181947 693.5626648435019
609.6379064484895 233.29607710950162
235.58501036456786 567.5753615520067
759.2331217913961 706.0958494464808
794.1448015934454 294.45997812241256
687.3221426535559 936.4752943472711
980.9946010684273 730.4255140938465
482.70804996494246 463.6252973546916
481.4499645516364 394.9180499544798
837.2360518114775 482.78622480224686
378.4838893230933 667.5957308794468
778.0430724105431 945.9931355048969
331.73877380821534 420.45893145647403
795.822542533707 98.48222067761823
960.6805955521395 679.0948609785069
317.91241285641536 65.93310860380035
540.4769048480598 297.00323489175014
835.3168090737154 714.9516059925361
297.51499191102783 21.032686202699246
386.59836811429165 766.4402118069232
280.9381451662408 474.9839233049606
811.6091487768122 267.7730921504701
716.5081876381062 586.5191368726984
257.808397582516 850.3552705932788
141.3314435473301 980.2194122461559
919.9979863234314 778.7285675764558
156.0442778674845 781.381332423533
709.4821393397947 129.524333268568
103.87350588546889 674.969536607976
458.2708274970875 18.860582206968687
581.2630130390557 881.5691517491692
795.7390877363997 394.12120067640967
566.6573085253015 784.2358437962263
272.16706673390763 773.4453612886291
235.95750171112385 722.7892919213984
147.4450788285709 145.44002218562915
693.7252686841059 872.3745413734517
509.21794683512866 720.3875560215345
513.5870908031887 437.50994776634457
683.8028314869874 821.0449202419641
597.8645167923023 512.1374759632224
414.91315178463407 487.70779210879545
227.35075289564577 397.03176841313814
252.21972913972087 291.0458130793802
129.84724701207773 419.7740005922255
205.39355297988968 725.5764757207484
135.62882124159017 919.4298287361478
419.066295252188 275.0797746831774
660.1880066352809 561.3944972297802
461.2717222966914 245.12511172691944
826.0022396362782 755.2086725720435
816.342048490507 639.106517544151
864.8377073525039 969.4447196248459
480.18540102787034 274.8577315067623
177.80761503485115 880.2361495810527
493.13966914251944 790.6716824253715
285.9157514686782 931.7011995909701
435.26346430693127 641.0067679441709
943.6088870827125 272.25870232500114
348.3645581799188 913.0194309414912
895.553533453107 479.1660407060345
739.0061365382 625.9333040941202
433.4453607001897 300.92518092141813
260.0155279693079 93.076764553364
781.5572012939775 679.4341238842135
58.30458553431434 894.1511194970399
622.1014636009446 970.9690250964412
814.2561869470139 195.5419001654032
350.57635299920554 789.9658277804772
555.6272516915104 948.6537307312229
753.2569906096928 129.51978675461285
736.5261630175577 655.9670438549829
230.1482766574934 865.7272809019073
544.0508991546377 354.2297457977681
99.03711034348045 848.6929765454283
98.69089972092803 638.067090163147
193.4556216961124 664.4719350606571
233.60012115882813 611.6798581631554
295.04620267391977 234.28985933258028
41.45163327531732 532.348272378137
437.62954401192354 691.1429711021316
60.18797136132936 348.5055898039828
608.6873068283346 835.1205166831937
824.380995090335 160.3735087354677
200.68052856826966 175.7653432010726
864.4091676150164 505.3970693931604
849.610316443265 830.9635854025158
361.0662807301505 347.411736019937
179.82975787496355 824.9812874398235
609.5200344602883 51.02136789518856
315.69388210061686 740.7334386899352
322.41694353808913 846.2136142133684
304.38544230358235 974.9039716422386
718.0293974381925 233.56084602514548
416.0961909191794 670.2569892226377
129.4739923866771 169.17636840314808
289.8873048153465 397.52940528057024
744.1692732819826 221.43604687488474
22.7409195336189 132.01511566556454
