objects
663.6191413109682 367.8547139065422
765.8746952802653 918.5158339840484
591.5007645603655 847.3276457993231
862.7146442870875 104.99687351663431
256.09433071844944 219.93787694602187
562.41406721075 951.9449983030186
278.3602978652495 87.29442831044337
900.0895524502008 101.36255259913526
954.9091393219271 319.5174032821924
977.8804553294567 402.8735894867678
225.12667672887468 843.8392964165736
340.45942452999213 469.67924819302914
445.2526636965613 394.9688257184245
118.14619785257239 747.5677324732367
88.59063428545393 99.44814991379765
929.7030921868936 976.458231558093
843.0885102756473 218.92125683549725
646.0882625079254 329.38901509498595
825.8587038768603 706.6904798401948
703.1917963568029 343.03417634857425
663.4764194254277 696.1451147486387
509.2090772850341 808.6744910804221
919.6926361193803 937.1276482629521
686.2894147848687 516.7068959650111
190.0532009988774 295.58122395156613
900.3995589198861 709.3358763554407
311.997169661123 882.2087378728023
875.2219069234981 76.4372580480055
808.4222132641918 894.76113809918
726.2712823626612 852.0302462722017
34.55637467942174 797.5506530186345
472.73057999022586 361.0779706586417
441.06235388437915 78.59378519691954
257.90229864608466 522.8563348923799
102.0275922812954 369.2254233758239
302.9161872090146 387.00953338188987
976.6073387294002 621.7462276465692
385.6859828451473 892.7722735218643
462.3444296492668 943.0946043164695
975.5667320059551 252.77485579806952
309.78123194100704 272.15637006724415
973.318728258589 162.76846331293814
898.5465306491026 498.04825195024114
188.43805177246438 650.4528310917681
234.5929371375168 636.2746972123573
868.3302564582123 487.5903547831531
748.0293746789425 770.4700916130469
381.7804002497469 244.9220468367657
52.753066975552386 572.438784006941
973.2355509522386 194.29116276359224
317.6693911385375 943.835963313408
637.4262670379553 298.4870921840589
922.713643673173 522.7586365623722
272.81368428925157 929.7859306233123
132.74532950646235 228.59544873174892
175.4060254160802 563.6629480621951
732.9466001804268 956.9672768371172
139.93328860022274 905.1575465445958
271.45897093692076 411.5861106324577
351.375275671803 170.36772291453843
700.2364423535237 153.86520472389714
732.9244655059406 537.2585404405987
791.454544950357 334.6931259631165
246.5326140255633 53.51110951873551
626.1261815082672 671.7426736110637
289.11697457130333 632.4388656462049
643.5437024310091 463.65682648882205
467.3538537614508 592.6283296609535
847.5283170699104 529.0511802661285
311.65386697456046 580.6721441315254
217.7937470649517 671.2417259727987
781.9993081046428 522.358702429902
502.22167216752615 88.79115764745104
562.85363315226 73.19859100146422
62.02893493831752 623.4642335582231
537.555914806538 756.9628249187185
621.9724658730165 89.25216027364908
175.71374040855324 269.83569922524634
167.67721877126962 400.36622366670633
770.3648816876652 619.274610115182
163.2703524928236 490.86082960673633
311.45942231989125 212.56661803217264
840.252775728634 373.7239110927069
432.5875304716466 964.3276630055751
742.8956602820653 698.4600928347345
741.4708984959657 799.9330717538157
665.1582991542292 898.1133731333757
34.60373871246145 494.9458517249387
759.2590395418077 159.45929014935263
786.5739304337011 190.91817483508225
42.464420920148264 882.5935114702482
390.06485358174854 527.1697900487503
530.2667482534451 920.6199196956886
846.5064802550818 814.1062731866798
616.9351101163634 814.578254983843
977.5696494761852 506.85494460763204
30.94123408849006 49.75287166047514
764.2975315081961 474.7102070615476
726.9081117777098 78.10027471054124
437.0980144766575 577.8055860763654
506.01229057245234 229.78248914618413
511.66274251124196 845.6229555333173
421.68564930088996 846.1953082873928
397.42611315989683 137.14699967101436
202.50201637728313 60.699298456544014
313.2342372252745 33.332350967175564
561.5960463184531 201.80303644417995
616.2630987506315 619.8387283787984
288.9849920640684 299.3379253560177
853.9455216684132 898.9337384296479
656.0346738304864 735.1638793414874
576.1637463719605 161.3497138001436
73.36845536648757 189.6674355780233
87.22549549538266 744.9969351225399
860.4454921294008 432.7375785979999
361.9079688093537 610.4032225620426
951.5727643798903 442.62720698745215
343.83104322015566 564.7199987833209
972.9283502738981 552.9858448237599
196.82266840295665 752.151889129717
708.5881786210705 890.0109165062787
50.990109647756086 466.90700926731245
814.3822291653656 832.2805029364455
490.95403503626835 501.3038244679909
746.5573655221292 325.851297433547
482.5296084790101 153.6227153401002
791.1514311694577 57.53866719171333
830.4524897947821 603.9958088942099
309.71848333723847 531.245708599894
513.2153816362617 945.8182795055085
794.8508024186738 94.79557204839544
365.8666888630449 389.6779069154933
814.5762148826296 958.9267277751095
970.2562558667152 775.2343871217062
694.8482183325423 551.6602615450449
284.81975988814366 442.269381393684
261.92650986969136 143.45840848414727
322.55970718073377 636.9766425247306
328.14090186121496 711.9426391859769
905.0293439885477 369.5885209429544
717.4482094327734 270.41770996628594
352.55960093530206 905.6214828132162
64.08285521515712 956.8773568566902
889.3618629100296 548.4599231569844
16.734279831459265 984.7566874384217
73.04319971676416 871.8688462035699
754.1940347400304 215.18077282915706
74.61239699828104 680.4564784712281
807.8735701612125 656.9241059957358
391.0882408730708 216.09785198127904
