objects
473.7660810615556 604.2064947540333
449.3934000615345 367.3485865036935
589.7649688346133 533.6739339325784
776.0263652455225 961.4591594503534
826.5682546748604 604.9227355877429
617.3363179886976 88.5071985936399
108.21021340731696 16.38728894476138
183.28467727355815 563.1885449543871
896.7570870565806 368.56257470054356
329.4714892805828 280.27875999886777
409.19174796321624 360.68862355306413
317.7998237630655 624.60405196351
855.690923163532 617.5079040623493
312.7898583464917 312.5395976831884
663.6632863897967 328.41304927615386
259.54155047010823 576.9059395079597
255.88741345757256 286.6687940338849
646.5977082369245 104.17424112005784
80.52216419320304 179.97416627423112
741.4382242908541 949.1634855470172
146.81368714358845 301.1610353407631
111.97291325614847 393.5872338758296
355.2768080472537 156.22850694439535
844.7872613110692 232.50806975349997
262.8429806026771 188.8558485507276
194.32354830151036 718.5707933917939
204.2946955009055 794.3681350521944
235.12100007124062 528.4626515802695
870.3089592637821 329.43733453092295
181.74213308271572 617.3659369532825
452.7925766411244 94.41165424538103
451.72737817085755 408.62075449720385
261.581260350433 929.436886143571
868.964412353591 805.2071022121501
329.7570684804478 579.9037126602899
586.2098141648113 945.5115960052688
259.836207336045 115.4207806615181
188.49530104855793 293.0235054538717
843.7559179507521 556.593395629593
723.9917867612328 869.184917937048
91.72534716293683 627.8616411789023
540.017866632009 615.1489880417419
903.6540723004086 19.732521084475916
20.445916666775403 786.6496309272977
235.6500499213333 559.234839119374
423.9702223504198 231.0620898813308
624.3775338527771 341.4532330007453
419.67296030780807 174.95325575436752
733.621541407305 650.5009300479718
863.6300327950804 956.0950913120024
832.3904519317778 435.26523513908074
875.1149940699762 585.1919341357216
220.5713607599279 286.8782300110697
563.9106967117001 188.69284671816737
943.1240841566672 483.24119758131195
744.4781357470886 409.79334885396094
967.4353581879551 686.8908477072354
280.8958592762484 355.83780272153956
45.562505461871815 545.1176700886009
377.37149650019245 482.52112790192814
517.6661777014505 69.33425093497576
956.2668426709653 161.90611403262557
820.1179423329861 818.4027876598878
720.9357204098429 319.11229641330397
260.459102743631 80.79167656555138
295.7553162343954 82.2594548023368
624.4637932141399 818.7512142264436
396.7447756666156 76.39100210006448
702.0712388714738 811.923494334241
978.4280990311055 553.3336470910589
475.9652409612322 841.5992343949566
491.8906310538341 129.1536879679599
682.2043338275192 871.6487673250314
316.72524156384986 413.30097441670085
346.6741117723097 323.70440632266815
696.7447539900694 108.53570913144243
295.3071347615453 977.5694807312608
513.0530606754124 560.5361620312233
651.1088519888799 454.37166740156687
539.0693142407392 809.4392189593342
494.096536835445 201.06133464450326
152.89126695182523 819.1582715789692
369.47116216238356 966.0503368006159
359.5863993482006 837.5485122542362
222.47532977222735 641.4825479038535
16.447862564590594 140.61295584535443
20.008067627923033 175.0927133388274
426.002619903586 732.8300421856096
239.71838295307998 164.2041098184037
712.6339893394168 573.4667498181185
549.6950430143688 217.28676928956546
654.4789509179675 584.8241791781584
387.5190678029276 572.5637069498995
518.6465692118967 250.4024352238482
743.0735776248576 828.0405789087881
305.3985480372749 119.13174668431611
885.0418240758509 626.0925984337031
31.75097284426781 430.0365033741599
907.8672379606218 268.81468103742725
482.392631314569 510.161656276481
55.574091980031966 279.2272943315071
131.23762910821995 975.8805256511552
130.48533295765833 779.5440161370523
700.2749631233016 55.185964446484434
319.2427069888607 352.2819352654536
22.804881325130147 78.61004345839169
445.6713894169093 874.0174146864997
600.990374572536 744.5860246836419
235.99548531571583 741.5733972546046
883.7989035736155 67.22728683182866
822.0543246469219 703.4381139581355
590.8189475863809 592.902165453598
397.4798979603731 794.5220322760595
286.1759568772987 217.25517492904106
112.27331136382496 936.5283524333714
64.26069222580878 729.579138954732
344.193752866663 886.2224901262582
23.046298356322357 377.13760846489595
777.0432874870173 792.8423939881973
603.8633930693205 472.43283851767706
381.0419153014052 192.59293547921231
303.4587942818834 560.2789805328823
865.3220432647983 169.40537742998498
495.31310457302845 317.22922693963824
101.03273402578156 791.1680642284514
509.56551675980586 956.300458832481
275.1848366750638 415.7397840935372
262.76639632615826 752.4977053841478
149.9717055120012 78.79436635608636
226.59212754841195 892.6619153068008
777.4538017694688 724.8684237395773
23.592266250728834 657.8707248643692
629.7822969676197 748.3383440749908
845.0337757118847 109.50041784509133
135.7717309978362 868.2922179503673
465.92384256447093 774.5205512607001
747.4910923921015 188.3970663599155
172.49702942365275 789.5685888432191
229.6989151899371 229.97814378228657
66.98007531748524 105.40080257161789
148.36354991454658 536.162034548317
602.3133465219646 418.5667322548576
911.2305364614961 413.2430492823929
61.14806886656069 905.1044176875532
113.81930356086514 315.39319341705203
138.32791432211903 237.1316828227225
162.99038453856437 385.5424599852875
621.1818066977552 269.0593678461185
811.1046905782571 521.3071759680345
527.6098699416214 690.1794195855256
