objects
119.379937981054 44.035204429130395
499.01315961820467 784.6596753830339
947.3778983550551 758.1765595504667
147.69442367324731 635.365099847679
437.0625318712492 447.57247229367306
705.0022586510316 534.4812394680348
668.4771773827123 17.757216348953055
841.8507176867183 292.6582983084936
394.6621200637426 276.9959315210113
864.1643254259855 87.67536515236182
577.8069327804491 660.6409927129796
762.3859849688607 135.42708220777473
846.2338064969027 668.0227777055215
54.10609711756298 558.657131704621
393.1353392728582 887.392511093203
325.3349741171189 114.13266817640658
641.7783523857728 874.1582810990158
364.9241769568 67.07149676475898
535.3585079095731 563.1203864024197
75.16803154022908 260.65039355626334
837.9722383413367 467.0327671281774
530.2778975245784 47.88343143504737
184.61323380296685 747.5431272174776
623.5421354676528 471.21690144735663
481.03742713499133 104.28445229952577
755.1513747411796 462.1583653494345
107.21769678339128 92.5062246553092
458.8884730392995 36.41341854606348
885.963875162065 535.4296020631493
176.08380111315728 110.4183008381486
390.34532464312775 779.4297302534463
380.59296520916735 608.6271021284322
579.9847025406713 872.8618979160159
640.8007518040133 443.9288408146935
708.0854734179113 955.6778603163235
262.00433780133426 49.13656930220522
353.46397710387794 475.14552404979605
295.90601271557784 260.54403974135727
109.19592303065154 551.6938715464177
227.86934442709426 437.3675474769267
949.1827827248452 265.3333826369737
944.4035177384699 643.1879588968476
402.14179167056824 558.4692248924123
498.2952027164524 416.4602986950684
60.61527343773466 652.4231753335717
405.35037318759487 363.8013110378854
270.6625854804058 723.5263871624481
223.15108483581412 765.6065698092318
499.6397348826257 649.042103791729
601.7659210607156 815.07043324245
545.2876412842295 344.60246650813
141.0412879584606 950.227139503057
895.4912372319194 133.44275190093808
581.7615566684893 789.4963663775624
520.444553756359 283.02622222637984
279.06301107063825 615.9309340868331
956.809525469695 920.559683975881
791.3117587985262 157.9683609253036
806.2128596197025 965.9867396216194
172.73104850753836 803.0088733001273
837.0520962169189 905.3614005514626
296.91302712526885 25.894764820269522
588.0364314432948 918.0225193901912
440.4269601315066 338.741760702039
767.7404267649531 525.7286474441438
774.1906339377505 405.8388194811585
473.3360323445611 207.01497306142812
214.1044882566082 398.4601273051605
982.2003767904619 670.6272718114731
381.7865477710407 668.4025787727562
53.2621719236877 697.7351780054831
34.633138554602404 856.9888276476647
333.1646020563076 157.58872372507724
210.88172541245558 560.9253744712047
17.5727207569906 585.19873157209
767.4252940390162 360.3343574768305
221.25560549206676 311.3106791511307
124.60327336460702 370.8723417279822
174.9060460366249 351.51604132696326
181.54101062712823 40.64123694494978
828.7030966735068 330.7247544986712
272.2238194829012 122.31570649595776
847.3597113419085 219.11781334454645
633.4348230503817 649.9362801649311
932.4790965502557 14.693615773568116
269.1315886060767 678.4780333005269
374.5318712852923 106.51095587508843
902.2021615968396 283.64929379743614
409.29626680468215 937.444571377018
675.5075096432965 320.3043185306944
374.7984531896165 821.8215210716327
985.2702647802159 251.0624927228869
792.9010689114255 41.394462827682766
959.7330523634914 471.860353910677
354.38473778992613 707.3089262543047
881.6079369179394 384.84277792543907
571.906056833435 278.9537798387852
880.3367419865997 459.05254364156787
729.8027931953989 106.1557849697592
970.0692718807525 60.92837171530891
976.8070394936198 980.847460331666
97.01970333858318 919.2610954520736
974.1364116593379 705.3031024002432
97.54735461041193 755.7694542561346
177.03727814285958 439.89504320288535
833.9481534220262 510.4464845747783
651.388983253407 414.7112550803745
742.9876765503742 787.0230105877121
288.2740476334308 403.69586157016363
799.0983262451491 100.9426531133906
596.2638055205095 501.4744151885334
628.992890295714 381.1399885993101
790.1510240626675 245.50564487328705
972.9870561146078 358.1631144402344
178.67494166843832 856.5959709825123
866.1803734828161 151.06395609417953
461.5011878582604 606.2965233772755
185.8047704681902 575.7561749192798
59.71703946127187 379.3134088419381
896.4321881169182 849.7481223531407
140.28135014156967 676.3172236773343
562.9377353302873 450.38362405706266
468.1772269197548 913.9660357362636
31.9408226524426 325.0369791858289
588.8447328425152 245.86198218794664
134.51040589577778 750.653782549193
37.334826766105486 494.47721355250735
368.91232602899163 513.7690604145171
315.71037254884186 380.78241521390015
721.4360664035878 77.58571767815309
59.18348517142006 435.6442517506005
982.2461723693735 28.873267710387488
854.4220947181168 366.2585809291945
290.8272680390066 351.45219534791136
470.99177190788276 715.6825094172796
615.4512955610671 210.56974208050173
195.2487089738039 777.9228585497139
378.8503264892314 189.665112977454
552.0503724178504 745.6537592686448
295.30238552993274 880.5790322706086
649.9724382729381 767.5931271056514
508.34697285754885 816.8306026833053
422.23125650398265 969.7201263586265
880.9218799586071 49.54948193109331
618.8063239220776 159.85416749052834
363.44611294988215 349.24430213492997
984.7271868739105 306.17499393460207
812.988505982144 937.4179965036019
480.5474645899171 584.2471237689978
205.62928166759266 214.61330530032438
