objects
344.03033722109484 220.49372038915948
472.1286346930332 502.6972961127669
615.2973663991962 79.22207751974527
395.58947721283647 750.9531578938338
764.3770696398568 782.7971427859652
400.34153578687653 833.5860125869704
130.5672416099806 304.7352059247146
685.839550349514 512.703931085882
969.378706155976 807.1873091275729
598.5852217788336 254.88597605056702
446.260236584196 253.75985873982017
507.98817508703917 909.839721626354
213.68258662347733 469.11750670491836
246.92420482468 936.5663679031582
726.5938367174746 891.6512482065955
951.109466241014 525.1095713263352
61.2301317696605 744.4875025392523
52.11106886954745 494.6904207781166
343.9878953062336 746.2093568876986
695.3697151649619 862.7816973415355
40.33170636087987 607.2575642971061
213.6310299496571 597.6044397589095
190.96695937273188 709.5556689593161
504.2749745837186 158.65153380894796
731.1411998003033 313.91859199414006
517.9115065572853 628.7370929647734
51.69977915218414 257.56359016593007
38.890266843379756 205.8636405331981
136.02250079096393 749.6924071957529
891.8689545373015 910.8526595966482
66.96046339068317 385.60653188535815
573.9697889826659 572.8440995082531
123.19279216003652 533.4131101822384
844.7027298058346 945.5495294564872
289.4902852417715 39.06663850756652
269.7766449112457 757.6204534118232
165.7461644430545 115.29917089629387
418.2564130324353 72.12419760046309
908.6457316177521 531.2735985563507
175.4674822212354 230.51285679083503
822.3594478076467 426.28334581525473
961.6330488225353 241.70203162589596
529.106950511009 448.54045234380027
288.25018215531804 511.2107445977605
685.0939601971013 810.2537619716328
693.2428415457356 625.3587097037866
85.96418988919945 435.830130568177
443.9587280421102 458.3062669907995
50.05747517966336 152.78107458125479
928.9133057873709 877.163414608488
300.9990456538486 457.8066143701946
189.11794937883596 165.99097539745912
220.4042811091529 641.9951818913615
309.2286357090706 393.18717554139664
770.3128029103663 353.4246517650657
595.9431994569452 717.0356245305877
882.2327224826631 410.5709005563815
330.39352138490335 170.336755593064
435.0903596888383 26.536933863893285
75.62368129937389 977.0126779399171
386.48383127080933 367.2565163141356
333.01680939179096 30.68543967053425
142.51697001918308 373.4424026172259
775.7757632450883 309.9575404790296
816.1576563593127 468.2947201844056
267.1271658574248 808.4887206257926
361.38197273203025 265.9379422185335
683.8964374177805 359.9541629063924
735.404752522507 184.258576100996
89.52935635680478 561.7902324262818
620.4686797368357 357.29589614160625
730.2195815479363 269.0035678428768
653.7044367549249 696.0161667957289
606.6593439934452 410.23624639046096
312.5918512763496 629.2749194912969
857.7178042177089 506.4336048954251
81.66952053887057 864.7358216807803
311.30883720483934 975.0272162874071
84.96065665431311 59.925014612277664
239.12501580523852 91.38807793152142
230.5431441167941 410.2166202197838
922.0887668062829 365.4772524609662
85.2551645653422 671.9325362716294
299.144436979406 96.1806523718772
354.465775934245 539.1804872735288
820.7972370022565 197.67159409342605
227.59632067837632 866.5586181776605
585.7370755262249 321.49753529753303
228.25375361387728 214.81382481992495
922.12179698651 715.4585538651007
121.8294795486144 229.01337741705544
973.1308145305675 880.3248672503661
872.8927129913767 130.71178326013302
147.4578985538815 578.36376350163
501.40120861834055 372.1604800643401
533.6247323974857 532.9378088791949
739.786841698589 536.3873985542982
794.0078252385595 915.7858786944672
37.601706001285194 813.5962630416306
538.2079133071443 819.9367241175368
794.7658452263784 617.0043588074851
320.8442373115132 296.9604285768964
468.74894054464147 81.26769962316766
332.3877561087101 788.1114004003875
754.77398910276 44.288846326895964
951.6887289884363 621.8612978661943
171.27652787236218 874.4393068567445
666.6515401021454 450.9933536574602
830.8849863995521 763.7037464450532
366.15321732419613 896.9682162498297
444.94159659880916 636.0864558130578
695.6294964878394 143.44813786427568
893.6225637272828 224.04178414181746
891.464124528978 594.2109262028722
225.25932715950623 138.71249130820425
235.121985337749 292.31916301652814
250.04924959369293 689.2989123850368
613.908158619846 924.3753824210372
808.6974106826609 266.4932161402778
616.848735310883 569.6921754403908
362.49402647022765 476.12718262224394
438.4196606715986 705.126266780967
480.8836002471676 948.6412431730726
450.618193291884 177.4959990633661
103.88968417573405 618.4520840067601
453.3723105746891 297.2165099268097
926.4632890198237 318.94753844985763
910.3557841131876 821.7123889057501
708.6920757642237 763.4270767209804
453.75232813415397 368.58680415861926
931.2026934169317 766.6377571084627
322.9083201114359 572.9979185988819
287.00149424401604 903.7212338003889
738.6321556504239 937.0566398589987
574.5012364754311 881.7037888663231
