objects
543.6956912408157 790.3375079926313
732.3119432870494 270.00560850278424
442.591744095406 409.66031257125474
210.32405539571477 343.8096970524025
328.8045644725554 740.2319179372532
433.6687494241317 613.5254348041012
927.9651045315967 692.877807893065
939.9405686488004 640.8516703352196
94.0037860517622 592.324806915998
316.95340868500284 128.53227450095784
154.09524617109167 352.1714400738014
134.34830465953416 807.1804973875921
679.7988914404791 903.2056545383102
153.27956475066412 648.7188762403347
505.79404489947655 167.24454478580142
960.048234741665 196.01037050880342
473.0791883293282 896.5546118341775
356.83624737230684 431.1906351071209
842.3789195019391 698.8722078253319
122.82112691715255 424.26266878193627
787.5847322917999 889.4561012380492
674.3518133231347 827.4347510348035
554.7625850837434 573.3410496770501
957.7049309516628 851.1470028885461
582.6143184686996 182.3488928482112
35.45881276027432 150.51395150168514
761.2359284725887 403.87310536096095
835.3278537080955 346.65231852494344
528.8217704383893 723.0893186402519
164.96181458025825 394.7981621699631
197.59145450915787 46.27357340090217
704.9815124865439 352.0922277682653
831.4996717963143 499.53161592705084
169.61381645214695 89.11725955080102
417.5904433365081 790.8529548057822
912.2740182054957 347.2929824275307
785.1484393915757 279.8791479630819
248.99878973012852 157.27370508915976
423.9396162060947 207.7302910601011
303.5215423272648 887.4275292445252
874.1000470075704 393.97169541675305
840.764642432676 923.2526850953624
438.9537591869888 108.73854760219494
467.5748085202812 576.7683483685777
498.938517735524 657.2839341421135
362.9112668767825 521.5246232333907
933.2883314937342 511.6003065067108
491.23020953394996 969.1868081558906
45.2179633199711 277.20280113202335
451.69749528905584 287.3803358425775
664.7423795321408 775.2999493554389
801.8616168118812 156.4587925175713
747.9239314340375 322.6169806745495
962.8828805263768 736.0855267909648
745.2225592369764 510.58980738048433
778.5507005977183 672.2584614019471
549.9338032578697 518.041507330153
926.4840353062732 304.93905830603893
696.4078794926951 424.31199912418316
488.1562295798769 219.13015133956208
279.5837429252856 704.072896600527
408.44069390878855 370.71398723610184
647.7612542678137 396.09120228487865
666.5614291321745 234.9333864841274
57.68259451439711 716.7310876357008
166.84295115241218 837.1546061539428
93.51720847182466 321.66730596630254
281.4038347660436 497.95686272251504
137.24407546442723 736.851199906723
888.4761700427977 805.9461678639899
715.2042854753772 725.0829190442666
506.24971823657563 334.5771221929181
222.19678879603578 412.26013387957875
686.6188724896317 957.7258650777151
484.7416204121892 103.32173148635887
721.0515670144525 560.9382384644797
398.72133396376796 904.5079039272748
597.7711195550967 811.6886156225055
140.90202878708138 477.0234120159862
459.8184790718846 524.8330367019331
196.81033437437512 974.218436327186
374.91418842165336 584.3435111967204
207.07171238140384 753.6807647980888
530.5983674718731 37.30020141930094
726.3517389815664 925.3462496373393
258.8452228666242 947.8242463920641
688.8457673492769 307.74690944250733
880.4919326880067 87.55185214672518
817.1049456201577 640.3389398902187
654.9873343399287 657.2137979560569
34.64984520695181 777.0389539164256
189.36000995185262 193.16761302629516
129.83752193213812 935.0962470672005
317.317108468613 941.8249968546247
239.8979083454735 721.8511746609148
694.3912371176016 637.0720350829529
138.8193961893917 35.38278080723528
423.0258891891908 566.4427174584323
504.422853922475 262.5375129314657
242.45059905548598 78.43141970666056
822.4465929151987 393.52237586985166
84.7842942857899 53.362089057299826
750.754610336436 838.3624683280066
604.7823942667089 901.6477661439901
849.8103018580858 140.13736762902087
760.8071274179649 236.43385139708818
116.96146210232574 690.8259162027224
843.3424615649217 571.1712548998752
405.25258813016313 465.94916339810135
55.83740044786185 923.6527681883452
944.1681109067894 598.4580061752401
50.955651941118276 646.423088994296
481.78976851860625 377.37511939910064
470.2711392296021 458.4776366654766
860.1327262499491 877.8654628393315
273.189210161415 817.327002462923
514.0866199088124 869.9701280755147
228.55338323333388 633.601783345086
575.0375284304235 703.9021321525719
309.06780909110523 45.29519094491571
325.1099960708991 203.55390474768168
93.1575192348154 244.54350081454922
189.25917597395903 462.9080629691361
702.386595028313 76.5341501154516
536.2097933358111 622.2734617728803
395.4801900748646 155.9760879577716
621.8947441491717 301.40091771500613
842.0810808145045 793.2121672667464
394.79715617032383 309.0258767846885
887.96780909872 595.5663115700929
770.1334479837938 99.32318807631069
563.2169500046145 918.4268725982726
197.0073017793109 140.75832424590791
811.3176129514459 972.7187877657219
49.60899686096266 399.3717363908261
