objects
373.581309918931 384.98944094806
386.30920220438827 200.47167806201685
92.01891947942721 343.9125036995191
399.39526706301024 859.9722605744697
670.7263464732183 199.9330542293946
496.93284966980235 223.2727180067401
271.0402117064676 199.28582353318905
77.24854462945615 925.3438950148297
735.799335327742 641.4359392986611
437.9692801820455 175.48097723738277
468.3938902694917 437.49981165072177
432.84476180120606 24.393739423666048
447.2799448663505 660.9814954206092
949.7041923301065 407.8621233011531
592.9339744370845 531.1964072122644
676.6139011767514 87.25094876196984
63.09025335186416 300.7266561704579
201.93290676652586 302.958165158678
974.2481720659812 875.4615621459857
66.95579198061536 216.19940746864577
151.8225083228809 597.9822300031128
665.2592019131096 349.3667206757612
99.7476814584914 386.7624885524763
259.2575406951823 556.6832081582606
424.64872955434225 318.8712434424249
609.8621407320813 157.11182088613094
957.4132879969106 167.50740038145125
479.0727290790537 627.9757786729188
749.6783947909004 830.6300670045325
319.6659216649339 107.87084353414023
690.9292456343218 492.9952409392103
460.6626259670294 786.5093034693523
679.12749115337 925.7816536233225
94.19595794466763 676.3422614221083
585.1238123348539 96.01054506111261
147.2923004474208 120.1197710584004
462.40049027415137 974.9173223132245
939.4775376284417 621.8911994649587
904.7341522118325 259.279422889712
768.3826611931631 690.2784679542785
742.5933525634948 418.9014291048491
933.0289975781172 70.1376623863324
791.9192590690967 495.13987526368095
405.57955931923846 783.8278509821633
623.5069856064046 260.2956626906162
289.61468329324174 899.5508652912266
910.4912820823681 534.859508612901
103.84151799498815 590.9840041741911
794.1127117172118 62.82566368648244
365.9933393539203 635.0910770170477
257.72799918609957 864.8957339900365
176.8525283141256 496.64516669821495
295.870309998894 504.70846477172813
184.13630731190446 741.4611064633924
170.74383769462455 69.73629480460873
70.9389990779331 108.33603767000234
896.4864419500267 592.7601718580693
805.2434018857086 912.412114243369
209.55955168703323 118.22148618085669
99.883992220575 276.1051185843943
738.4895912247546 534.3574957822522
580.1866238074017 853.5723958387564
139.34319194764745 239.59815694275812
741.7389027300006 485.34942210731646
735.8664580287651 886.7287088075817
681.429890326345 40.218837234553156
675.9475294612804 829.270357814271
505.0454691639854 891.9735950743856
493.78241734059094 717.3191714607019
647.0799678767131 504.50632671157393
91.42557312466617 445.44415357702906
545.2306649644836 177.40656438668987
249.83472968687957 769.0276163977221
317.8857615282603 281.4976553962097
953.593929542556 827.5851493278792
752.9084849138621 787.5059034243923
27.318517133910134 96.60418612164474
857.6831224548224 119.50492194152719
852.2330808067627 794.8940219605654
918.9661351981805 967.1227411608098
769.3671162522463 576.089356652521
150.9185315772852 902.7294101448418
42.555106120854916 487.20085109452504
838.2868559899958 497.1978334712398
649.3369728428953 443.25609272712654
937.9570930178508 353.3098596368774
239.9002437125312 611.9647662984005
790.981670901726 846.8957171717881
25.51118519765019 793.1480637326189
436.1379457960486 729.4015856467241
766.4239564015536 363.55138680210155
599.2975962906478 668.5151273626242
465.5026319464488 871.9767289779882
505.74349798348584 759.5485894726149
610.1809010398787 595.8681213898025
460.1811006785797 61.49271700021119
705.7286765784677 792.3864963381687
69.30565177542512 793.4360957483341
617.0581316047906 919.1444378778466
285.36581480147566 389.581614885194
37.935138335758516 373.9324376824369
855.1561345469337 71.57570753031223
294.66517833152426 804.4054737520624
480.09349034168144 509.16770207360014
507.17787579065487 80.91830542279595
385.50854089639205 737.5206254411501
399.1952650705183 588.3397325959439
104.38144339090043 734.7205319033052
882.0698856175314 668.4058892185603
677.8599445179735 700.7307773008854
876.8104799162294 461.0540365684478
251.93776687977953 238.14629214693304
855.1973237624433 843.1645471004422
437.82538077558667 108.28036066974316
587.239688854834 327.91167646953414
331.16153137138224 165.5068350604805
867.0099775853018 387.56935408480706
326.34156639934747 56.90239927396158
578.5250548794174 401.3834782930784
144.4404748708116 420.7251855674652
963.1075338119823 269.5327681882266
913.3905729075186 740.7325560085866
552.2642318010979 295.76221347474905
233.093736344374 416.3937284444393
280.42977772304323 41.01593668243085
382.7098840691247 71.85734682109708
547.2672138462833 37.27918942056348
671.4412615466824 614.9809738817482
123.25479744618852 813.845465859115
364.2023328643583 950.2587678457379
139.57159970530824 686.7923419387998
155.54029965364396 773.831452429771
697.3984553255347 746.5641253310322
864.3887171301603 24.00154641278549
105.12079077354501 504.6742741453353
