objects
363.3512020310926 76.27807086217476
270.44856324537136 795.4127487494046
213.30515002911156 139.78271097302928
843.5399920322291 965.3176848657827
122.74467232472307 558.3530119050184
683.4005932173368 443.42580122575157
30.32742751478512 438.2840772287927
586.4396250189772 764.6784723686926
748.1615509135634 975.968795661385
935.4119330318634 777.0597347975638
521.584183671598 560.8777011449125
112.11552057038536 437.83978086529294
651.1957503362838 88.75830051516535
390.03863633176337 758.9995460827594
722.8013525572674 913.7395972876552
283.9013546026672 380.07023208758494
573.5806579161123 379.4326564519431
299.92513122319525 938.5854636820676
23.13218842353498 649.0662317981399
442.383349617463 145.50840812593944
671.1931293925674 921.2609826270481
403.1869353670596 41.483824096734295
128.70622508353205 258.940720380271
813.811150336142 225.5228192237845
85.12289522827169 535.7613289889393
77.30273165137669 760.867476086485
645.3815685423194 372.58005481223387
167.45822608981595 789.6786123138037
393.712517732465 458.3711662047045
612.1331492217023 159.38187889745183
237.48623770292775 767.4093178838443
321.12858026321817 107.27504956696727
544.0714316228704 853.7848152505236
379.22073372734695 936.8988127710652
695.430086697024 585.6149366462575
612.5930008450094 664.3280627128506
300.1800639479587 282.5423389568919
284.3576040488779 893.3131676989794
98.49108551028314 326.04542190941123
576.6553558075101 427.5025640422971
54.465484710835 226.58821037892798
21.946719756156682 504.3548821537664
86.94046057194991 938.9259478562163
369.616117126667 813.8781912732544
891.4170753827381 611.563157059483
602.1169568410493 288.20999384068756
798.6552496595388 975.6918779027436
257.577983325683 650.6897707204596
192.0519112375215 79.96418460927615
480.60754466310175 68.91264070987562
535.2798228294487 71.27362630579299
865.1527325900249 208.90886937323506
638.9043991302991 538.0385501243317
204.15864230539583 221.99818315375637
226.96006006503904 511.08373478126424
972.7679100306168 287.9724501702822
110.7415480186623 124.61606023950792
852.9178515135364 281.86442346887776
577.7351324338917 239.3915255384301
513.8613416886998 166.58931378590157
806.731042391852 84.98289152401337
229.3548341301287 398.9290893408817
742.6385083737849 104.49203146166
372.37303539013107 142.64418608309285
353.1108747269468 287.6793723737063
475.33273906405566 766.1970875172068
824.0639789074421 709.8000407927328
219.56506445837186 689.4641661100333
366.16153178994864 860.4707195564662
924.4565508535491 101.30676896168382
540.2405583861832 962.571668755789
808.2354748016819 438.5083197129354
777.7648842778467 904.0676102634797
92.97977520794839 386.52289988940106
172.27993648108688 371.6707222109061
242.54061212105876 575.0423972312702
76.35051197100147 810.0102072176161
536.5811176072638 351.72773230513036
760.8194803022269 827.8569070593561
247.91908654524028 55.67114521263079
769.7440257178529 409.9096600405608
556.7686516831894 127.76076843113108
366.6720784120912 355.6857043872561
955.1755659081241 61.90074916622689
660.5309405920502 779.6290909530853
65.11618313127471 690.3902552879225
474.28079756351036 826.9620880287438
687.7244466918022 284.1099849319459
32.70921271616411 807.0725759366688
495.92272783984674 22.965795231884044
673.1812389921165 155.80663405274984
290.0649609066387 700.3931945945691
52.75141936448834 872.5146685033274
310.959102744612 654.0353129894293
834.2521204054993 403.5075851361066
853.4343024492972 856.0034494529559
99.82986151617192 643.7260972641822
624.4807735733499 910.5076034296249
164.6538430479101 668.419120429875
448.949462023018 306.65839917397335
490.6096702018734 524.307298518536
885.2638013913283 750.9139869860351
129.17051132012574 876.8678415579709
710.5642678629126 729.4529840370839
847.6371264182353 30.49483465633832
862.0260659669162 522.8116288321145
363.55454212391595 618.3325578312898
830.1105084235197 551.6104499193821
81.10431203629393 602.5121662526155
198.7994578039149 23.897797213002963
751.8006710041459 171.4317790525629
306.31759741966255 830.1759326353625
628.5981469304135 436.77894237976415
694.7427536856142 221.4778680538307
577.2102939309087 820.0644156117879
31.19204004107727 110.2617144590791
483.32796456451086 225.5637484119526
40.09071817928769 555.7938919222829
528.7632594526856 428.2914530157986
149.62052649969542 212.96189019376516
944.5467791083804 927.05054625459
468.86700295119294 359.43804431273804
950.0015334622212 878.2012884932163
397.7500809489595 889.5832245840252
415.9874089772751 561.5934891794842
650.6967546954512 622.6476407043657
273.35538421892306 238.65632905349779
913.3121834143852 661.8372924512789
576.5062531349158 56.35432174358806
969.4114792541471 205.6991556397185
180.8452984717907 494.2042368498262
720.9738226916577 807.0193164904603
770.7548414124276 22.34698225104363
909.9919684854759 226.1033096484653
84.47257024077184 263.1644827427954
