objects
100.36620165099804 537.434724032242
381.32652525218106 372.3883003098563
436.34505962390944 180.57271393113763
148.89749309886096 327.9011909657255
958.0016446780369 148.10574945083488
611.078492333151 335.6084839370983
669.9050551200833 308.51463055653
915.6271245664384 542.671856529709
926.035246708354 489.2939214113015
301.7003006492107 512.866083614568
203.1784857623378 973.908209503988
733.0084339172541 689.1477457537496
238.5245432659726 190.34993437901085
394.02332719047627 72.7230536174848
855.3724081870957 759.5649177178807
384.8374400748999 135.90017746374312
282.73078350896765 405.68244761684315
502.5815937809111 236.87836878209384
664.810911501022 206.3733568011686
471.0277690915434 724.2446198266965
181.08312979190313 611.9097064173444
68.26631308358819 646.2225785853017
929.1512849215306 839.2547789832611
103.80924234609283 446.0217465497247
417.8390558077531 35.48699693407471
887.6382540279709 656.9824678596916
159.21001517294562 767.3494338206673
747.5565296679924 239.78377798397452
754.3594075579152 970.7940903588182
747.8436429778844 327.98460996373757
329.8188597944494 388.4081013864442
339.02779719259746 850.9387802460118
156.78916358707383 695.4651844160533
837.4029504591037 119.18199950496518
112.45254596525916 753.4277651976892
169.92772731442875 889.4873654810216
107.28427739990641 278.9401397453619
226.00472771430475 247.2195763601288
730.3936195038599 595.4490066759128
761.1325191529758 647.7320776600305
37.45364493846431 259.09533675033606
850.9847628456837 509.4449286452652
105.29755846756778 147.80378721607508
537.1586115824454 527.8721827235651
646.1217631972903 47.537320674812605
846.0150552163191 353.5707289470085
691.4419194626468 727.6401342373375
415.48081374057034 420.89609671661657
735.9157290986768 198.84516292568668
691.9615450643298 620.82171054975
143.38539456226673 808.1966365324905
328.6246126634235 448.15136602584903
210.44501125350624 129.619202662498
628.7831080500011 927.8006009272926
676.9959943775957 381.9722564179654
970.6998408165704 261.2067018870836
591.8869967890479 107.71901051394188
827.3516316706344 23.316667566885073
147.85450375810575 527.6099477916566
807.0383485160505 836.6109683589233
92.51207973095188 792.0101132866331
537.82480996063 180.93851115595587
565.6572124217857 935.285259129891
69.86459819297002 593.5778611432462
101.84039807088527 894.3883378125441
163.46295406627428 96.37248402703402
960.7287738419016 924.284865639407
206.46100868551565 34.82948715810091
31.065253041622434 876.4604527707655
741.4539970547509 146.74757847007285
384.12277140801496 798.2700110172126
634.6619703492581 237.58023678537316
650.5142165939701 547.2647502982562
886.2028467227649 802.7813354428177
516.6937806938726 757.4190854024339
966.4451803182167 96.03214318829312
476.21504513230764 569.4643716569818
958.6604503360979 458.45881725629727
918.4318574429626 239.06175063873874
271.8337822243014 644.0234172924088
871.5661912083127 306.4365045286648
438.1371413256006 872.4137739158357
906.7296826452666 600.2939826356535
323.64829412516093 652.4973786742612
115.32872423040087 39.74874483218876
214.01859959999604 793.3900765200829
833.6941477410637 432.508375783723
339.6943627138919 191.94020584896137
711.2237450817989 113.39858251940149
374.1031664296727 726.6970902899996
773.774725592542 550.5606925134873
698.0435731459312 825.2567818012756
842.773248310956 566.3514418980125
577.9738380329741 277.9264144007566
874.3481474784932 697.4236054434024
893.3720764871593 40.198617614703984
286.651390842029 462.06091938609734
263.4232623517706 334.35911457045046
721.3545765336405 503.00898273479527
957.1468242544737 680.2741309992394
631.3750291907687 491.31722363468594
547.5113127549238 632.3180228419177
156.09028599206061 456.7808059258238
25.9780290303166 471.25686369139777
25.350160277153876 934.4314974348077
447.74992957417794 299.99467918440644
830.7564598254438 661.2000909359798
865.1691150923043 215.42458427515396
515.4978887684786 860.649408157677
949.1403732388361 377.3143004469302
604.367312168305 574.1220561502456
806.4475370041838 770.0170106366227
25.47133337934287 45.24567914192024
470.6644612683839 515.5061612411449
833.5186245694358 874.7763909400983
517.4159099293727 593.1372855398687
260.1170825352232 101.87329961532488
426.0258444661802 952.6341551035042
192.89770232518458 486.9733924464933
428.14457189925713 782.4934671409827
971.8193422675255 631.0931460254485
328.9746624567959 966.1253676288851
403.38143877901786 250.39383939187368
351.2466219476691 300.6322270567569
594.8496701553895 36.87157706257014
101.17656330333384 209.72814507429854
486.25533058730315 95.31013490534926
953.6477026325757 735.036866824968
32.191078347359976 814.4059424658196
89.64035955589465 369.07214646392805
301.8046673182811 696.3280800982354
284.27374635361167 570.0674997626033
420.6630848809113 493.2915386555503
801.8079682289275 291.4985727478736
819.8935734713951 229.90869330890663
