objects
301.96787329319716 190.84425871856303
371.0757820352737 710.2941482191121
53.07679657843658 825.8204826145709
72.71940265206798 321.71699544438366
832.036504223563 722.4500646465785
262.1637575060407 741.3981212817502
530.1089408253766 81.07368090779138
239.47356291603805 615.4667512476333
47.6471439892085 375.9698723852145
100.05328042559509 959.1319141744717
481.4395475010057 875.8456116604965
735.2342682928894 182.20416981190814
770.3054915427666 440.1215618619901
669.1262525985114 690.1353435900602
889.9527165243272 187.0805613788517
610.4686051817331 330.68084316403633
817.7832533378729 188.64367207132884
142.7455447700609 843.8483947493738
212.160318272615 938.145361985825
721.6247212176539 623.1017096791256
345.9117058748766 968.8428188794096
939.3066676442422 508.12720494630986
450.08423055990113 568.0802968463427
798.4036760685216 79.00277891240165
805.7711212078605 484.7169114917591
450.5238334625744 755.8722339345743
422.3784215330618 465.06872608887255
694.9139194292056 342.04358448898637
769.4126604179706 614.918760201356
302.9818495723869 721.5835398441276
690.6679308351174 387.89339556245125
446.3152607114369 131.55473341705994
283.36039070436675 591.9416038642756
898.7536871850749 837.6342768688071
371.80255814291 796.2532695036975
971.7994467705203 424.95815637609536
581.3702780400475 409.2515599402397
570.2513982515445 796.8072724249763
575.4664101054939 705.6228930642882
493.6774470986825 819.3682290145375
219.32109128101916 658.8665819113558
791.9638636424213 572.9842370367822
619.7903213893044 812.951451426991
368.79490651837153 167.70808307138265
748.4836720586136 745.9944342456159
833.2517495624259 122.7826884293004
527.0682852418747 143.18676623174755
350.04329499433607 312.46932125926185
389.3335423766818 753.1578104387379
127.4774244028907 447.52229016364447
883.9856994388385 678.3168840271046
958.5025358276123 973.0908803033429
681.3277273517688 119.75040765185787
673.2330701581454 577.722126252349
146.36352751773367 597.0924639474614
765.1461415243095 366.6518414790512
779.3466401498562 854.7457890188363
80.0553994539004 493.60981336720056
300.1830603713936 848.3128162643277
575.1616667624651 115.9408114267699
867.3967923215307 935.1278808174185
585.5379722649853 198.62965349879565
927.3964972385653 396.8939133044185
533.5657365562024 408.1162366641568
517.1274446768783 660.2832867083159
