objects
690.6203812972446 715.7904669832111
223.2131372873506 844.9692705046762
804.709060993639 218.76062183161807
717.601939815356 813.0604587538528
156.03137459175383 602.2510801126309
509.33833471993427 487.5795503783458
440.7082992177662 376.6303898996281
923.6175492402224 163.11870936664013
780.9375203423745 968.442280486803
560.2671504906451 477.846296819145
687.4032592188456 360.21701505435254
404.3108348387461 310.8147876738351
609.846139467753 535.3382357435629
609.9333624954897 965.9385635725746
203.31065212269164 680.2795005122885
779.0578816609361 136.48392577209515
584.4061856134385 870.965205714779
884.588153358258 299.39598472686384
285.2247737003399 414.82027799828313
766.6412530902662 501.4931315420824
131.25622773677614 264.185424546156
256.2740535199662 810.7211120872682
513.911342364195 342.79450244464624
181.38838966242562 386.3857915437965
101.17931961254729 917.9053278587373
462.9660028133924 103.53601047973655
401.0765897597498 407.3026874828735
530.9552094577431 27.832372730466787
116.61711338309286 558.4011377357349
100.52960061879483 713.1098047379193
612.1330927631922 447.4186287127132
968.2340425882403 805.165252521913
668.0520035779144 883.016362411931
584.5148339901408 94.10711894140971
737.7693525717409 931.4417887590722
558.3660870027982 827.6216769686588
413.63877325272836 538.7192888605856
400.06811848824066 206.85255882109084
670.3156470005457 537.3710306834676
408.5694995005383 949.5873146645592
505.4571485435549 605.2836182685884
28.225496480444694 301.75675169099156
243.05486811974913 351.3960632618315
767.5316354391663 656.2748044751502
916.1507232781428 651.7624208534698
302.93568224685606 827.0524491460347
636.6292883199436 699.440156819594
352.2089749298363 152.67754013663327
154.9306748286206 194.34368231525934
46.764578948195116 449.1619543728087
597.8823901734697 198.07639090801484
767.4537892301363 321.7414231364762
461.9519947754182 46.62050564845834
943.1475251737926 269.91534372834514
754.0540472281009 864.8451623229598
446.1070385951909 502.38019186820907
546.0573634001852 909.3553528227691
639.3902596124285 373.92057705569886
294.067993289266 110.80677788183797
401.20494491349103 42.330493118853205
480.56835261617823 429.56779187002195
444.5960845071227 287.5355941363663
478.77414909238576 534.4010333720071
185.70400999758536 458.78502084413833
266.7149104229048 199.30244690913665
