objects
641.0482585285606 639.5389151406179
660.0813913759307 150.16092156423494
810.0908299403791 469.0425819736405
81.82074093707448 375.3496091255965
813.733740636938 349.19901595607917
452.6900457788487 937.166459152995
618.1232031952874 114.39557993904222
722.4667583613872 361.93021371484815
774.649227392903 561.2921963067123
863.1038098645789 953.3907168306882
56.76073480808771 235.4203557845745
708.4524401266766 740.9512183822814
748.7080704992327 185.68037662363093
633.6744844550653 274.7405516084112
212.50158982233188 465.02398072249724
849.5146738894036 871.9606567574184
171.7832840310748 905.4092382033148
184.23415200879506 781.4280581263035
824.8435358240941 281.2684248463839
227.00458068286488 250.28700811709157
576.6214392181419 394.1214925935857
110.98962750728293 89.55688493063064
56.35158452381695 338.6286475519098
450.9131611221023 126.79294952929399
500.8229716022513 82.74204066324424
497.56335570637196 138.61843818801376
539.9859156197069 896.2172213524773
630.78343806883 913.3423009929362
468.1483396252492 720.9098804469422
687.7667359544098 250.686881358191
774.8563523787737 749.4422820771024
787.5568317507843 51.14649921340264
582.3020975884976 518.333574574138
724.7902658427962 805.0141395630673
101.82276757690758 201.37047367689422
249.30714742980675 338.58834835848955
279.0129651719084 846.3705411003507
100.57280264765626 884.1467948705603
456.98455558974723 814.5363827319798
277.2456496501234 441.76936309780456
183.0088742505527 652.2976461168251
178.70481876012613 311.74760776101516
591.9133316778651 337.4736072835296
128.52963195483977 445.1657705271042
218.4169566189956 848.3846837532321
152.4005675875479 214.60599202830673
534.3402375332648 468.08926512068336
778.8249302526445 407.88418595127285
48.177008628929784 411.9474644103808
944.0215412921893 462.764374461308
881.0622442847958 550.0619565973014
665.7079358741842 962.7934493911874
134.52869628001184 135.8628467602199
374.6620085736636 360.28351907938725
423.84866182022955 182.59444247953203
943.6017813751968 177.26404918830687
78.27955030142299 629.7534065131144
160.932232377212 271.6215803281277
432.25036802281136 756.5283464289769
768.7502574862772 344.3570052061708
34.86861037841268 785.9814867255222
388.1191628459688 541.3217600322389
527.7940118148845 687.7160414279001
597.1552121361048 36.30214117721006
818.4178268301487 958.2719653846419
