objects
797.7638851134367 809.6518490438697
147.5988638621766 109.82977523545958
849.6223055087037 329.7022573441195
664.0798863565362 676.2006635566563
294.05508544943274 45.19635535847161
235.70607570111665 576.1061763940979
890.213768346709 95.28684907496108
821.8642622572033 554.2934255864469
235.19772150660506 863.6788091810485
120.0428985860355 895.9444869354697
223.9794058452545 370.9468819202138
269.7979062895184 942.403317455487
62.162835473335576 50.7095059045896
120.8982161754391 442.0616088467065
434.5091362635186 733.4405842475081
756.5339481211706 680.4014926374073
515.9266324719229 748.5472696245984
735.2217348449691 558.5212604921031
122.08285942373996 788.4111511155261
848.7573301263271 931.9402304003734
253.0331481263489 286.8010250109887
800.5152320570643 119.21358585496128
481.47844259048674 639.8379940061676
605.2725092969015 600.9966865803449
395.4373466295659 484.30758162989
452.7699049326544 101.72243052596369
598.5656931367927 493.99181998256705
440.4638678062136 295.6901915850491
772.8137022334249 408.524791266632
453.31264421596796 957.294626546108
958.0734916130037 268.07239665952835
351.79908390409025 216.11935427299392
914.3381004757375 578.8990050162491
45.920839106005516 571.0370523532263
669.620972275484 946.196101746699
594.7569302833339 782.4124786976438
572.2456065660174 120.7023993689632
524.240291669156 410.08666445039063
849.4572150625401 720.2019607558549
632.5932682362316 58.04378095005323
755.3988175374772 284.6526572088178
214.69183238906214 726.9432634638185
542.7182162314616 275.59286946702565
918.8708674079188 477.5465766759603
747.6444952234216 201.12550274934125
653.5663695996076 137.62690536977925
753.3170968976326 904.5669048509048
939.0768456610823 796.7473768832115
106.41274966560985 628.845985210388
686.7024639071392 797.5165972846776
41.83640404797599 365.5441651702857
142.81295913897728 204.75973040168714
92.71913148330327 301.6913784073554
356.7004980610863 623.1640638721063
588.7610942002182 927.5750016825085
