objects
47.371533757157515 802.0335013622869
869.2132648986548 577.3259446911933
588.1346780329047 257.85659918149736
107.6633044859091 66.08067240060218
639.3204966905118 947.41081014433
194.30622390581792 956.7891809564917
576.7986093474127 494.8789173249109
852.7080251371432 775.456920286577
490.6562683908469 395.11964018972964
538.0404134509622 93.20044614373946
163.073610234253 470.6350238066812
408.09592262534727 664.7534596661555
635.0800598377725 173.39151764640357
194.08516397530326 869.8909769242093
931.9331847442356 741.3109844614523
870.4261225480615 140.53010033453575
895.5276966807019 316.4587464596744
941.7627225330714 67.63483513715525
945.7879650818438 439.0194960387246
56.02876102471877 389.5592806278594
411.1357752266656 152.43594757732075
175.36845925757927 728.1803990243753
232.3422263464543 66.88582789638619
45.36544714281257 591.0853708939776
280.07829504113874 153.50971542060225
434.7771250411683 65.88892770497353
700.0009373457258 474.2236805003541
458.3523666033469 282.5157132274523
854.8405961434481 476.36573819467094
157.17953725828815 607.3175728030754
832.0280128917855 58.529853620465204
713.6859305703103 819.2408735533978
81.8561874519117 677.4769621984617
750.4298274435212 561.487297532754
369.42282206501704 552.7402726818742
83.54846720525957 499.85899128915736
745.2452099758627 716.0073192935511
83.46558334659325 922.2869935161018
428.6739902541915 455.25963292458914
570.4036607315617 612.7535933901864
757.8137506215753 110.89418698529673
659.8396743628105 684.3763171439931
340.44591031778873 866.9453948973513
807.6406608186309 329.5711407253612
72.30575753469165 243.6405745266278
728.2188179024919 291.5219202128813
844.4063360441975 864.9314864850078
163.63496587914418 224.5671605808728
194.1319824548404 354.03798849406917
314.9670984779503 383.50954803068737
326.92075708865457 47.87266068020399
558.1922066752389 735.8636838117166
368.9293130852051 305.1839437644867
509.4351943386851 209.48302957345305
556.3305635649467 826.4451461489311
