objects
91.52388864951192 286.14110104090736
795.0736760666582 933.7938958546696
456.8640193240015 317.5896124636996
930.8719016661275 372.21650238293324
673.8920797147457 43.153960200906525
278.27816664929503 784.0193354202949
571.0585610709326 718.321184223659
608.7250953362866 801.6283788648793
827.262019363243 71.22063928812405
496.5725599644966 919.0760022662162
557.9892363894983 478.5814238668751
744.8786788689317 125.86396303312611
301.05105260657064 607.9495725557039
867.3355861092058 841.4978052875505
504.87088604130014 180.87615908273955
266.4334216702935 927.1475857129732
859.9401169953002 617.4557019159843
817.9504672797235 322.0811349706547
90.51198745209082 160.6531908571056
78.05690132455157 948.2069604486841
472.31224012115064 804.8008892873514
103.35998913665986 867.7331508954074
582.6503053384096 628.992501748234
779.279330146072 530.7952000328987
307.265507425666 209.4865392189829
807.7283507269228 690.5043719226475
642.7854171074854 434.1428044035291
84.79530922022036 619.5593611254968
754.368825392034 410.9208331632934
194.67504390223246 534.4892546510279
897.0268482437393 213.08057549911973
642.5355314703655 523.4543933750823
235.38409626228722 391.88600578074977
139.99625640566748 44.13826398897642
916.1527750840423 58.321722689076836
936.928445241001 136.6466306787095
114.68764878141741 391.4698115097757
469.44288418574956 518.1727507897756
355.914435125002 96.77661151587597
931.3013827607622 741.7959209134984
160.59781322743865 664.540279632813
590.5005598817723 355.4819402519096
882.6655245013122 518.2640694085853
258.0894913496244 58.654844473102656
605.0534900298312 930.5765697205624
397.0339082418825 852.7106517810743
665.8726575154536 176.29605647363238
686.4664572454852 324.6716243662369
56.86323113722817 42.323330855321196
948.8844475234823 930.066122307989
496.9460628977264 667.3316799253957
440.8782799112655 129.95335178001605
345.63831824278077 292.6555189330892
492.946381200882 54.177416301973295
383.4808788386176 503.2233536423876
