objects
856.9285155219993 227.28578265415342
154.59474034100805 86.3180850208542
426.7242613927628 474.6406053665759
442.2925655450518 107.52769694912035
250.93507965246596 403.83342557978847
527.6402048371687 938.916068561508
539.4005819391803 516.5963279950246
447.0140880619059 870.5777681052375
229.11560574811867 630.5717425484004
153.85612671389305 212.17968625351514
579.8079928776248 43.39242205581726
73.2508229813947 272.2866496815045
351.24649355049405 72.11734814912553
893.9910386332775 442.0604068475085
916.8070366512553 739.0248449920814
96.6433068072053 468.4286567354603
739.0058199781963 142.635683162419
505.33883588063156 625.4468416135579
956.160741442311 646.5963989638252
233.56592535134865 858.0199068058112
409.430913056654 212.08188393261497
318.51991520370603 717.6019962130368
553.1521814314849 717.8819149076201
363.3598344164549 949.3131460100138
514.2998488066746 820.4377619493298
594.4530042722297 281.28094205207975
575.57916049929 391.06228358558633
227.3389080285486 169.04139280719107
210.10019179263466 951.9952519189754
64.50934566090231 122.69691065579863
681.6250895893872 659.0129755961715
782.9505600202772 493.1800094185481
250.77779702754688 259.328987867727
790.2577402895319 594.0107079614096
301.0207649532779 472.8499121040302
934.3907392468699 252.75602538895976
599.8995490115371 790.3144129979142
822.4483892173839 759.991294732271
503.39025817059786 348.8570381467908
761.1808154125184 384.73476381743967
155.77303708192395 793.2202473240351
676.5777178457647 58.37652181875582
517.4054402197424 219.5404734258102
908.6341367105761 826.6836249420903
659.0384333652431 560.4658821375559
910.3355656060093 917.1425347219227
145.20792634868738 345.56139879768796
124.23661458560636 942.9884034155467
954.8478091877997 42.78859320966213
883.4326808373388 149.5753604753424
953.9802443719163 512.276947613212
788.6945220810342 282.0132774804231
680.6752909691412 327.57904310138855
642.3626450417717 933.2263441182737
240.72876635531347 86.69379043888898
