objects
311.33998942446703 207.7454844244748
606.2509077619884 68.35719419986157
374.09447607218397 748.4558340840584
611.579652660994 858.2137693118481
157.86609944956706 489.56824450865776
854.6846925606799 583.7179393416925
304.6363635193621 479.802947905784
512.5783889527995 82.82900972188966
920.8326764678102 511.8233347749866
256.72740187066375 835.8135960232187
442.49421720920844 522.3786033643843
182.46770022514596 909.7137123302309
716.3895573626273 377.69244515943967
281.5737116872924 593.4920567091817
479.0975785555972 824.3857426058473
186.49989870059437 718.1122841642252
927.7721979352305 373.5031708220891
348.7367796094536 304.9978898598289
656.7984671327282 665.4113596718379
588.6615287299413 589.5262579387463
508.23189095482047 312.70838061949644
706.6935236826165 289.43669052745093
323.73304627836933 49.78049260777465
140.73308858844982 277.9785337666373
766.5998883498955 817.3259656766471
745.5244404175206 510.5997542431719
860.1821327638202 425.816188568247
273.97415443558623 685.1603030105084
303.97442583062553 386.06746291749533
439.77709732682956 253.82727215424435
633.1121530819711 207.7633264800111
823.734515159242 212.45699252470578
524.2239003540757 438.0851001946729
147.39408568111972 57.14323862810845
206.27724443313085 403.710714509505
764.7919830914159 663.5565965834651
910.9377148276778 70.82026054737003
412.640937706197 404.44361915188495
835.2364882416173 768.1734306318154
826.9609017472586 47.991914560554136
124.31540403743762 589.8070835024615
46.08891911430501 234.37245082759043
761.9299364934649 101.53075246235304
879.1583651542751 287.3838326394399
67.46652663662078 672.8297980183542
457.09309137814716 905.1598588679007
834.9310826292174 955.742010085987
52.66330130704432 940.8075211702918
645.3162813581587 490.02119304908206
424.5086697202115 113.77970465784028
98.67891456579326 782.1924448844843
621.14327637491 947.9727122256852
598.1121226319264 365.375533448159
740.3697118710501 935.3799058057477
240.3209466056358 121.0222428574532
