objects
483.68020603314415 375.56842233563845
650.9819648867522 454.16080993988516
831.050270843768 570.4352944289776
259.7696434806234 645.665371538946
278.25481471940054 947.7566908160271
761.3025995065855 497.9094031113174
716.9999925973065 283.92463220532113
211.15922575589946 138.59849328057274
870.484355811262 446.4114131792984
475.9536513107695 956.54747814556
145.99601492087072 281.6432571068171
748.1846711058388 770.628333978776
791.9937940149312 957.5490532518237
373.7246996935255 631.5875100850645
905.8036589253766 189.89124198312447
746.0143618601833 141.86872949470936
69.17726305208065 641.2738729793724
483.16091821572775 240.5828994428188
249.15688730282986 269.1099720268232
142.02521705106437 189.79546153202978
110.5856408983974 954.2105850505311
328.71088301449964 107.87736454197821
180.51293245611603 512.0936596931609
53.57036576550412 165.09182538715658
370.8439752130921 445.6203628337248
668.1467975796187 863.70602192184
957.7614974222503 339.08859784492137
858.9941393492209 359.371281796631
541.3531890939739 657.3363880300282
689.8763139449261 566.2540990564086
331.98855433588943 354.97770741893953
619.9736795617815 305.8617810402702
666.1757044213562 89.82656353761169
394.37821533892037 158.31520240464582
132.62019992274747 704.5132749259805
921.3940094132793 782.6986932148333
427.10151809869643 519.5209247397623
189.45513163108242 901.5297514416208
248.08259370524763 840.3041576008707
71.4493571831812 789.8348809927453
880.7160027284073 919.5459633497027
606.1377389691248 578.9231307547702
305.131298165028 565.1445699405651
554.4247611560862 486.4141576341144
885.7649810354292 110.12131264879827
65.59680517166667 876.9503846053618
559.3254278674852 143.06637895764155
898.0503189876807 271.9598941444569
417.7034066235627 768.3147732771153
642.4711830079073 943.3766685799072
85.2049699581359 348.96818614282404
302.16832084026277 771.1598309962541
627.6698155648899 697.1692115604275
513.6156795951684 736.6497039388494
180.53863260507197 364.51360388656167
