195.663 354.853
637.531 616.44
627.382 89.9876
234.332 570.47
792.964 524.773
640.795 741.376
825.315 426.975
115.482 675.157
785.192 953.499
163.943 468.11
690.006 527.82
278.065 133.892
327.516 428.858
379.689 518.528
326.751 617.227
584.33 829.645
887.74 46.5006
211.459 712.54
394.811 330.475
483.57 851.088
388.106 699.904
573.627 177.849
772.078 142.31
829.397 824.757
303.526 758.724
740.541 617.623
96.4193 383.959
116.305 282.893
174.325 953.492
898.335 748.226
898.339 354.335
722.363 430.035
657.465 902.172
479.186 748.174
748.783 720.449
898.043 602.807
551.438 928.566
708.85 327.925
215.148 253.713
123.996 78.8315
84.4647 533.637
556.936 680.62
87.603 897.559
581.23 387.863
845.686 265.809
734.183 46.5045
472.792 198.686
372.586 174.861
479.181 401.834
354.393 884.864
898.151 499.807
898.337 953.497
277.649 953.5
481.772 504.801
86.0597 175.03
656.222 239.385
432.491 606.955
442.85 97.1224
533.988 46.5498
317.808 262.087
