338.833 542.495
472.183 298.002
205.909 953.14
468.604 452.207
164.984 388.838
726.054 546.219
51.7554 934.42
281.328 652.584
565.515 417.335
648.197 478.785
320.88 441.072
384.167 635.252
566.503 725.272
109.722 838.748
177.252 643.623
853.716 198.606
654.076 201.478
362.29 254.57
765.024 102.235
898.33 405.395
622.612 46.5198
832.979 851.049
759.848 253.049
156.209 250.154
237.253 559.541
365.437 826.441
896.794 711.084
644.002 793.117
629.269 581.366
839.046 625.795
645.778 352.782
788.435 405.674
802.529 752.663
851.642 46.5
272.495 764.492
86.6422 590.393
898.329 953.5
519.611 46.4868
752.679 953.511
127.014 733.62
843.605 492.653
416.313 47.9926
259.3 253.168
271.248 47.6846
467.553 840.266
105.381 475.172
53.0749 249.46
481.238 598.716
212.283 848.309
425.356 742.657
547.104 519.214
161.703 97.2871
596.493 906.438
559.48 242.229
262.647 356.113
298.479 904.707
46.6073 390.226
250.665 149.488
453.796 953.033
363.658 136.885
