898.081 529.58
709.796 142.546
369.532 545.348
142.872 356.548
378.855 439.073
92.974 446.657
541.853 699.252
847.758 619.406
213.66 166.44
416.755 46.4965
850.183 334.039
348.205 646.115
354.794 901.905
239.249 393.144
155.767 953.496
844.815 440.852
897.741 46.4796
654.947 496.997
77.9639 46.5914
830.169 151.111
334.559 274.85
573.431 797.683
898.378 805.788
113.002 144.55
517.516 576.066
609.906 621.597
260.166 778.922
679.373 804.737
610.669 354.528
63.8569 881.683
59.4145 296.13
553.294 479.469
327.188 169.962
485.747 244.922
515.252 93.5069
156.047 764.327
606.988 149.294
797.891 769.781
694.908 295.489
613.672 46.5115
221.901 683.293
428.014 148.879
886.237 237.554
364.52 799.351
253.682 921.534
789.987 906.723
174.732 589.554
72.4609 577.278
599.804 252.144
760.357 673.951
783.486 242.924
67.644 692.454
536.997 953.136
463.953 766.624
307.794 46.5595
412.994 341.623
706.568 586.141
893.074 908.667
758.763 497.345
639.997 952.836
