484.542 906.574
849.669 660.565
696.407 149.595
705.253 46.5
851.482 46.4999
877.23 275.772
406.12 255.224
898.386 409.427
208.307 695.034
283.361 903.062
160.552 186.679
795.458 748.144
668.282 799.957
373.621 411.122
305.531 46.5011
492.059 803.479
390.579 787.146
90.4299 595.355
805.311 854.902
683.413 567.578
703.101 703.02
898.389 751.927
215.445 273.835
94.5597 860.713
617.287 646.055
832.535 488.627
793.807 336.186
151.202 465.262
309.775 151.096
655.68 284.489
132.967 765.141
581.237 855.02
783.566 230.889
269.794 395.071
218.431 101.478
196.336 847.158
51.9685 492.956
480.335 461.811
46.9969 953.011
898.383 138.015
699.513 377.63
460.553 642.37
345.879 604.911
898.122 569.56
785.299 580.157
553.78 299.503
604.144 195.309
195.066 584.795
314.456 302.262
453.685 158.266
94.6214 284.617
775.527 953.502
293.354 753.137
461.143 356.702
537.297 710.945
582.771 451.047
602.253 46.5486
730.393 475.917
64.4009 93.3899
634.897 942.906
