52.5826 850.91
270.823 864.498
898.291 515.947
898.355 266.123
264.706 461.484
647.272 650.174
543.907 858.393
809.055 777.185
596.902 160.616
498.015 612.283
415.001 719.632
697.318 849.417
690.351 556.687
606.356 940.379
438.891 873.611
579.097 46.5049
372.205 91.5694
621.814 260.571
358.406 807.542
736.78 96.6075
156.057 46.5213
773.239 425.844
336.5 287.12
459.667 208.014
140.006 271.177
190.399 930.035
67.1579 744.237
246.642 610.784
737.471 703.123
322.697 953.482
798.114 619.849
99.9621 167.742
160.054 513.62
763.918 311.758
826.764 46.5
574.553 429.589
669.115 352.067
890.008 713.494
176.338 823.486
343.828 645.175
898.359 369.25
587.307 560.226
603.689 774.509
887.296 953.437
808.385 170.671
143.214 615.238
898.361 120.539
46.4993 313.767
279.043 143.823
504.046 953.398
483.435 308.304
374.391 441.518
57.0855 529.175
362.638 543.846
807.287 886.878
215.689 342.372
461.785 515.781
699.937 193.066
674.387 454.932
264.375 712.76
