750.142 544.293
143.347 527.97
91.749 250.627
244.778 736.137
148.459 87.5527
848.842 573.682
532.962 692.904
353.909 590.684
481.012 238.234
46.412 749.008
365.76 801.854
435.417 725.98
387.254 902.588
615.956 632.556
165.067 337.193
754.215 46.5028
778.27 758.877
316.161 46.5
426.422 517.303
527.648 337.879
708.191 834.362
626.634 735.418
58.5579 137.831
737.632 148.02
408.232 92.5607
898.345 196.159
502.9 587.697
800.663 229.343
556.389 810.498
143.93 715.853
698.838 243.434
709.788 674.637
229.429 472.123
537.28 441.28
214.032 953.5
898.358 663.876
505.104 138.091
332.379 475.292
898.355 906.416
803.077 946.986
398.165 396.438
608.953 953.232
306.272 149.024
295.031 255.675
338.077 692.497
898.408 483.424
861.084 312.759
46.5919 953.467
782.727 379.611
232.919 852.452
116.883 428.239
46.5179 563.088
392.075 290.19
205.481 613.807
600.784 176.227
505.857 953.52
131.356 868.771
206.04 172.749
645.57 331.591
647.583 534.531
