898.131 760.992
613.857 430.962
320.501 240.585
197.471 423.147
799.119 953.475
410.363 293.586
547.878 517.539
246.2 46.901
88.4247 495.873
257.167 159.351
328.59 953.394
437.991 523.968
289.704 654.905
898.339 312.099
364.625 856.901
650.647 527.199
898.309 906.635
898.266 521.495
656.008 764.886
804.999 355.656
511.743 903.4
750.152 641.764
46.5058 391.021
128.695 155.863
485.846 432.756
215.596 844.396
614.661 911.749
706.012 384.528
46.6282 218.223
372.783 149.735
257.194 321.802
497.731 607.884
107.227 819.303
193.642 240.516
559.39 95.5368
88.9645 59.6664
756.036 789.466
664.189 274.959
477.88 158.559
334.743 755.079
46.5552 735.404
143.579 697.237
474.585 708.252
804.874 98.8933
536.083 247.224
616.944 183.416
209.855 525.715
362.681 46.5062
753.185 538.68
850.49 665.148
817.179 457.946
458.65 814.82
389.349 394.42
710.847 140.96
316.712 513.068
147.361 332.664
600.317 617.094
816.472 249.585
61.4516 633.486
553.457 774.503
