objects
590.6959733410633 779.7091959832245
384.85665180848395 905.9316263210335
642.1584367996813 604.5829099655033
884.6720774077638 724.5939980675423
238.5915594818095 932.1383229514217
507.4823241625281 560.1481500875979
722.1091419435188 226.4395206963838
479.3502809632676 387.1957528734435
187.28888200683372 402.9750895695923
575.5992842942346 180.57970255689764
876.4344688928942 461.1634614563854
908.3950804725548 877.5687527438205
448.2253039045514 785.8982114736181
157.0297463121691 733.9379169822223
214.03912801550177 529.1612523209916
399.5383356901499 145.77136653456898
104.70278959457629 898.9388675061726
522.2113294504707 897.6756727774884
249.3829329224834 103.96914162301539
712.9223124297007 502.18516437686543
862.9939315480583 293.30883854630406
359.4772605333253 433.4757317888881
765.9531225982763 111.24034049638976
292.8882109109513 802.7147882089073
604.9599736371844 63.91427248536394
129.06415208301107 85.5435428452725
353.7921597110574 593.4382438626354
88.41613633729865 265.6472776206524
330.69761150992105 313.15795550406636
721.0835265445206 830.419465515193
711.7356508593402 381.44021984668916
222.1263660361579 266.90141604619015
939.0607996652716 74.62552401648449
603.3946323553519 319.2345035311689
124.08913607419821 610.0368087571019
