objects
75.92576750586382 892.8741713697333
852.9645082516719 232.29587799900992
841.4621340146181 709.2812995486705
359.7585891850312 496.79804164348207
69.0563960880427 723.2240314356201
874.5181529682488 571.6103351987579
196.17020029611427 755.761995924118
510.7303210515733 300.88489049212933
598.2471466232623 822.4556478485418
643.0349425580453 345.5572682709895
828.340033388718 935.8920879323836
519.7083964124663 424.54900622617873
400.26273225419834 732.1383857792313
718.9753015188584 655.6748832697008
92.57449331676467 221.80495468670273
63.290771301053574 356.14677612572166
182.38151642272103 403.96412462420415
902.0819958222105 425.187374104837
379.2408715012397 299.38055389474795
561.3353086636868 63.58878036459423
92.98252035177349 479.9471658323064
359.51648955774436 896.9690096182761
604.7273064307474 589.2722904807023
931.278596191223 108.93588986766028
713.6868909402187 84.39525484763413
240.8335523169522 154.100837723192
101.24460899073216 101.39835842461162
762.9841916430454 810.4798677598849
427.9958275229579 177.06428007328373
681.6936651877888 918.2709681578774
736.9243882994573 433.2570629491562
744.056862643342 279.5957094671967
262.7480152763108 283.377693315264
588.2718230169713 192.80793565179147
180.05618658178244 630.3772815555444
