objects
410.29060031597623 620.0266989532926
120.4327345940583 744.0989909589084
741.1341458222785 575.284575975509
776.145567556722 213.66966983868923
881.4575306625044 751.1807901075723
100.31461319721886 346.9191350142234
76.30674903403333 75.72599704488985
643.2442105866654 391.0449473350184
414.1213373596194 477.9965893242975
494.9140671381854 107.6484888682821
292.24448587030605 356.3139700896854
241.03351598501604 597.4215267964397
850.1642950984175 898.5669638670632
141.85690462064701 895.3320945459604
871.1170927368881 287.5800206653045
379.7583826606901 71.83721085465722
761.4547594309166 814.9217377144494
546.5707647677235 892.3031499441746
596.1200127380963 755.5711316794224
313.5536926724148 905.8831466542838
902.4604133994286 539.8012069092738
830.1712177594897 79.65215874767736
241.99019881181113 140.5712958463418
919.3362538836906 398.75175053075907
422.1953453576102 324.17645948182707
678.5791751827729 118.72251968516863
646.2000026290726 243.2830064834938
79.6536711084291 595.0800939024192
424.126141808643 840.7358637542244
156.78118993187064 238.99894294217881
740.8601302148595 696.9228836871308
545.000600285613 646.6516038204112
296.59292300784995 788.1680219697412
209.44550840068348 464.92766875526075
939.2169331884859 159.9062589945625
