objects
941.648812389208 52.293288780374155
884.1430353227488 751.90660080295
335.1637704893702 722.9482224097478
859.5622896284615 191.07180127291912
399.7067799267936 317.01615361993595
882.0552487791376 951.3679125368544
52.23619341813976 44.56158333575308
912.2706211689166 403.12760928936194
724.3256481735317 134.48603292349048
149.88487415120335 369.0190562703643
497.80685219649865 721.3589810995092
433.3743058735221 678.3643018796105
177.04023423780188 143.62386320904275
307.3403396638148 684.8342724931998
616.8652231418645 755.7977004124745
208.1887924946045 333.8989289044961
672.8933247331147 754.0733002805773
514.7704279927298 954.3833999389301
810.5522795640038 199.64717809627626
820.6808885391246 616.2914480481062
75.5767125146081 876.569294809386
55.94176280183086 920.3207795289355
912.225711949922 246.1519664895403
947.4924027065597 721.5247100674579
811.4974858222923 720.5679796095474
466.02550798304236 841.0742348777221
598.2573332149892 503.9714822964334
157.9749461678148 306.6120872636121
380.0967557740304 634.9714648319053
947.373959501368 180.7124341423204
785.5406839879407 337.3548718569608
477.9566332604663 148.41847001276633
468.1709026622632 466.41649413775025
430.59129345574263 467.70303300000523
425.7906840448451 967.0104902365638
509.1798019402832 397.08753408217933
37.53909992624036 424.2348107787389
468.9647651645545 579.1617158184899
984.240026776309 616.3332546198789
736.2556307011887 301.93538730731524
692.9025521545557 361.2610135683731
910.9951495288225 371.27592726246706
166.92115480142022 409.79543780051125
102.81966751097498 962.6953049237185
683.7857541685834 149.42014932784164
41.96569124777428 517.3499932969789
98.50622042441994 453.32689331055207
402.3514275479287 105.77256608181757
291.76425389032113 55.14033834100459
328.0036747726041 659.3787863607465
190.65811061726868 944.1940941959158
363.4611753081885 778.9661919898936
95.59506099965716 837.0961859752821
575.957439961348 964.6089071928623
776.7632863676043 515.0819673292903
685.60325752731 483.97574830336674
934.4039082214357 328.4491727045188
218.94282587229785 218.48375473022296
782.1269276284605 367.0679261920628
520.390641120052 210.8944034353106
763.285644046255 546.3557360452348
156.61199076869988 238.65853991460304
231.6416147983936 538.6909956496986
528.5562119776755 287.3440366166592
924.2509885772765 615.785177106021
118.57303441163585 486.1957997050115
950.7429054166595 589.6515525269724
244.0136146456719 71.00957037624086
367.0440888255718 863.5501840498592
149.65472727389167 840.6749283724821
93.35700495206588 269.09924832456915
165.47591140735267 893.4680530425635
866.0475123040147 405.3369167473229
769.4141363401416 149.48916579121152
866.5339847456959 776.9166478028683
281.82481258063433 319.4075988734765
307.22227399911566 913.6798220046436
829.0102875134769 162.4896242978449
304.9013647356245 760.135094938795
314.19983768874636 817.9967796043009
62.41074297898264 376.59454244480526
321.49356644000346 335.0920240644227
756.9944269926209 691.0120412977916
917.2767714172928 507.3465287020648
552.8388948578945 415.0389186241638
666.6841682229287 680.6360856045003
341.3403975004762 450.6222164384309
961.7853377227475 800.5568829098032
302.73794901134977 293.31035443273373
283.5106327665867 524.3190601511781
139.58060124656217 105.69636463290325
599.6597308529081 465.1381441249427
654.4916307417548 471.88864258059016
613.635632970377 867.215714283497
85.43135496860407 578.462504507856
97.3665817816321 360.59911789167325
686.1673840259687 193.2323042176548
20.7085566016478 933.3472732158762
740.7209366663237 476.15416066917925
623.721950903412 561.5236071075318
685.1920346782916 46.65858611843774
193.81235138366114 266.1368601119812
961.4358011044563 875.5788898889911
34.18173097486757 151.4160629431346
880.1218652280035 72.93693443295665
717.7398381624314 795.0487229651302
825.7739555318341 373.4772809155902
362.82165919013977 347.5705483131874
400.8535059793518 492.8105017608924
147.78482903503343 75.91403291236053
696.0139135597859 652.6073544188134
642.3395945209755 710.1117111382455
632.5672500213313 630.0131917780628
172.21704552858816 46.86703293060893
572.2336786379431 872.0307479708373
496.75863299867257 553.1214817495177
406.0200252653174 751.7425924412629
61.56768370492952 113.93614101580911
784.4517286239947 572.9375646594575
141.4880337341881 683.2642031141997
435.59375838361035 836.9513212677872
387.0611069027618 606.4284936808239
563.0590603058754 327.1090510372619
625.453434894472 593.2774291517558
289.92906739823735 139.2067581354817
422.94667881239167 913.2421874223853
970.2621886686065 908.128125602636
859.9461776088779 247.37078748985445
556.2621324182829 468.9825438161205
332.82464533390885 795.3643655734497
505.841191576141 505.62335470406765
503.55932401650267 647.0771605487728
633.8164535380671 907.9072248996007
535.8554739342403 812.2580389300715
137.7429805976081 761.2762740511479
194.9542456062823 653.9629580019825
771.1601302861561 244.07934556159302
44.25819998891471 297.9937793471323
112.17764284358167 318.0940087544149
704.841861384584 720.0361795430531
