objects
972.9968386844519 492.08317427034103
801.75061458335 796.8901642694779
222.0642161422714 693.1112957580899
194.5428153226643 59.64541274541371
536.0143944033841 763.6310266632936
927.5906504319512 521.048858180188
612.8882586219818 412.2939719333192
196.60449261388698 212.19620307853205
514.0943957055836 398.40643174026
909.2611989112473 206.86338518366318
223.1897048333585 20.42761539050289
175.06592824037628 379.2226944605185
768.1494262588292 396.10895346718314
560.1158394069972 555.6598920884074
407.4687104825049 956.6890939602499
220.66204373181216 78.60774792620609
774.1070164961591 949.0811906063694
173.84685002728014 316.2872002030471
624.4560658972415 959.7713332694574
896.0772128842664 64.33909203185108
912.7758971861788 393.5695567281101
495.3553471198904 178.62761637512816
861.260911068224 235.49287478601062
872.5078537132337 715.2373993341926
717.2034520972079 889.2148006569704
761.7431305187793 631.3153512987101
587.5089136666899 330.8154121131369
307.68808735753225 661.7293439284799
131.95547242411155 768.9481182304654
221.09754791436617 854.7346773587626
201.44372810563925 620.9393051313056
865.265378999658 803.7487372899498
932.4690375857575 685.9127520753151
798.6562839004907 382.88044301837317
971.6064625077703 31.119990291419462
423.69143727199224 743.6300573558666
870.3979607074479 924.402532476097
299.0785389699519 963.3167499684405
464.48476547365607 768.4072539309822
309.79270592910626 534.7148253639008
892.7925554445483 752.4823963066696
277.22510947095964 619.3403780715814
233.22460355269516 663.7650921807325
413.07597574789315 311.3845778771254
774.1128360698348 700.3716726256429
961.4483469848756 932.8995536288335
893.7626174985094 427.7133272313378
809.9673850650672 454.93355700761487
350.38339527312706 320.2564569388574
319.7499376726005 825.2258704935051
434.1611733717212 124.03763463895322
305.8432176949943 788.854453956854
524.1629216110368 692.2330583700802
273.7712266959514 665.1210888423132
540.0295786035784 63.42466941726322
751.9241058189066 247.38231166472525
193.1667708894591 572.4730074990431
815.016230815806 592.1381835194715
541.0470454371288 255.6378763418876
793.8176952222792 275.86834015070025
299.16713094940445 29.34982743156222
293.16925524766424 114.06958979102319
691.621415378638 437.8278048379329
376.72838919818946 889.3290762749201
745.6520050334169 586.8314687001673
804.06083931037 72.07498124770416
873.4714704600143 488.84071988653216
668.5058224937687 163.71564318770749
831.1050502622304 809.9436860376027
971.7828482779335 326.3000771169004
597.7343265300975 877.6732544899579
691.5809323985405 370.5132699831607
608.8741009822595 789.676796248046
783.094665705836 471.65595225025396
869.0702174351594 315.328280325979
714.4983724476433 89.62204907239075
106.498324651651 945.0026914009958
717.8591296503223 516.6751109739344
856.7819773238613 893.3199157242456
516.781661981506 334.6053502565612
809.9872359849684 842.9903622389623
90.32855207307176 518.4833255933981
636.738993362927 16.765621141500965
662.9154532848108 620.8206463215606
75.41034958754022 381.07940961611547
606.0373124068485 543.3854464864363
317.94321143100467 485.80879266899166
593.594597872841 376.9061766789351
490.8329121425057 296.3887912573521
855.8724838215196 138.87497806715012
407.6314850286883 801.4721419210093
200.10356295452928 459.2823244760174
482.0984794569416 48.76398018206086
814.329224607055 140.7809776784108
437.6010428054098 919.6254487169546
364.0913064144287 758.0323736400337
857.8264274860223 839.3604149363441
578.6621778306271 977.1995186599681
952.3681088198252 174.69952024764046
478.99832667254134 927.2438979636133
159.28082595717294 856.2706323686359
350.65754723036673 790.7266778899326
663.2161267562627 127.05242273843213
454.7866639942065 555.9232509199207
25.317538592731573 776.5154621519395
114.99087982475234 876.8087626996742
792.5982857937947 195.7572541669942
341.5463551224121 98.41488325604507
749.7342851248602 70.78448821001996
644.038968319904 364.74868137219636
570.6428729500518 918.4667670893698
824.869412537716 544.6699441672685
178.2267353378555 934.7559975801066
523.0612530459199 959.7515504849132
483.35430530536394 549.9470354702696
442.3812356955454 437.0356256196745
652.1872139876148 213.13710375844437
565.5481196386199 412.96304145733535
232.98983875597384 295.5732251253928
729.6220180936581 855.5779713968913
27.86926367530733 133.62431073780786
903.7008467912275 610.2961932494854
393.49232147306003 388.08668305934225
675.5230167880878 530.2508058421195
897.4989928899923 131.0081364973643
525.7111530195656 595.1082933485335
110.92221461738686 440.69862316234526
270.63162886166447 302.32212895158756
53.57693191300113 227.66054687552784
113.47701867909025 287.442160676867
402.04972583911587 89.81148566503839
104.98990148806996 112.99845942970958
804.342231363875 745.1155216299868
661.0091165647614 65.71465933110014
99.61562652782918 782.6592031959972
586.9190957058946 283.1684869670532
853.6635394225668 961.3190326829863
570.9018384257698 519.810634155036
462.147343137507 620.288980002178
404.23080771097375 654.9233224334937
