objects
306.0492505598477 980.1966624205759
39.469945726354865 149.0834101432001
653.8988995790166 220.11681054076215
298.3932865984388 819.0050566994829
98.61701935463338 191.41271751408476
244.67022562062502 733.900026731769
677.2813662789542 980.6330135771332
873.1705718340855 862.4707904085941
804.182471982726 596.7018433568438
901.9389852205333 256.2016698841385
742.4356560541373 178.07766023244002
921.5378195465606 448.11596593053196
131.05197656712875 848.0820806610802
863.8697646802156 609.1737197784067
529.887226480255 836.7512250107382
304.23509481418705 224.73264662093413
145.3592636363622 516.6218558683383
722.0896399295134 731.1559693665481
918.000782773576 67.73720940597333
674.9060077139102 55.08728436155428
72.61924879642001 588.3959029045236
138.64262501342793 666.7987098176569
430.51923053519306 951.5361291764006
879.6202788713888 720.8119972451799
899.184861231028 202.2830739148116
451.3066689747944 877.3673525155862
171.11745364021843 95.01522717452929
315.9880668228197 699.1775247281148
651.0859224102584 920.3662307685395
822.6992333144492 957.0126214935194
802.8736497618684 183.38923194164244
454.3107771205152 70.437231837582
618.7011612372435 20.39207215868759
155.329732706163 267.0728991504433
351.4420359994444 455.4327063639301
420.46561870590307 35.8031582036658
648.7584733136191 429.19863508299596
406.69196182518107 721.6860388797854
202.48183641565612 429.51519905229276
187.07229146387317 920.4942674058607
320.20887439296683 576.6624705447826
938.4179009345906 903.8302911710628
360.44626708269794 49.73846255765213
766.7763498070473 706.151452088586
930.4072063562401 817.1370556864489
229.94991479070669 61.68955332240823
746.9160634629634 824.8308500144678
866.7281442846455 389.24987781064203
693.5947580372837 374.5473459605482
785.8860411679165 491.6704346393689
319.0759276391466 617.8051272697967
519.656611594051 87.51976405476785
207.80469667449393 594.8227166733741
720.8946988913725 445.8486879787197
927.2860570914861 380.98153717714155
789.6377921749018 973.5222291709291
491.5348736417335 123.13336139420893
756.6609641516243 205.66750985375717
492.0002221640711 718.5967128537027
853.1049213111475 109.54055486259657
79.75753824318542 140.02686139597355
836.8019615930242 517.1674014478662
728.1541984900376 672.6407680446222
815.7077341218521 568.1383327375155
674.8689914166097 147.54743205306622
66.97822438878917 491.27072815182885
618.2427127010908 264.43615585761285
647.3591449483649 74.0101770141069
627.997705051096 944.3034525050997
474.5940825060351 458.47733068901607
263.82629177823657 446.6854840430409
155.89370359666984 305.052211027886
425.2237165451007 505.6190029798215
583.6404625585195 427.9831203387619
295.2570981631293 449.7013738483253
470.26037186238943 636.9615389600124
592.19296168932 710.6199240886112
681.3513418616287 912.7560764494801
207.4283428138322 260.7183699845347
284.25903515752924 960.6557349026058
414.3679536711023 603.9081527225064
210.24669715424602 686.8705043812478
213.97679045879008 345.65658912912465
819.3637444261186 403.0527017466927
695.5869695721242 551.3177507131624
448.3589170727183 15.16995604515133
115.49922571271179 512.8675355570504
804.3434700497194 714.8662308504548
210.56498230691687 754.484942913774
583.4240660859527 159.54583551465043
959.7351805603544 805.4172364312134
799.3095121650211 845.923236872999
704.2279002268407 67.86743192249874
435.17429372102345 125.32645356767542
331.47737901623157 920.2090585757684
430.8266059534784 465.99639499135174
205.82151715082028 482.17679443518733
737.6890086588237 233.34128115464532
518.672323714815 339.3850666114669
251.95730156507855 126.67173686656845
739.7990645449304 396.63113609830367
869.8197844524425 564.5801004528508
205.3024136483153 868.460085394456
54.345937300030684 362.09203718610047
506.6079113046798 302.4074026749811
222.58957335149057 904.9480845131143
898.3623339167101 499.9242586188475
913.0383028129655 705.8566563762981
543.8013540296901 171.96016618932077
531.6703300028406 271.07378321134286
53.745523591276694 450.06016530844545
616.3513228080227 976.3495323060209
124.683330512546 775.8259577135696
390.7862799503978 807.9007935731936
946.4499824284933 623.8458095739894
853.2792626335132 237.39301857155903
108.22510045434645 678.7877096536608
475.72081453767686 673.0346759272345
585.67407640263 293.951192375132
562.0846856884382 86.8537183498931
119.7224133849343 965.4509839392881
805.8011720766917 468.60250197801105
729.3327936757881 639.6822202109113
257.728954675976 203.35138886969105
148.62069277522647 378.0721597668785
740.9109779143072 541.1497646814889
640.3765479940713 322.94686505267447
19.61922609217053 103.72298958171633
262.42240733505616 35.55147520089216
68.17976462996455 934.3778628638536
493.03325296712745 554.9726575221522
536.9797017465804 544.4353018599082
402.4472489067838 170.30161085232487
31.287112509810147 485.249814336996
776.0974678803559 577.6122045997733
784.1650441541713 37.03293143201607
257.8363652144196 613.7504683588946
508.19099690816734 373.95040163936517
155.7892189767681 202.03262689049532
484.04655998574907 584.130723000389
