objects
546.9648249208032 978.7624863616998
847.3277332739523 688.2133263545159
450.93702362449795 757.8314338943721
721.1958622865708 562.7450784993358
431.278060147437 189.25366366989093
309.42375456365556 141.87143034770693
542.9932337092945 319.1224037842486
771.413749295942 596.0150207044767
720.4501949531468 815.018046598014
87.2307044622969 866.5251476160173
982.8464234959588 736.2218414773772
31.537772134722424 139.63739569651815
837.8135398953691 770.3300648521498
871.1753150835334 542.6087734677609
337.19951578348247 815.648507218383
203.94791974813631 770.8673022562945
509.6137856810938 159.21649081266656
189.70159151975108 396.3085986846354
494.38708553990347 719.4934093766778
588.9608921714624 97.25200995806105
86.88749065175637 555.895872240551
562.5595877129425 753.7096213035699
937.1919425979006 495.3609235912475
943.3618278425472 47.30010084242319
598.7735730850256 903.4238587609472
287.05877034278586 542.4155044618158
61.12570592980107 191.89799827706545
271.08042025363056 691.198329600044
310.3206524916743 35.148703372941
841.4199257617838 862.2701224758874
434.39039353050856 321.0557915044425
50.61834612887259 829.6475880910945
981.9577165284679 920.7969553430424
398.05331792183324 915.2472034557633
143.12766420075303 834.463858488597
843.2914002148581 969.4207270837311
507.1391209672526 410.9765935260156
244.2996357013235 951.0495344090749
599.7368549434457 699.1037408365065
228.304067414384 299.5545174681369
348.9801405401513 108.15552679843744
529.8081800427658 818.8991160484628
961.5298686212934 588.093776371805
101.84492354834812 663.355351443517
286.43351059728224 830.8405227107919
665.6060755231638 725.264103656101
218.5917847908933 102.5242884801453
425.6295683483451 727.1154010552563
970.3871472910605 308.80913792430925
939.2477435299869 927.4341611718453
696.0842481663713 93.42776329609976
318.6891002445887 781.0494402237947
650.7895260166512 524.3660682577126
681.2906845288643 274.20788564716105
888.2261231518197 777.6674780967771
266.42149745382693 74.96952624116695
132.36985358495514 705.2099473522723
833.9785735400015 444.96788824965995
801.7103965678814 483.5221505193708
226.7596522601092 466.5483351763382
150.45478275929185 795.164553021532
945.1712700462843 557.4242152972464
115.6303205732356 453.7450758324924
561.0056683428596 431.69963419604545
378.45805031946117 461.6783219568408
719.8198190217078 517.2617967209104
954.3212289845528 969.8015560110651
836.1936699432615 807.7718813235352
615.3511139358696 304.5218123406882
20.321740376546096 237.59079598458538
618.0660142970686 675.9241319700074
601.0631535452338 223.03515229087375
903.4472849640305 941.0759718259523
586.0659434716507 510.67138481872666
626.298458745075 168.87604332757894
713.173560533852 729.0286306773722
787.7836125728952 309.32751471819944
49.368938343315634 356.3927750209846
301.9798162664865 223.2082086630122
510.9052182435395 967.3035148730668
71.48507223606187 471.2617497155822
521.2084554407955 562.2543108609725
146.2382558374184 899.2104296234701
611.8772887503579 250.45510225264573
484.0022652618839 935.9706908001252
958.0894756671429 241.83857218683391
237.929969701968 559.9151508564555
56.31986597204288 398.42808637221293
665.9727043072028 784.46300335225
744.2255091407077 540.0641806070294
141.04773946779272 170.6464989286909
802.221045929562 108.41502083872852
444.5608854540001 137.68879041555434
399.35195352097327 206.68851639856248
789.6801410682896 71.24743455141027
341.0768442327573 711.8024508187142
147.18959496512025 491.63001245261125
761.2547383255301 387.228528125092
874.3127276548377 487.3146903201198
223.7720007273469 610.5397556239129
516.5185776770642 673.4061990863951
221.97049388307244 737.6163807365739
420.307675665195 507.5546486908251
207.9635477732129 848.6154824338084
479.61462440076593 770.2721484024092
327.8516930767773 614.9852877976364
58.53460213483389 437.172392817669
544.9144814690468 717.8079876815522
367.7619588296188 960.6964935135478
506.38867646680893 874.8272826429873
874.8897594323396 49.368131599941236
53.7192754620705 772.4363225690971
892.4632402382118 392.7938259805138
813.5534652877709 664.4400283839763
337.4876817206714 402.1945949345902
278.8972421999983 960.119080141842
636.196728408655 804.7996708572181
689.2112084133324 201.1436644546068
54.47676676839724 326.1693262330044
426.7229136414142 906.555802664063
753.2692098262014 123.97030505471412
643.205032805557 39.964115363671795
848.8419972612929 362.3578867954217
668.216771685 168.41999898039353
418.22549630863153 355.5824007769209
138.2271377060936 109.225049003823
327.68792356698054 440.48793114395494
283.75772142194427 646.8247243508154
474.92640760083015 92.43603439218228
36.07287468415932 580.257968029927
964.8314885440622 617.7067752129436
928.9771120828298 460.6499710547256
918.2934011926025 208.49479956580606
467.0820504624695 644.8112039399105
523.5577683677784 436.7744778134881
758.0308195180123 77.22793079457834
557.6794372164696 547.3065123458688
394.8317677586598 309.5183163066917
569.0626541299366 352.272278605899
469.3103110745133 837.2431408741888
