objects
392.4310827524614 51.03593777788686
301.56180556719914 196.13509579393232
429.827394369671 121.53572905364017
453.5671541086629 787.1819893764352
394.9123908434631 695.3627334933198
155.1696364968161 817.238070220845
354.8248381537399 533.8187594219665
252.21103672350637 457.5916040028018
93.43024382144742 967.6333002267969
919.5658609617856 408.73488575885307
704.4431766932869 164.43653107523372
94.87808288812623 124.4981002557228
739.2850585083487 146.76515567457864
615.2315639722358 583.0711347688538
320.4283920011321 893.8018246519814
884.827416237231 557.6699348225924
975.3642959969766 137.125910640679
480.1778522422848 940.2443083800699
790.7899417339721 393.23867752798435
55.40519404952569 871.5403720621501
833.3685113213347 216.93721443754202
198.7658190966928 250.75484746665057
605.4506656551048 362.36519017867727
596.2804320750658 449.45772261019806
648.5654636146908 565.848344258396
348.594258457092 183.84267167091832
353.92595669034597 960.3233882288159
183.70825062776427 96.2471299816071
656.3626565313244 613.461227944347
664.6694031686951 67.66588596299381
231.1593031246093 348.7569843216145
546.0382145393116 836.1855491957016
270.40225336549656 859.9792009892227
85.13223481886696 15.60425867836404
45.49051359662817 806.218086079908
598.477714246247 715.9231807933219
326.47404141081955 627.4802821584341
546.2662510273094 549.4987777723715
437.06321189558247 484.04562219438645
649.9573385949082 285.76595734042235
550.7901669557431 286.1776602132233
569.4672397718458 224.33337835149584
756.2966390492466 903.3503201295832
935.9447389191906 130.3663791009314
412.19664474777574 865.0442148628342
508.9330399968738 105.86977741912563
834.26268270262 281.71601510147434
142.49025255821022 166.790340790878
966.7228489140828 977.1176413767563
238.1689704670973 135.76798136439183
631.4322170879528 337.1205909260077
45.95580202259628 152.24167874526756
173.69952482101024 454.2979305162754
795.6108598002756 843.2015884294811
418.23700828892294 509.07167445198223
284.58393505641726 743.3813147168137
404.44869546829625 724.3275746741791
563.6139208425222 913.9312163327188
940.3034603083336 300.52864170016
224.9648866169433 167.25311549887712
241.99049133717833 840.9426521384468
502.1726833865867 768.9114746880734
416.6700855988182 241.46109646812636
840.5947038307665 402.67233264517006
950.0550314119243 63.82764867928654
122.22335145560184 621.4278707209999
574.8639062250819 89.01408002038721
248.43850459210933 270.10444241894214
363.4450896222719 430.93778820909296
852.6151423647538 660.0369007849581
112.70973374591378 770.7425632687654
704.0574636520229 757.3690456006412
384.58815575890986 258.8362724862983
38.5885504020601 755.2600545825043
588.7816171543438 775.8399099707364
497.20781163081995 383.1924108243519
578.383684595948 274.0135209619057
267.76453204741983 172.3145869036655
914.4823125586012 686.1010525182938
78.70795112943146 432.68990318814343
390.7600698929684 396.86088515042127
849.4173563786914 569.7323833426653
760.6310398301432 385.9239412117739
246.08880993882107 944.2620112013024
935.1491274494724 719.7611710792615
883.9171963886155 181.23369705534617
173.6050255844927 19.885118962662197
514.4187491279658 674.4292410042842
186.15010242887536 578.6322374700935
677.8331781206546 963.6236799436476
656.9566579892062 719.0678358115819
847.1461666489363 177.38455829494902
201.9149875000606 514.9497899004424
609.8163220409533 170.6133707409529
34.106226119247324 503.4470523233931
862.306393191528 611.4111721777786
731.720864769402 213.64550781820697
224.90333307060376 708.3097771493284
886.4962432321013 503.0046922739692
248.2833867953098 488.0924470891895
297.70417200975976 667.588542145005
142.80704185741848 773.6312829145818
211.5089788524446 437.77771488398787
654.4296239667862 678.1221521543523
782.2082600231482 17.56053276488123
40.879714107237604 396.587335749825
129.90117985221698 837.7537408790272
152.15848000222465 409.2495649856779
42.05863549624404 276.20316205078177
392.79751208752845 790.5370276963112
893.9807344757535 29.17694343011972
594.452955869545 965.4827059104133
555.5124309501325 664.3740364909737
247.1909233042227 223.58735365074625
172.04921333112932 268.1155878276412
497.731644120294 30.614191657807247
714.6202396690276 487.25400012489047
16.07674146214112 342.1419553180885
554.79619145244 699.5600038649332
294.6799430054022 152.87183888901617
689.575091618498 824.6320559418077
853.6154122938025 51.913934546515165
603.8316482878432 917.4050297233196
887.856397164069 855.2222510359885
480.8806205275302 492.4925027239482
86.21982633594345 648.9047080519596
186.76495296465023 952.83547310451
257.69986182329285 971.784189286984
970.8002163939733 26.593440272566
521.7957724465614 922.792709741214
960.2893012725367 813.3354515203824
252.57082726489688 20.149174817932252
440.46441647749396 618.749305840405
717.3682098788476 544.880545788372
636.1795739348428 530.5206704945246
38.09443624107214 644.7921510515051
807.2618522516491 495.21453989488083
239.18466902816957 629.2699646997139
896.923151450641 659.8213519412677
876.0595706568748 85.97159725145193
