objects
525.8306964109473 632.5416349155008
553.4767402734955 234.86309056965231
402.0060964741534 593.5585354671732
671.9015980165684 360.4282348644883
607.8026303863485 404.939587080613
586.1556445663816 677.0257304179346
698.0010949471946 645.1086468735319
504.3029608702817 377.7256623486105
354.81464854990406 534.8052791435632
174.5310736937258 757.5490943264404
347.62266072449336 884.6813052517464
186.01683131794485 346.0852925390827
184.6199892508226 961.9646338055273
886.3760600059076 943.0260087028081
301.2890966732785 312.52867343137183
258.4481568858622 702.508421575034
87.74047607832172 352.5845952752235
977.75618490211 328.2797257330474
253.19301805278212 42.54623947541149
855.5724857965918 610.5324677892211
732.6893624425302 207.66717758641332
409.321157264349 937.0259519232116
906.8353612701023 430.86351843557804
128.16052938886114 686.2786154197485
390.40604366329524 130.26503431974552
398.50823398425734 885.4189956061336
540.3965355030376 290.7594407362782
245.72270915524803 127.51753342933239
496.43065608628166 429.6348763135319
206.44466523166784 477.78315232900184
550.0406423009973 923.0217792028423
586.6288097301507 737.2427828662532
123.8277263732848 868.7580652776674
968.8436176502429 735.3103885606112
186.79123368527323 102.83562349429693
232.14507637170684 667.2063881825788
612.8795787019053 463.09049869591655
764.3260478120852 128.58838015660265
22.402391828894906 905.4202384591553
668.8932074427736 444.2856302412605
102.3205339801071 704.8848478763184
475.4068902459482 365.5451750086619
699.8452334987163 726.2486305266398
756.2928924178893 173.09333788336454
76.6177391674227 737.632285424496
413.33344909307056 697.0385493133363
839.8335872250925 516.4439111887658
564.9231125057994 337.6290266097096
849.6957328383006 921.949854335847
724.6897690253161 177.15375797946467
972.0424240123457 46.89349757602719
831.7053461512701 393.43395454641916
459.7168806843767 204.1457550160456
470.88612958044195 648.5289249001014
594.7995591434734 114.83834010624966
534.8450555001444 390.7217296418896
878.6458599829448 209.28939951830367
53.188323892828215 540.5586742525917
411.9951338992727 95.94568277084274
928.6029219056666 722.7107031823244
126.03170642631098 960.5015248964448
43.01715096806125 279.09539520629056
214.92190763185167 156.84721533201946
572.6950679913975 145.90085908701207
665.0079788453585 72.16986672016839
752.8178235185279 34.68657426157319
380.5420798823943 396.0550926026801
238.03322036479952 311.1941331315659
420.37511816993623 281.6043629445474
395.6469416891072 854.5482954310337
50.21189446796195 107.80586110436704
819.654324596691 339.9684186703194
491.4453498774968 244.40962827606438
272.0838734554699 887.314732777122
735.6872837237561 837.9530160561654
857.5738340070409 262.0780131382807
939.1238873141958 869.3946513329408
655.0551131635821 394.6378019389995
974.9649289176841 612.9517146236903
904.4110599166956 702.9540852627047
771.8690166064379 860.6411604099502
164.0646940397342 123.39009980123622
669.9740870599935 217.76715923702665
705.9218907334687 113.73086110886348
629.3823336821692 654.6002989263022
819.157020211635 746.7056466510747
719.355637386249 378.71588927222376
300.1140086655213 240.95498774922245
278.03912734500045 164.72178693631983
748.5812033713282 455.9515145486958
460.18489846908517 825.0027461745801
390.5997993809961 225.4139450147107
333.18519322760096 673.2688442761179
673.4714705088453 155.5310030635328
809.5156502585683 62.281264865311385
484.90874417676287 600.991737346167
808.4977186404456 419.9817613528249
577.082033035878 494.02529135968547
72.00594617466281 603.4917435472656
460.8062588776942 973.2793051343896
655.814198835047 613.898901201487
562.0143833995124 880.0002304074061
849.241066965571 674.5650199415576
125.96556866123605 414.08932470187796
599.9891542778932 633.8183987585791
491.231753169867 203.4221305608986
647.6058815251869 240.74115338418605
739.3639923640128 63.7597150407069
66.30498122303946 380.817525388496
35.068742476058944 77.21707168852211
224.10066983670595 877.3776266255219
664.9419328998036 568.7885947474615
629.1210386213153 784.4831246938782
311.13212351758403 861.17845809088
68.55625708935538 244.98426430132668
499.96466568954787 926.9800083926049
495.3383575099405 522.7849616961257
165.7851510260085 302.689037193431
641.7878733416485 349.3330497157759
853.1583508161144 468.24482854661534
882.5177013827698 751.3618619207663
776.0487006572146 737.2915932808683
249.8603844093816 606.1655741491107
253.04198818598405 243.1498187711999
849.4722971377505 135.20332732552563
930.2076575655266 649.1352412547869
107.96602940376576 612.6548771383584
123.16919102205067 366.21828796392856
777.3239895691125 895.0936037758045
566.6713904534771 785.7050757638897
