objects
831.798025712459 824.1910181653965
319.79867221317005 77.70399009849666
61.22014050500017 745.55505559585
215.50987026777534 878.645918754955
945.595126672289 223.45668350102352
451.6995684875787 722.7433953800153
207.59548475695385 48.18496673257237
811.9893320913149 441.5992946157308
844.4866759169801 67.05369862490183
453.1611137947361 532.9270551612664
621.6010438885017 849.4999087978991
46.98133129874234 810.7948672176417
796.4445534844931 75.29167255195082
74.69341190600277 523.7615230821248
851.2094980133811 232.87767673357652
731.7302545619684 469.9366331359594
752.5156605992189 933.469837819444
484.12228535402517 153.0183263715061
605.0240797562542 411.48028328696427
508.7922089948348 85.04280318419433
122.42114327210659 341.41970901645794
124.58425923519329 479.93222399382256
801.089585898945 698.8644379161932
647.5660028575556 947.956750335778
249.045768756758 689.6596655868738
355.81237516654954 227.15515127639665
263.04929283685016 903.5950742756037
804.1579936682441 371.87701178628595
793.3841143657805 290.40413259874276
661.1215796859107 319.3584959450182
721.6325233787946 546.8475359680086
482.7458735896769 364.2140441467455
545.0422514523995 895.8601001340827
159.2657294666935 614.2488644448586
176.57492625490448 217.34951689357516
160.0086171949474 349.6364580498877
842.3510181800335 753.3540364768585
887.4368110166009 357.6639023530622
484.20898736721875 233.1241684747597
979.5818813844684 100.1854498123348
474.5566179114171 832.3759785335035
384.96268102048003 673.5427227782747
66.55608015263384 882.1626132719422
579.0182576271427 302.898174186834
374.3349570882908 477.175008498084
856.6238192189671 920.852810491778
728.0620896457763 965.4473941704531
619.8685704760804 323.0311586813486
458.748745209727 448.02636238251876
447.03813515939305 590.8559530600442
607.2291345938085 603.8828205120427
873.6885592623071 967.1390055491087
683.6314111120603 34.20407947558871
45.8235710373763 693.4387577966999
128.21844238212609 556.6848958742543
813.5247375321466 762.9769088787807
40.735590070162225 514.2003355117001
980.4424572109168 470.33479586028136
673.0899690116547 451.01506076830304
909.7885147581234 591.8403120024747
856.5356473407004 121.96816811070788
581.245202616101 931.6674586992326
387.16147525345923 886.9643818756513
100.6030825078881 959.0659666362194
38.01388780176923 390.8688617791104
504.1721096057442 608.857858296028
980.2525070257775 941.8070760641291
387.4549880209489 152.16301859477855
542.5516979249619 560.9923197567368
209.21005394342288 149.7861612833709
952.704257059927 292.12607551009035
307.1606555192451 162.27231670924863
772.3772379995613 713.3486926230887
159.32016261171754 878.7784117840812
584.1950092166273 554.3903734211658
723.6762109832589 268.6954901809505
705.6395073077265 191.86413820203413
549.0302639866735 461.74887226239395
761.7885284961943 504.2087729120996
978.9915751374721 569.6368666012502
71.57050492922947 438.0429099642571
725.8300974621361 95.35991284882653
482.6714165247053 732.1022532137063
704.5998809416037 821.1189258147214
797.2090192574055 577.5156819929437
458.30173172285754 182.59416365311594
643.7302632004142 573.8197404415776
513.732400238264 970.0719873411164
765.4136343489504 889.6762624574778
181.44771323116908 494.31124597367034
779.5295386258667 742.9181785270342
394.689825660754 388.9756862628711
981.3288955381554 907.762065777469
155.39085814805222 451.96511789504626
196.3748450954066 602.8742714290196
95.68737005352025 296.55213230920543
766.843031762861 563.4544742691393
795.7383283240259 323.2405865205311
201.75996203312863 795.9883850834472
715.5719870534803 602.2249850698585
929.2732615552916 500.7673036199636
656.2825730470844 149.12510356713673
587.4348634492128 332.2337434562297
703.2463653105524 658.4969183037767
419.6268319157798 458.81715130138787
619.4813144567364 487.81903041148365
56.4934034327639 350.88739254890396
720.2926079021786 870.2001946917943
316.0954640988651 812.0389069493548
91.37789491710284 669.1489427841402
93.97835352583729 607.600909955367
693.0899673984106 134.43785144055207
165.68453538474847 541.7171858746824
694.8580724167188 789.4579955732565
160.2169710685303 245.2111175280713
710.4713481297983 17.53060983719148
265.62526447794465 310.8749722194352
294.42193292562604 779.0900483091531
523.9898359679337 341.75304201964525
195.58916502982015 326.8652296968601
568.106783687808 681.5746054570918
229.19880631919546 635.5482643389729
390.3112992381159 23.644368471477506
966.2707733885358 614.7221658499861
601.7094225313781 652.7062908382858
537.1831510482424 938.9764420081723
762.5737650725627 227.31081759814447
748.3520844253162 817.4180196124827
856.8891968914074 609.9035289828503
895.990418546011 663.8074353876045
