objects
662.5884360850889 143.98020844808687
400.4657105732622 854.8728491980635
15.70063810380741 567.6775014864305
187.49634463300424 932.6246473132484
914.6713957943132 930.7947225338859
595.2779204144925 456.1791290531931
258.29010748826306 255.72038330312478
528.208974234209 160.6926337628874
358.2224680530216 791.0569965990685
649.7457321926198 871.9872525167439
874.6767357261399 914.1319385545941
164.19444130991005 624.7046285248579
326.99330611454417 865.0760713650433
493.878120706788 177.00969587207612
231.62655816159963 543.6493070588474
356.8522532155415 176.34771696096956
849.3544917970132 239.77160384306416
900.4962352894146 116.67176987041282
558.8649269146047 645.7948995834904
777.5158549995156 455.39630894463596
721.8533798723242 733.3436927281003
776.6000918501026 666.1816967096762
939.9822419837377 396.0880878786288
272.65764333458014 640.466821462253
798.5290473250769 197.51110912583093
366.2022554945669 280.79190832439355
530.417154492494 408.0859552341142
678.0396482661296 792.3166276563153
183.42984404174598 223.65304521700057
504.51575273707385 686.7165135992813
511.967735946338 117.98399046351375
202.33422084546524 774.4002853255
243.81989735078952 673.7620447420386
799.2499659579687 955.0048016582518
574.7039576569504 34.45383475682888
49.9702246901743 348.66398025144866
28.599669813430864 892.6697113240905
693.7934485526561 123.07874436215526
132.22559099199734 294.99471722831095
43.39158116259369 680.2289958964454
852.6190060759138 875.371473055946
471.982249653001 61.25445628699145
53.426274931951355 63.79557639797963
448.60603902470905 430.4123260352727
243.7376475869206 422.71085802409783
748.9313424488225 696.8922670931332
662.8018858953451 62.52915612564399
723.7239111386839 149.74310496937755
369.4317332089373 890.27900031246
766.6405488758506 913.2639414525156
883.8932281587217 545.7864305668502
333.9499545693881 47.59006218493535
103.575326718025 541.6785737427729
555.0279157955794 946.1309817660831
851.6517204607827 489.7729059046337
295.87185877983313 102.32770471052719
755.4349368495415 381.9757684037916
88.68320537544265 173.25902951769473
587.4680316639599 608.0253371338338
912.0508127957177 71.84806612675828
305.24688518282295 333.80499204351116
799.076691760143 586.9528634179111
961.7260635280268 573.9466630962612
478.82204507403105 142.22404457309725
903.3302371736856 238.78184987500904
773.1214001195691 419.707751158664
808.611657596297 129.1150573351349
834.2450422365578 628.921509394489
622.8235717480985 239.58945753381877
763.3157027790626 821.6254801639473
285.23911628683504 519.2496086280978
458.9577767133435 600.0095901258351
139.1031354338052 933.4192939748309
298.2544755128305 946.0977954913731
555.7751396902838 734.7963784127813
918.3717684039196 172.05141096629845
361.6557048785339 636.4243052829768
234.98586145372772 925.8851864085949
59.77772788017903 920.5554804092192
620.0227089671583 879.1540798301139
946.9588637337607 447.8730351294015
58.41334710755946 419.4629936148204
720.9538133185797 265.6871092231342
359.33409018303126 958.7425025933381
210.24722805569954 120.76602910245427
283.2607057668941 167.2092796280982
57.707424247731666 306.0464438941822
175.09942413663546 57.97306988532772
73.16320001707729 275.029121453736
512.4906539511566 589.6519489061403
824.8949344874205 766.7336970193228
608.426286883781 967.8722001000141
376.39958063019094 31.48042349394315
216.8354217578408 654.1868161338919
575.2979666697319 825.4405027148083
876.652029683436 418.09711386748415
354.3372082459959 215.90993617411522
155.16526512434763 163.53973157270465
959.3051740209983 302.3035756337098
213.78183719376298 83.27818578697367
126.03067023224759 41.98621874832837
906.4280397009659 701.0287255790563
979.7334950135765 532.363916862232
107.14442059820867 855.1706064337787
278.8188651635001 974.6871167719673
391.64521362001796 435.49333397641647
212.16650401265133 846.212945960565
435.27983673875104 894.4337557521351
908.291160983515 320.44306421637594
776.4016807587483 150.7132533824802
215.27121240038264 227.29423990226132
736.6135149253801 444.82643290314996
976.3203481741077 926.0143861841412
212.4070769431859 958.4524706569256
981.8849861583334 497.2332842388115
21.811572738116013 844.8874785711547
56.46362460936054 188.2773101419392
211.9232389080574 707.9769067748972
344.81317570935164 824.4734346962699
467.735935411533 905.33986586782
106.10181651475959 480.87418355539427
447.95354893490986 980.5658029587299
337.05610641187315 683.7229724236903
674.6951746152362 179.18539604658216
677.0710633774416 608.8078097989774
84.58126321777047 946.6243253311562
241.0093160109133 151.77686241564317
552.0451018239797 63.80899813206862
529.3684818208092 556.6924819310423
584.7901407867973 360.25995337977184
