objects
724.6273898026969 391.47499107588743
861.9890057774238 56.968016418925
589.2441295748466 207.0321876618041
478.59619185971184 98.34500040575382
230.6480366049901 563.4650286030895
281.25143344380075 422.1816046392728
87.1835253584547 869.8788644389091
485.2900272868454 550.6759057884764
778.2532483405425 747.1719157504571
170.35320604757635 891.5305438854914
797.0266955204481 780.0293356441186
392.44737764966067 139.96865632479538
327.20946200251615 904.2056872742543
262.03002159759905 953.6182348770741
678.212174285233 229.39932463155347
667.5011711226734 436.8788038974452
159.3757110564402 596.6726943715978
508.23314577320826 445.33277678465595
828.497756360804 42.12901577838778
471.85761097238344 500.50203445145934
577.0530905995719 656.2609601078849
107.0708285093663 446.0714412572337
927.0505343304513 79.29670258767705
494.58531383605515 975.3050071149206
433.98431756697096 465.84928946351334
757.0779108935857 165.66997308884584
38.43858829159901 764.9983500022552
948.1776513146469 824.81444585666
19.09699516579163 486.72291252317393
257.2590775653856 129.31208016208737
191.2205586667932 668.1634021967861
366.34997561344375 248.1366108054148
900.5620898264931 51.41212363437264
720.4916244985527 667.1548541312403
284.2189539248006 193.18422580061653
342.6838623385647 419.7901553439649
493.67303274812207 907.2554846003524
507.56371550456896 813.5003666590098
396.9493660836143 736.6778702821767
122.69531953269107 67.45366463921522
603.7013180536237 733.4302644702906
506.5153090572771 117.50417377012661
674.830369804394 266.2403475628542
310.1474587946971 71.38398738982377
651.8745653234531 788.7236739328225
954.830963965507 407.1995698465821
846.8953255209054 861.9683965334697
808.1720997371834 833.2974054403841
220.9038585901781 286.82469930105464
795.6958120834461 934.022724561629
527.7476261890598 229.03037877945758
496.76255983598844 596.1413968667309
78.12625439453211 371.4189143363226
721.5983975189802 285.6583515311956
886.4437527387927 741.5717074964616
778.8687952512274 38.91789193184642
557.024024422216 784.8112130203316
537.1871481136264 613.4956900572122
429.6468103932779 217.29084288109036
118.60063061859587 147.90977267730727
54.11916288700396 984.0188074736183
355.6320584653414 124.90766566860147
529.6573529986695 179.07410592152135
245.20328717761566 739.2149156153536
736.7441924164656 188.80793083844887
606.0062843384931 82.36972072144951
30.073426766549446 379.7974635580103
297.21097825660996 489.63094781554554
162.3468030404361 640.7576881015459
512.8169746293222 357.5254874240974
37.72171593520976 668.7844835619225
390.7752323199617 46.967231295307855
66.73111450070567 781.9250867241777
833.8140981535772 166.24962918078245
212.618151658526 621.2387704065018
319.6004508503743 661.9606024963372
267.0453859905785 319.55325240414277
700.4104790858775 39.79155433161752
978.7104543270049 744.3497685226481
173.11352609366452 324.0304667046559
668.6753247915797 89.17901496231484
496.09254837534337 157.1599075556091
694.6864851528554 949.1369996680608
931.0858651519866 578.1601306834086
117.54823412678788 802.026750142148
343.2801447574992 572.8969579721286
150.15719230012198 253.11980346697746
686.956473086672 871.4861575321448
524.3953930470439 505.36856071199276
493.4200864462788 277.2417003955745
46.60347520185211 170.8724910792083
506.9824557524301 734.5414035227822
927.6659683493848 307.67245090947904
424.6459454821298 279.44290864067705
438.8097458757379 310.4659369019212
866.6228752112836 274.58145104934636
915.5178199218657 526.9756308745069
746.8628397341614 467.7765257155652
140.26222640143524 476.72693491392926
285.59374611613515 798.9627174143096
589.5874850774219 374.9925861886228
432.9546278348132 782.9591771363148
793.2054970559925 427.2296152159654
836.3836786790692 434.47537592547076
505.79625404641655 208.16048485927033
233.7948475445748 357.04658028016115
456.3929471568689 688.3834260935729
711.940610567431 462.52963345731126
199.17342585720172 84.20373596939672
978.2067156166027 190.87391557393207
364.25902876301205 299.2190927556602
19.043887500616407 573.5855008455608
871.3192968164217 572.4206404015214
472.12477838571436 312.8079782602467
677.6916952014902 398.14422092139694
233.75085390885795 95.50839531314703
81.8408443067403 736.6879335684847
630.9966156621656 250.14301837996072
276.3719467718428 250.170570685365
955.4627665465489 341.9282583841306
596.5485941958283 838.6747094637308
333.85414959868075 947.0535133142434
859.1662229812553 96.91944288862273
358.6500593351941 966.9506083724598
200.6584101152038 171.19963972243983
423.61760096326384 699.4843297342827
546.949096561854 142.50644639308643
780.8185741405564 118.70109573617385
832.2130313403851 791.1232565218176
483.9064373313605 712.9523260218932
