objects
981.0924199414391 95.11490904980175
26.24547617200019 371.33505564347973
529.8988885350946 114.06418716616847
71.70681144402745 155.87017386290566
110.56204719717583 181.57748072247338
433.4924335645915 240.58455400898157
903.3912019680986 421.3715760756576
626.90147666046 71.68519487709455
697.716031373877 873.0393921207884
433.9322412497559 481.724023231706
205.4461692569319 654.4540090053526
402.32261433408627 672.404120764149
213.09886442892417 781.8962716965308
724.6565579126154 689.6822505878998
570.5858299874172 141.89290006310398
129.82383685471623 46.346556593161736
42.112014374493675 879.3971466879499
909.130628075851 910.3643777574524
978.4456735679431 657.908948688006
267.6419083843035 475.41253173564354
265.9830117570695 594.893390871857
80.23302465069158 782.3370737958148
90.3755360656614 419.7268284377963
830.397143281494 514.9653551842655
269.5774646271242 61.84542138693934
688.5952475594084 750.7044626320398
962.0968341199707 119.9239287664233
610.9004571889931 228.15508242882476
950.4520184499416 630.7329376256193
456.793690181814 926.9540764536299
297.28927395484595 512.3149038519156
492.0395055933989 209.26617052452696
118.10759892371361 805.060823418952
184.0288718496614 574.1888182692177
867.3292264428678 932.0198228004231
886.5257426917087 576.8218615079178
77.12066706636742 560.526114696108
748.9198547343867 651.0793464427109
874.4866663252782 618.571739035184
642.6165036943169 260.3744877747791
222.06276049681284 404.1203996068743
305.97148730200684 646.1713837407982
722.8548080476266 755.3663537756025
322.68245326705124 68.49717747326861
738.1382721901915 113.92165585660831
749.8704409497013 714.4682178119926
91.519648674098 489.3044502959473
209.87127350496533 549.9891528913231
28.60997059160711 698.2666420755914
85.17221847220164 519.4514951670801
354.1392840591354 141.59843908876383
877.3081119709317 829.9756108424737
608.0770564527836 151.96573372628683
254.781456394691 34.147272803255355
436.2650611640572 378.71171148649705
769.3360662007356 893.0137418540751
441.7301792333903 614.115926119448
292.61947831603896 150.3324941869026
735.9531649389446 969.3910257228862
138.2386584462268 244.76827498284666
38.71438513911343 594.6621287140698
347.42293098143773 269.1383342293686
599.8261887457913 915.782225624557
635.0188704892756 858.226838997727
484.8122140846219 56.854240543759424
887.740208931305 788.8726275148074
77.04388499058973 206.7060624707675
182.25116181870365 630.2296724042557
286.07256417094607 21.356623790918725
821.3960832157132 606.6099278395784
254.13202213042763 630.2034563646346
565.4306290496776 181.19117865489923
501.20493584320144 592.1226154219273
506.5508605811627 743.7111517251986
537.5123146392093 40.8313601240372
332.99089350383565 706.8456997794706
94.78954479449636 299.14928560599185
805.0306795515856 652.1002362549716
519.032348735329 655.1468322688198
363.33204098130506 890.7487774749662
194.39826171454555 722.8464806132104
423.67197126665684 586.4039461329693
458.5131581932835 351.990810827063
53.50055732653794 34.00725693106202
584.4842493873123 755.9033982082567
785.9962657379318 799.0775724964655
192.70687235542493 970.9424833746364
674.5078393076651 484.01768188421875
540.2060734308885 235.0933746334405
648.5652995213738 818.5324759025501
726.1523003105584 39.54417248261421
942.4088697675151 370.1250712291638
647.5609082595535 783.7452162235703
170.86568873133777 338.3608076482131
646.5007250692051 707.7946331647648
653.7445818797554 957.6379644486126
562.9020074664055 322.69895052715873
247.67992781293427 876.5363335451162
260.53581840567864 963.0482687003882
488.85320608505225 636.3430064754984
840.9588668819773 285.16135250111824
401.52701319388285 52.83260156671699
180.37140224489417 784.4874657101939
660.2972746235728 610.2759298806933
548.2665792890591 700.7175596671144
431.45914347631253 122.66989599571154
642.8500135748815 27.560230375509363
641.8632557513943 574.5383459367891
407.55355739052635 189.44618090316413
934.6005893284421 600.6323773283723
574.8535144986722 489.3442895348936
936.131012494539 75.21994613043334
700.5794943500222 962.5169347080442
79.41713882571447 728.5365094310781
923.2410489883341 698.0515619257403
940.3212380189497 474.51975309230255
56.21220495416783 529.2373425243699
984.2033097946053 49.80864610711997
159.47121884656488 102.52586960129298
837.5916258977803 185.96142295190438
939.2701052197822 903.8176332469009
977.6236439053386 300.3472455211775
565.8326655102355 947.1497550112123
621.3925097922884 951.3646857985284
237.18981132800928 669.2873448292609
388.17014407940644 867.9187936934711
329.46200469991265 875.9053415428725
249.63766465299986 283.74221013453786
208.67398179252592 290.6535260221148
247.71065287282036 105.80273810855499
