objects
492.81644583419967 190.92567829318358
882.5018734167134 731.617388479729
800.5400687727538 42.553468491243066
764.1137651875649 627.5861099249034
896.0885783879089 514.340367544922
878.4877806291004 828.2219150523902
722.2691294330843 242.68221801112378
981.9658567476721 827.8991159822399
91.38081126650778 927.0110957683675
580.3984855379582 735.5417722297072
759.4768346265245 717.5319387209684
76.24688465254258 84.57449237068913
46.217271758671444 784.8594756452326
371.26899738826864 495.26832110517597
603.6797676759355 533.9609894423767
844.2161906873079 100.64354701490606
819.6509606775193 837.0681699967774
385.10610014012207 412.0553217395407
626.5071522751329 512.2046074771721
747.0733565236155 330.04836948574285
891.7105595693073 955.6508527661958
530.5572031297617 129.87819581765018
957.5534639487745 538.4416895904993
353.2022506435766 232.67076165715176
566.083466384923 211.6155551892132
783.4933980450843 118.74557105554068
344.7303198966935 981.8843025603462
753.9877834786824 534.840987807294
589.2165996045229 681.961387069243
470.0160599590544 622.0731720457818
639.4703512508551 127.25128298684464
750.9150694028165 449.78995951087063
692.8439789065133 481.20617337824643
739.5294362938815 670.0132378663778
674.6055319348028 920.9388811166633
617.6988773312138 646.5359476349624
77.38602458001372 895.7020648077458
750.3373583687344 936.9863681139578
542.0994765947748 429.00906536694066
413.7308545785335 214.22164180485527
153.04984420758518 371.0933580663154
635.059049938651 268.5585317465761
709.0854929741569 806.7445300121311
220.59638149719413 290.90782876595404
111.34790664202542 465.71315371972963
194.98326189930853 389.8673253750836
24.581972178629456 949.9204908675334
25.71342071901599 642.240017085068
95.1604115863937 636.2005074634296
819.3650745935087 134.70250657352548
375.0856672843086 573.9892565340595
826.3594817903444 871.9607333174993
81.01665174291165 539.3057828685153
56.11584400862426 852.3873971097828
362.84683390574753 939.5899330844313
155.6335643914511 972.4610818420737
379.09096246720935 95.51383450326962
82.57115436287906 700.904129481014
855.9711102406718 635.0030172154608
697.0974373686341 174.0686521543996
519.7309625188739 621.0624535362894
734.5635402372654 374.5110862222061
853.2914823673333 904.0431236064694
919.5676374762803 781.5656117477334
774.5921849075244 830.8328048979271
156.35831725265572 757.4082142572704
661.6618391060299 849.3897875138889
748.0763353452836 500.54843724784115
791.1862241852589 865.0470675784345
191.40021308120245 713.5609225880364
474.5058229550487 21.968546779628387
229.73122611036106 979.1868271798687
279.0022528359416 700.3708661873833
496.7648729634689 356.4427220532125
273.3497698201137 911.8392717270766
809.0555406548709 78.6103186833925
812.2667210548401 238.45668400093592
925.4725451447117 333.4077537600385
529.8342624023962 920.3300345758861
953.0659868998007 734.2685381813151
234.58817071522827 587.6538099081131
642.3915926264798 188.92468750082372
248.10256345768394 179.32673449660535
694.0191108158825 957.2257963162214
206.7044251323721 741.281554504876
791.5619648086196 180.37261720072772
909.1258854865742 485.5800145093155
463.679457465486 120.98014681089934
469.8905195736555 373.4065328850724
115.1522875641662 983.8253723716158
111.215008230029 572.951265740893
375.9851909119295 760.7991173255162
111.99995697692728 81.79462700893563
606.414618065889 470.62352784884933
972.3116329552955 932.1217088473463
532.6328612445191 821.5116965487432
205.871721457641 539.9403367378815
537.3305985795001 884.3214275207683
309.83764602795776 619.9651885401044
18.21422423915557 456.98375504600534
275.35742723738787 621.8009270566413
175.3420752826926 292.2011791851912
385.51000083242184 982.3745228304493
693.8437765236669 647.277390463781
951.3241934292766 836.1725489272517
909.4254568596701 285.27532323512185
941.0747726074185 638.5618367345343
305.70973214136245 515.9120520145013
527.9021085873503 267.9200781918575
611.9022923854634 915.0904499935212
101.27612678485626 515.3121220129367
540.4137604549283 96.13265494717663
165.18069598422545 203.50026854847863
251.07124514186532 430.9847025663117
19.777952653203194 820.363798008423
308.90088371430187 35.102025451093986
386.97614146375304 57.802137092805225
891.7862622212137 580.2807586984266
406.9817267280188 312.9612548675858
107.58249798707625 324.9832552341112
840.907299649517 284.5760123098602
416.25217638615516 685.0516354928841
960.6292663434846 680.8136995354873
787.1467276109538 702.7059187952777
220.59177048756146 888.2871390105735
279.08609747840654 981.4799614685803
124.42337455778717 874.6687889522735
415.33971147868095 102.75569847066612
149.07797334086968 847.9071211549914
285.41189321548745 408.55825521411236
