objects
627.7236532271542 624.6209613704075
354.57833812090075 159.05667635527286
783.4244084306775 891.941107727671
222.02124319438082 279.6265057378448
554.0681713371055 934.4406799331637
180.08346414133337 387.08505343349276
267.9013520576052 481.02316935735996
210.02423769935058 108.15352358123741
977.397276964171 384.3991381618248
387.921812988641 866.5026515496816
173.27062560192442 565.4597305418622
163.67222652560977 207.90879583496553
117.13258178485192 23.01684746267297
591.5960758561474 730.6100639956463
687.3737904945701 844.4751282317796
619.3688651606204 573.2223553348177
825.0224966572617 758.4719613988176
159.27390257983953 900.0478890827139
190.12268682585304 762.6869655673667
829.3935506478111 275.8498506546112
238.14120978772718 913.8438598600991
219.5403191809871 593.0671658703989
645.508145373394 839.6488010972707
813.1992512542985 576.0735331854542
892.5771434811506 935.1133588107193
690.4879013344412 717.2164535578054
710.0183870468654 394.0774811164249
377.3446882030675 501.25352314835885
286.15792632992543 650.8935012242326
353.0021577976039 706.5027123810153
323.56290837033754 778.0613899633671
905.0778376709478 475.69758624353926
261.1401218231574 136.25981002688553
293.7593908001144 864.3988729896712
45.33112028697658 27.214280147132072
70.12592335562998 512.2460063735632
373.26926201688497 924.7743309988406
723.9854918483048 337.23381982027564
303.0826851511981 47.091529113855884
745.6311246108681 641.9948860437696
422.9930649108135 389.4130449537308
750.288314428148 821.9504357936154
738.087349723184 897.6387118479967
971.7036511436654 97.47531546208305
252.84826452936517 251.73133466776008
455.052404228226 838.7367940663015
69.76304943845152 107.61206695163683
983.183871127362 467.90336614113164
219.71034205975857 467.1690380740149
138.36629525330352 751.8682494109878
608.3113608672346 928.0960495187873
538.807447274182 302.2005535737131
859.7863797346558 144.70617301956088
600.8726626817288 322.68345854042184
693.996171841288 187.51023306990297
918.9074049132108 709.5754653514269
613.0428694033475 270.2834949450716
830.6957244448328 948.7713209066711
120.0862434379575 203.21541631808097
492.02438015031265 454.3186366114336
722.6265983410037 164.41871404542232
778.5150563384942 248.67912091623214
975.9617442507719 165.0442080077432
779.9343150902363 357.7486121479584
320.61921141454206 475.0912519288528
215.88475278280086 210.71882773101652
454.8202545073298 300.7791780811625
499.61762900799783 374.6880511323095
865.1065594743504 542.5399625390951
512.5404455153993 929.8988132084368
907.2498558955493 647.7851787224021
968.2562328865945 544.2051259338548
238.61988484802862 64.5310460549006
102.60874616402954 510.9839484284706
234.22909950419128 310.7699830971507
490.45943716257415 16.413773131147654
858.5803840549155 967.328113084201
824.6765453833137 837.6388710001984
251.53185733978006 854.115981067165
459.3917358872325 621.446591611675
509.63033446299266 614.9250308200478
918.9585547844964 214.08476744425087
31.640817979494848 429.6134971616967
299.33193424981914 287.59903345106187
938.1531268263303 589.4254965686981
508.2776087084437 829.6773367063362
436.7742737016542 229.77113731476504
376.4244650714959 808.7670085643384
701.6141403107989 752.5287906005833
371.3877734733899 973.468647678974
152.13881292747448 938.8095583718031
413.8657896996933 170.18078826363703
726.7521581467391 301.849649906364
605.5789064767927 166.02360785427268
465.0638545645009 775.8620364948582
109.80519695188518 779.2886122823539
759.9250263402083 143.40354150603184
161.39325250955767 537.0947367446788
228.04747447813565 623.6374370196905
638.7287428842616 104.07091103884491
411.04603059056785 544.8298120839337
893.6047983504586 172.79898578105028
278.42191223418564 823.2307857556145
690.9513796750276 791.9585192733214
934.1665583248063 181.77168204669485
229.00275013428433 141.3758820215075
183.75400728487404 471.63477071676795
657.2038384869995 34.71467281013362
50.65165273569689 281.8274568499761
538.6307941085896 170.4522419680323
420.41174366753495 595.3194410585332
791.124850659995 696.1127525307202
32.42527877592344 503.98634292430245
55.02553192447569 329.6071778373128
352.45473601232334 408.1131929896194
59.02187407340119 187.98187014249868
328.52086428345456 657.0352859754929
662.6873902696949 623.0708507305103
501.03109955341216 164.86535812352645
928.716644277325 424.60804979943185
591.0243165152064 522.2314189091232
417.016108690471 429.8805837217158
644.8068362347861 354.0738006593444
759.6405649256277 718.1795961334824
262.0891266492301 178.02883796704066
476.66234815179473 249.57989294110115
682.2754490948197 52.73150014419495
749.4262765889774 480.8715009333809
478.69284994218805 197.86143762388429
161.98556925575437 498.36863973843197
