objects
317.81372646228687 93.21772633997993
99.93211594835351 536.8839250630615
904.3974384924334 267.62846676510117
552.5340085868086 560.3187574890319
407.56937941059385 826.8930283347534
811.2794371264649 819.1580147501589
266.5894870150593 620.4288640493181
640.4477321600165 143.68326643308384
669.3804577973231 662.7541588644517
643.108525292193 825.428880225133
693.5698849614912 316.65625432106117
738.6806881164727 517.3453187787646
109.79686442175452 317.44553000053816
256.66735673474017 405.1052746956062
168.97091874394448 817.4215402735333
