objects
720.4120932511438 635.8949856069164
83.95558396249737 112.29840426906713
522.5270001721206 114.55573528506764
153.83967934521826 895.3852300546886
334.37191440552203 380.9833477632932
796.8213987772469 95.73286156032208
419.1428034807472 656.300407185821
664.7901180884627 422.0364955198369
144.7609710653277 403.33731333710097
816.8588596459894 284.3697827884486
910.6459838269819 772.5806066245447
237.62199512733508 218.94588115215254
184.59632144366938 557.3915106636572
863.81985866226 526.1444074948481
719.8596949470788 880.580756857233
