objects
630.0982727144079 93.76422849757645
575.6523210691216 911.3362904737321
909.1431936951969 364.9018626746485
862.7542790164581 101.17990819049012
782.3688714420334 504.86635684436175
402.2044251831818 580.1348093897958
286.29489930699697 91.47593227840203
595.2027483500158 442.7530571895043
195.57616136876948 517.1141834016197
578.4863997104065 617.3574995853944
303.63186335697156 292.66324915247145
472.8839073902834 107.60936239728272
790.2215839987418 860.512782756783
98.4091825105597 842.2142475912854
316.75937493005665 735.2986267056027
