objects
724.9469060139587 185.96513937199728
658.4755991418359 704.619351202404
846.5551297504014 400.2721359240301
407.68003609228424 322.95210794270304
199.87960844144058 344.2433937737152
500.7456060958247 458.8719024832594
406.2458335872255 52.57060611599461
482.3959198042275 250.5662133655454
188.13309228497553 79.32737076839248
860.3283298362829 513.2224416724473
322.7049318106847 766.3990951278585
138.26560732615263 103.76537032134547
704.5626940158462 38.78257352583374
928.4412995593544 796.591808662382
802.4790247636327 846.907148736447
111.74276362736535 219.4605542534664
517.3971400514837 503.52990595516644
756.2322473339362 595.7477568912119
329.00177566169117 221.2553616754295
203.7864310551409 521.087060603138
56.34787251838669 759.5480831068231
918.1786742706546 964.3101620013654
966.8197936403686 366.3596680781872
231.83758964778187 277.6145427020551
311.0048156600711 100.89468961614389
395.6878370124097 619.8078998183498
444.6184505142828 164.4634069505508
215.10708642420417 28.144215747535664
210.14300201241275 152.96846708913858
452.94554988907646 619.2124830464795
514.0288830257588 91.26458600391607
531.85324006961 678.6535656873652
498.59942845510517 46.398882380797055
254.9947759553557 687.5134429797562
877.9010772813855 165.5432975089194
849.24175691289 917.6776040761082
143.5048817812575 690.6806028782722
880.353632504781 796.7602154071809
761.0875470584194 36.83324651190552
744.4498328419662 872.4486035502364
776.0281117757737 807.4819103716692
871.8380210929965 852.6349999651561
351.8952076783982 447.1219847330263
384.62996997622145 806.578564620543
698.1931267743121 957.8628464769405
427.09978117725325 481.0653261126464
660.6586445004285 883.0025968911758
721.7447957304822 532.2302354554697
836.6502896782638 667.9562894618797
942.7654638003033 105.48007751280241
831.509442532778 455.26080096236063
299.6653637857226 624.1375675685795
471.3738552824951 571.5400083383493
27.919861752097752 356.26975083882144
662.9908990851447 640.177839532909
546.6365128114852 799.1511838980043
898.7700026893165 590.8474195519507
268.28368240343326 539.3106816932033
276.2869753533476 739.9122278631633
577.6737086727484 46.241551844559055
214.43988435105032 225.76646975521803
323.22441828311196 812.9597112152264
472.57036407049753 934.1611956556903
537.2990945768632 746.052774728938
545.7223594817164 341.391655621431
