objects
751.2680514998713 475.65365626318845
385.05506939256037 662.8490029037065
421.6937136361823 630.4528383996194
340.76952565788935 501.70669457057613
960.7369750167724 62.48998315424606
685.8288779978614 478.47145354536383
515.3421518164336 144.25352675919464
180.34257852965982 603.716662633613
740.2643893530773 863.0402658458395
409.95386371120645 754.4018263155011
191.11049702369485 259.2982202302283
693.0324608903767 847.2808101660282
924.6674036626711 657.889330506243
213.42820813138434 445.9709724063715
23.574702957612708 919.7024751522246
906.8019428878363 927.7988628907855
259.9401286004652 312.8989154726411
291.2899297949834 537.9666747531735
815.4390566131393 204.01103698560274
578.4119229184765 242.11006831267332
171.58354979971637 210.95178807425847
271.1718260702749 748.7048220601231
626.3614926166913 755.4628404209891
779.1381133496927 781.2069080639117
731.4730139691147 420.1958987858519
850.2267290344503 554.124666238911
786.5307871146806 593.3087726679112
428.72562957658386 486.2497034278852
901.3532541456078 372.9238611697613
28.67013511168872 104.32340951232916
702.2588253487288 168.4059697853827
358.9456335769015 370.1782993691582
165.28319542533808 781.9531682945683
226.87501988047055 823.4763935852795
691.4847322057007 578.2223956843586
351.4797112681136 167.70390342694725
155.8464712991089 687.339686144025
914.9410568653703 307.47006759057547
931.7124602188788 726.4865708053879
636.5051680557524 880.7900259728667
451.46237535699106 253.65564342915923
858.854623073592 734.3034386477256
487.8477751142091 706.0575971424386
834.1305754381509 363.99707870477437
491.5445200571453 568.8959465201982
269.60293077429895 78.68580884456
373.5827919144586 974.4604139056255
820.4954939654729 159.47405912523084
113.92468433535765 152.90416733015547
441.1288655182838 327.8528180407203
690.0614030780991 760.7220353470353
441.94412626530556 879.5451984211581
768.8711762763483 152.63397606061324
787.8584610401783 396.1054030345364
679.9523973268119 295.96450284924066
495.2172278245339 952.6697950266793
109.73239256221936 869.3821169782071
327.18642381318017 825.9331381085586
89.42536269010225 922.341755851215
572.0956097752645 722.4967706508912
201.22980330203734 688.5011594834948
925.996048510483 154.9823802324033
797.8387386735827 440.6002543343784
756.1510344254723 257.3653259031766
183.27768606335724 859.2690645028673
