objects
43.61021285222288 195.89427958964131
149.88892733048257 140.7784966850597
198.5646038110435 350.79485327867445
251.38924961225027 679.774305293927
962.4906355543776 931.1229602880835
208.97621117731177 575.2010461177694
59.31864833445271 794.8050151748062
677.7003163270762 884.438476485118
802.482406384225 905.4651947834385
492.0172256009586 929.4139343973314
277.13711001423263 937.4027276592185
813.3760259786651 659.505725714047
555.2363967615225 915.9327995987012
312.6071726614665 209.86293390471042
160.83540535859817 502.9999720315241
412.4257232736649 558.1254143631184
260.6242899398718 360.00569743020577
170.01449919540252 754.1941914180205
437.598581158242 779.5578312279064
644.3472924735704 625.2628644534226
301.739809665726 54.190676180496375
229.21886964779947 59.10064967230843
72.77608868552099 485.5656967666267
130.58587401642566 794.3019610976162
908.4191733567543 365.6447272905488
609.1966671977698 114.75797428224303
909.8479057213717 943.3902914436839
116.38788326307349 910.3919633702423
748.2297702904746 954.7692433162559
540.3741729878003 127.9403618387129
388.7684621089046 217.14852351616582
936.9397789921039 673.3580553630493
821.0431700760382 740.002253559887
648.6841600485109 711.9470442508093
420.93049333325877 429.41883472588523
594.2330452978207 337.64209406793805
902.8826696100534 514.5745753840592
41.11263416965619 388.66210841949214
356.58708209462264 754.8152093692272
695.5578238133089 257.70287358481596
540.3091704865359 809.3958219141925
571.9407668826746 765.2149817659939
139.3530545722643 841.186226563869
250.82291862027856 793.3561062192751
249.71857592685788 596.8657581983566
777.9705563936179 95.36876985419437
207.34614429840974 672.2350558273512
500.3368541680618 319.81462018804996
713.7373292728813 697.8124194141308
45.101924048688716 519.1023820152097
465.2410532231306 514.69272813392
581.5398297665412 426.44268294772655
454.63177534572293 672.6245936633205
955.1481995408054 311.74284182507415
584.8410956188085 637.2664803940472
175.51966193147106 420.5663419784819
843.8880786084528 857.3965322755635
803.3918031377641 194.39075788150515
296.9958477126342 260.3727969792868
238.87654692673323 276.84282769146677
488.05225034605513 705.2686024462868
879.9546619932934 892.7938691518257
843.0552724659912 575.7736583268219
397.6575353705788 871.0523475148559
975.7548996400552 434.0560324226475
