objects
370.65977298277323 505.377017254228
613.8665372846621 880.040235814106
693.9865961784794 394.4986800194902
740.8121748942625 605.7468641780426
828.6797753857717 848.4479164124562
153.93099703803125 412.3000381385354
337.0373413089216 700.4883809260522
126.97857737551061 77.6056720833195
489.46672074959616 675.3141408428468
887.3696550788034 711.3293271446162
918.2995050093053 447.9431085443025
759.2124730323716 856.6141076012747
843.8879222666908 447.26527339549745
162.06502816488148 701.3547846238885
322.5532624283894 319.74049941478626
195.23438628592407 581.6127765981771
883.825003056759 338.3282755888749
430.8145138951185 356.4622071743386
957.5246536132811 202.94594050185327
588.7046429715825 230.7137219410634
321.34081362768546 188.3982605215092
627.3211740233775 787.8742115180721
471.81388385195174 256.59052894088023
805.7736709727993 195.87190784166057
52.143041171730545 772.2313275619726
684.5473275660233 956.3512736709159
48.43012597200136 884.7368099699967
497.7724150684548 557.2139543506016
729.7617324980699 721.3539026729627
387.94605528231676 609.4704658731557
697.1389078834015 134.24545316580202
247.72397082838006 943.2172610941878
489.21968377036995 84.57380226838043
918.2230704558574 591.4303603374118
455.597033416202 850.577072784366
155.54145767352696 787.2684591352522
836.6418401943569 273.0148743653558
643.8884619747749 663.954371662761
409.2846905478037 688.3719086515597
506.66052878743363 487.2174647447459
894.4002179290825 522.4733963878846
145.5558989730129 899.2047111998222
772.7174656568903 459.9903965729085
270.62408719533266 535.9074125512859
954.1049811941283 870.9332202112604
182.91295380449577 513.5314695284984
881.2525518410265 215.92283173115516
960.6618387954845 655.4322205245021
605.576497132189 377.7331689142484
86.15647959463121 629.1959719773419
