objects
906.9359326028681 614.0016616954999
335.2164666997187 842.8299303920134
275.2175650957078 788.0278202680953
351.46658341361837 961.997415694738
313.6701826548055 238.51852890066488
946.0730663561133 515.2192499984658
784.1184464694968 948.5221694183131
581.1848156830567 700.8853427880357
567.0490071334791 782.929198473931
823.3011843219277 831.5667218644995
132.01586258742105 425.4111358047525
922.3868368261784 47.84079098641767
889.5856718837373 775.0776013804116
471.2032328616349 752.783430709787
495.95323456147855 349.86696035992907
366.9898863001249 606.4644040418035
621.604228880068 169.32350717835942
694.5859903685147 883.4256589061812
51.441840363258756 291.3915975824749
746.590450794321 312.9059251747022
212.08126333023296 694.1767974480855
621.3998982226964 315.8535745168817
741.6069817241427 752.2048367106158
379.82358837752736 338.4255358327495
529.0441514154279 163.51031830659127
38.42887143275582 204.19750206131562
280.3643704164421 712.9583798418024
765.1298732892343 164.85949458780436
652.9448105033039 518.6905126746149
871.478520994429 400.54659435859736
67.37940796321543 805.8160911437467
539.2927570414954 638.6405454484056
99.45717000427396 610.6166925037354
792.8693917339933 390.21118839984547
892.6053903692134 255.49337949991047
892.0276047441951 912.8787586298839
812.9587088620613 739.6091271307698
732.3782779997922 629.4402739284585
107.2110102993762 940.0703204588551
90.55134476641327 108.71481718663607
158.27220961124095 89.04780284903381
757.7368072683424 505.8678689490312
414.23690382112875 117.63878263583639
833.7338361208069 106.39889157725472
423.99049535398194 213.45881810903217
654.4769960456674 387.35484246686553
234.95082985516126 456.0279537060325
472.5601722140884 466.694657807844
94.22005122518493 741.5017067788665
307.744882173577 372.55791364684126
