objects
473.5278633632823 550.4386327524293
218.73255257131245 307.8798246963083
220.1627002374712 614.9204349100535
288.5516516350022 184.09768136149097
766.3016546467003 456.7198056857908
738.093476282065 867.5222506621067
847.4463894174391 398.273759708326
207.4213769170317 779.6078246821952
884.3213799065333 558.8624501190097
928.587515270867 351.388221085594
620.7262732938507 672.5496755480528
121.95387455442982 398.0745489311926
683.8078772142156 619.5958849735471
127.90560236074994 159.75014021029088
472.5101408320457 661.3789758532436
572.5431158686179 105.22523663955158
290.9296204501478 519.6386609483482
317.3342196895874 435.05345813034944
794.9071302089737 948.3224809220127
578.5311646707733 303.91649644232865
469.59623888979604 38.17284155637347
343.223681305044 918.5192339137903
364.8898818387006 818.9723107324231
75.63402673885376 284.7792707165432
469.07610786158085 427.0301852515461
223.91910953679394 211.6682006895919
637.7757414303011 531.6512442439547
870.4422192314473 206.2395165171348
708.6864944823345 940.0322006056801
94.23233943734635 575.8090388684949
613.0460339943934 759.6531626380191
939.1489640044343 779.7032432830849
849.687878026 135.20604149794178
861.4434856976465 678.22394031823
310.79407442787647 291.1147993169662
51.197311841292304 720.3181579314706
673.2681720081298 316.0287575124575
249.31726281018047 419.4892844010917
366.58953360722035 226.82432519826853
765.4405080290032 321.83753133334363
178.8372440118523 504.1446910963071
933.1000521741416 874.7188558921489
400.9181280258657 631.320649559328
666.426367098159 810.8785146770889
287.69690453902933 36.16264210771393
300.28206611331393 740.7751659673211
52.67304586281784 172.89019919846425
777.8313937552452 97.16842226406894
552.9427059532156 812.5241568291317
920.3509290817036 438.26532465566487
