objects
268.5806782746387 479.54442202158594
523.8863842153665 291.82853426932286
351.2842267552716 628.560447246277
377.1445339745796 390.83201177606765
495.3958069992732 565.392444137912
106.17944929324139 499.8642076509108
727.8799209188821 411.7890544629646
460.19693285905277 226.55905876635748
906.3099841513185 424.35425447309024
940.0571446274341 305.631653370306
238.59540961604307 881.6522634576249
505.9525520109792 69.01469397927855
222.7262330570097 132.33500002781096
71.69474037959067 853.6194519055716
697.0002298966784 217.20077055707287
774.781410820058 845.378801113577
555.7567142594462 456.22005469577584
252.06660376691693 217.17712654491453
586.8150289930829 936.1844314302828
77.12228429558925 635.132158836893
194.4712967645796 559.5831722522674
679.505710292983 902.6575665616637
362.10386048833846 498.1893826508331
798.3796558842894 123.84196228460104
467.26804155161096 721.4503076605472
294.53686201617234 792.5532452276333
953.1833526063626 501.6174472487285
874.2793755675829 216.66046106872182
881.0284865999047 905.0974833102031
657.4412473185465 674.2867936253955
67.33347075755321 370.61589194835915
422.9787721852441 904.0639711639964
77.65540534304753 939.4643307324965
939.8992177464877 639.3417079148448
370.2480298903824 110.79141703416502
696.5631276436615 777.0533932364714
121.48016283536327 175.26195358067977
329.15051901040994 264.14584455351144
853.9711973741709 808.9312947089971
101.78653716749834 59.1276984544193
114.32725903337678 287.82374239844
480.99480217982057 827.3102541225735
504.24791836883537 376.4333768711601
810.9527157476101 337.8068204551999
770.5385136280349 714.4411125130857
904.533356950037 126.06360665182825
240.95135823339922 361.55362641923375
224.38393511781422 690.4064104985433
827.1707014990706 471.70993444792623
721.7662927287832 68.19271976521239
