objects
143.05685569520057 776.0845870772888
691.1361936128601 346.74459498115266
46.939814075420045 259.7926129250497
830.6225080324128 663.4831312318292
804.7205482933839 363.46323926936793
178.30996567937524 910.8222972457178
937.1468490859453 472.6078403509149
269.23078177035995 902.7709497209214
459.9492989527044 120.66437053464824
474.46968779843394 878.1487454345164
803.186791536746 65.68373538033802
303.7925344754983 253.4124148329767
554.994199205252 317.1687276439092
296.25726300999435 453.67472257783584
679.0977288996627 681.2390627195026
586.0345228156768 590.1871912156957
778.4799241114614 448.07895712269885
819.297470032043 927.3063938757923
866.8767323740921 211.82088469516574
67.32879331918181 833.8162473663824
191.97671245658609 701.2226537650726
895.489084975264 338.1301723009344
736.9798940364586 893.2375561852627
343.2247259259113 334.1798972355607
911.1087473353504 951.8890716511895
616.832451979383 71.95662973086654
408.70942693944727 226.97247503517622
355.72012446181225 717.2030227149693
903.7810256807217 740.0598236306278
777.9607553845184 568.3196367599146
222.4112824267286 164.22736708779797
563.39335185608 226.00015575405945
128.49019886790293 290.3798175874556
166.29564041387007 526.0331946459282
684.1256194877551 260.51752722279394
190.8266410192829 607.9584695143228
331.3428617515627 85.66957210084941
720.2261176891154 87.22877762011285
922.3125212278907 638.9983197431419
274.5148206577927 552.1919040327901
167.50515955546723 435.5046617188107
90.37613951380828 919.9127055957745
611.0504819854598 818.6178314552191
91.85034317202843 98.6355745106572
554.2805770402014 717.875687027209
432.43028793540594 462.7367289100503
520.0039762457452 480.8831325895904
67.05362539889508 716.9461748468323
829.354558478702 836.3240634511429
363.19722906089385 912.0420974800862
