objects
43.775604023901785 97.76352265175265
524.6096527259123 305.5198608835652
888.1858305930958 285.7407605948873
742.9194441666401 769.6659105700337
847.4640017793932 207.7359171247346
470.81443611530995 155.55049418403524
437.2722372934633 251.36230307420004
422.4868873596735 866.6972089282157
156.5163835664278 202.73085930618174
485.6804036690667 391.487646486601
761.1160864571775 214.16653792728658
346.3865375312778 159.61671342252637
269.8073707413253 68.908305562659
590.2406394525411 779.1313294225125
801.930065264709 609.0864934141017
64.5478149274481 578.1777440285108
609.7390862679846 365.8324799564743
356.6605213622537 502.2968702306711
207.69198076627058 516.0537873775751
734.3546446333451 84.33815093476846
638.1548117557393 952.5550762466204
635.7677451221533 630.8529662541386
905.3996050849735 828.4787315815811
480.08283500559435 762.7685925693618
267.34188164250224 641.8453798600624
512.3854509410135 498.036969680895
91.09446932613744 690.9024480427573
891.1048388502279 490.22607788081154
291.36546307952966 322.30189306443447
284.37696086982396 438.3504594090732
49.84837622712933 219.20178361843858
60.26142781894379 946.0876220712173
59.483255262272145 784.0994593016703
618.6791509393464 475.56440176995164
568.45345546698 86.60199675536393
402.960375661498 354.7662379866723
789.3067156633924 319.3823379287707
804.6787869923228 924.0067915265716
403.59074937752683 598.4054190249469
109.96788808324618 489.4238012102747
638.0157793793611 157.0663317391647
713.8914666012907 479.16279157878154
359.13288579670825 707.4602602615875
813.8191324329438 48.91442839502763
137.1067889109987 849.5800531454283
741.3295197432438 867.5494705686127
110.49036625879666 358.4741010184714
937.3729930200609 415.63296084481783
893.3420163613173 738.402797067367
471.1508238493412 48.640807149073325
