113.403 603.48
681.761 239.213
291.231 550.684
753.472 387.822
394.361 666.016
234.097 182.036
324.153 127.752
527.372 157.41
900.493 566.176
425.454 332.029
44.0014 327.187
731.572 154.733
900.734 468.176
901.039 57.9268
583.767 237.57
816.372 206.947
193.285 546.711
414.571 887.238
582.419 956.715
648.397 666.867
661.913 422.777
578.928 512.293
180.581 449.535
493.164 261.155
278.511 453.52
647.06 49.71
902.965 373.343
491.943 670.233
372.562 42.526
333.045 832.836
44.0135 771.48
488.383 768.191
483.627 564.755
277.216 355.481
443.461 110.186
803.163 824.501
44.009 869.485
179.135 44.0052
340.716 282.734
246.838 808.396
744.388 44.0576
802.78 558.508
366.496 410.378
327.915 738.64
633.596 152.519
137.516 198.667
179.223 353.95
901.73 158.794
385.695 568.4
741.552 730.669
138.154 814.739
131.528 912.299
44.0217 665.833
817.353 108.95
128.395 715.804
228.911 904.807
738.245 483.976
432.346 483
635.137 328.505
298.666 648.401
900.728 824.971
822.077 318.004
900.711 955.87
200.816 647.797
900.736 726.975
740.246 632.668
836.038 653.359
92.1242 407.354
102.254 508.44
97.5153 98.2588
730.868 890.668
511.781 863.365
41.5563 178.73
649.704 764.859
900.828 259.671
277.135 44.0025
484.415 955.979
565.547 405.895
802.068 955.991
568.753 609.763
