objects
401.8150268457729 494.19632042670275
753.9595739139745 349.3819905818958
309.6741966910967 728.6340928966645
432.85714925631055 141.38004643706475
459.10603635158344 892.0891066869285
788.0375378413071 194.41068078023181
890.689067268565 604.8596739225488
336.3088495921836 347.79291794152675
166.1344429373126 378.1109381933462
439.8431605551624 375.58048989858185
657.5505998992638 58.58989000613976
731.225338939246 459.78826811771063
110.55869391811899 788.2562992390821
558.4098263501246 632.8298803902939
566.930123824571 303.536426683907
69.77620075867651 459.39475149481206
621.1526301987238 393.99346430463874
461.7306829457528 634.6696900628814
760.3748142856984 871.3263800861677
861.7028885057226 90.85356083217522
882.446159672036 949.4561821887723
305.86278948756683 912.0741236366799
708.753970128145 626.3298969094933
754.5935196892873 88.40690476228417
631.2799546564793 190.6218857171862
271.0099620040627 52.48868818526742
744.2874619461268 772.60050705593
400.52982272158715 740.710642727332
80.97715143048998 278.20609839151086
528.0583993675849 208.93168210004063
