objects
947.5552704190482 881.9635945144785
106.09540209173342 105.92628614070166
298.75013201109437 754.5973893580972
897.7901217253287 170.69322794384755
400.168530756418 551.9822477307647
636.4564815371847 475.1829501387651
778.5872461941018 602.8679710152838
314.22986859374464 432.55931213964317
133.45786507648555 819.8334800354635
497.3389460408977 792.53062721887
712.8382258596754 767.7763128249443
475.58457887174575 157.81403914509372
69.91741331831147 295.5841486121276
189.01776129924934 655.3581230195772
651.138129944057 565.6157237613614
799.0323007229674 469.8454824110435
812.2308366922673 366.72035861330403
259.3258247817781 266.08313013821873
589.2006904660409 296.3965175658488
434.6955918382071 660.6755214928235
870.8748904644607 790.7889662702067
83.96593044087662 520.5723496752296
327.2751921077504 913.4103173828682
203.29286101536368 538.7618320157177
496.5734083839122 267.4769227239437
918.0565838371184 707.9215082616635
519.9045522412973 384.8348260991488
737.1542030511619 167.1480941053488
270.10317019877965 92.07241744611935
333.1501345096538 168.09591909007938
