objects
580.9366641694457 271.4361862303234
675.418794620773 91.6974407774422
161.3276592955711 599.1122507678925
898.5992367424379 68.5923324497243
878.4253543027924 327.7137507532881
419.6959155452516 910.6392272612575
797.3940763281545 948.5432933242589
778.724573715952 487.2623861247731
698.3707926160861 346.4667716217619
262.9256544782801 788.3939144662635
482.4755056993736 118.28910533715023
288.10319522844964 519.5099417503862
73.57257494729095 295.7737411940139
261.07830150377663 307.78280918259065
135.8264291975028 205.76327129342354
73.24989685634507 375.77016119235253
272.1353122389643 442.3353521985442
642.0541299499314 197.6350972457987
856.0073251425237 557.6653007830067
878.8757881110349 900.1827448854115
