objects
862.923369192802 205.59391319942975
379.3665780011606 937.868152236545
136.5242475431422 173.38544006629996
631.567857176006 737.9267207335225
904.5813203162572 576.7950037731143
306.8043142898584 817.4212480129022
104.55124150865771 487.30467614013213
660.4111484282107 656.3593358211956
723.0423952662336 833.1298325453497
219.73128173884663 235.92204526058916
805.7608750922656 795.567018445874
169.02759407581456 723.9207448838534
391.6793892238551 147.51000400008803
514.3607962155644 511.54812997245
305.08134341834864 348.3341135371975
456.8751807872369 587.0789509071114
807.0291131072668 435.11314090849373
734.6169216544303 156.67283112592654
780.0889850031057 692.5957757310985
608.7046749356547 68.36504866425254
