objects
820.6193828859211 230.1297991906374
437.78776705381216 274.19331042846875
106.0007734339491 591.1478072770017
317.6437112096714 413.5344208432583
907.6520182920173 458.9720175217711
498.2056391483302 684.7866800979715
769.6083544347456 767.1813527061793
383.40121921330456 910.5781012412741
103.71133112689728 328.931915137271
617.583401979502 309.69360037034704
652.3119412894278 650.0169654086384
755.3664049725166 624.0101524633634
183.7335070208294 266.1970859535321
517.5405252256467 896.1182670770253
225.69831526894131 512.3516675243296
746.7845325972198 923.1812305515158
597.928664877612 118.09178942544997
270.33551414259153 841.3057946410394
202.78338533411832 926.5127302399097
168.3950515988712 109.37445915004326
886.4038399373933 301.7271675635223
411.7992569948707 441.34692375867115
942.8825272514416 847.0625873965732
663.7965629214522 795.3664822872723
295.7733894214433 137.85275220606906
848.3022154032745 824.2925044555668
152.66027595575937 744.9828148300074
501.56789321343075 62.63046983513564
332.60456457449504 610.6392741632632
763.087034837633 324.9932379383085
566.9763625837874 416.6435725471568
805.7496919938327 514.9269126062642
54.1619954098999 756.4360604397791
397.5175267199194 164.89231193686055
865.0911672509422 83.05986888241486
97.723037446988 944.2787343993263
742.8232257357106 113.92244113929382
521.607125136772 205.24386642243874
393.4554084098078 761.3099652240851
249.03873799518126 688.5192171893833
