objects
784.6195590397755 831.2703709058133
79.20523331535183 818.8303974935042
816.7790987484832 406.14279884471375
907.7057052722769 570.3306246474878
687.2799729198221 677.9191398139471
544.4638111540896 924.6715764771837
814.6023068376147 619.5358327195853
918.5603217885819 685.3441871016744
181.5433866785673 617.969187559753
301.8950470983811 645.4170128542779
851.0547892429107 67.42076273135265
463.5699414549543 782.9725153992127
493.74975842498094 89.58698349236963
343.9020989534318 501.27124330991643
612.3247987691058 161.96564928235685
537.3869973233599 443.90522522765383
563.2521245545137 289.54653433643773
712.0706280604062 428.5884070139506
250.85168200759975 346.10789536854617
54.96160527784199 435.55437609541633
693.8717067911891 888.7898510937499
550.8630235983624 596.9889200431788
150.59104615607382 229.73443682865224
707.6358943652898 108.2323753622522
922.3787540227569 857.0673667178942
765.8434750730582 321.07298602912437
934.3984222759702 393.987850575331
931.4917142041829 287.7636982705377
49.306802394416536 187.81689038581226
353.4788312917638 815.0805076340741
737.2433913434722 543.4370220768873
232.29817016311722 157.4390759404165
238.08738636765406 514.1989431226898
260.2445522908781 920.2919033774507
89.53530640588963 639.931627104132
846.7545379405095 931.1493553278516
655.8207733279348 255.14366212646598
621.2316387937374 494.7468395004115
135.67743938931415 948.5307645645503
463.1101749317589 532.8281483489666
