objects
625.9817431578184 861.5737817728589
784.0656521021796 697.5781707861847
466.95935108259835 788.1070338142835
308.0089669027567 371.13463038743623
157.84773312608328 72.26316071147028
578.0558103204033 230.17691946054038
495.73547903231855 632.9398651089392
270.12217536826927 92.28412848136597
924.0615819750378 464.5255420529732
505.86843141675433 429.06982099227105
819.1375511261564 166.463925628818
813.3879504776396 281.987314165073
187.2368599799049 396.2968119833157
233.54283159529578 516.2049285593936
685.8246968809227 552.9962476628706
562.8901467691528 723.3600828884312
890.086129740497 756.9096621947454
490.1516018222779 186.3733177509806
345.93307679131067 819.0721408967088
343.5569084007206 529.4930847038247
944.6026838416725 137.11124329630957
54.29156531451741 147.76868233829978
130.4691575037047 870.3013757173699
381.6005037139297 263.658238886761
905.5097770899333 637.8636358263728
791.4363687178441 54.04444160415231
701.9539424973244 261.03401360207664
216.18320944500286 640.2284424906579
742.5913351829687 941.4203648951924
319.19187400424556 179.14377056873386
576.5093269303372 950.1868781811605
589.331772773093 360.71928563696554
797.5170812141307 492.5366650016983
218.63120805660193 245.27606251379504
411.14739078294866 78.01210288865006
293.4646661313665 707.3230252021089
466.59356878094553 889.750746884408
801.2890107057403 595.470702893352
105.2164377223413 272.5313674063434
405.70396184708886 416.6747756541219
