objects
78.44556719215828 185.65021292894687
862.5954871366046 583.502034785942
446.3040961605647 431.8829067945908
598.075455335334 514.1132116063476
378.45661554020455 941.8686889887355
758.1629841717423 712.2336193108172
814.0374651516324 280.29992801161643
485.37020652968033 586.7755216400204
338.2507999001091 222.63867894928688
683.8947590361445 935.7888982385003
53.4961289602479 599.6522535878257
107.14847641599906 866.9711149444825
457.0321735491708 162.2954254809014
910.9535210644437 910.7969729033625
270.93871420075874 452.42844162553604
109.68762464458749 520.6607702974547
238.66397569240607 264.49357690465433
289.26148217863465 866.8449915573422
946.3991459423248 96.492847862772
660.0632513360523 146.9995703834955
198.11983490004462 54.60564445714937
625.9943982970677 825.9462791869009
199.40219336221696 691.857919155347
945.8605805069192 408.5877114366214
903.0842519293006 777.8910350241664
823.3954640652069 451.53411242948147
663.5735093560712 322.9020903083723
774.3801163290533 850.0439053210044
314.3273333107114 766.1013132401356
288.86440220395355 82.84847306956027
756.7103372542363 114.56026618556754
552.7295296590402 371.32519641167113
379.9476489463614 361.1177994323583
650.8863603489158 50.20168481537654
448.41690859006144 774.2520400117962
370.76693610956806 543.0114966874099
551.7649851994033 930.6463349952986
94.18925467928142 714.0983753076864
912.6808446100894 274.92496001075347
819.582409262192 949.1402654316853
