objects
366.1359117346132 663.8161198816529
233.26547463632156 598.9944523021392
542.974785455054 900.7049438051221
794.8396278002779 560.4744296037138
381.2459264099677 784.5125205235169
669.6076849893273 863.3888941130482
262.8526701484832 697.5889782597981
355.5700830315912 170.27081070298235
590.122923937851 781.3875875677348
474.4010226558801 591.5786169830787
160.99501348995304 310.10018194688837
836.0148201134721 694.5474109579469
133.64750284897835 67.0082723349769
825.8063608822614 431.26771792021776
382.1625027949543 442.2267188523743
276.0792807453371 69.10190856704013
547.2376098970354 179.2480033377563
622.1605821707961 85.16192805248431
726.9624483838451 150.14311377796693
804.3044517252213 72.56859182401242
76.55603759847989 716.9903701118266
372.52959950954846 559.1699011046402
344.1632039584323 291.6356491708665
621.8639229615684 249.48538776227414
245.6617928915087 173.64332028259463
492.33845822665967 685.067494923765
685.6141019930978 320.3796907833495
893.4274663767229 213.91499321261836
205.59913644725304 939.0196901649648
680.5389750482783 714.7375475701592
920.4005699026659 836.8993993325365
480.53957415741854 436.74575281469106
156.8482629364462 517.4801895084827
770.4546282943984 949.5925856532132
333.5709098497121 878.0021734747057
207.23986478606565 821.7045974008332
78.76365299571435 382.52356532383965
461.07390687616464 94.25621732930992
924.4574360516515 336.25285480862675
612.8321806240153 447.7440183258503
