objects
538.6680308951935 856.8147953529395
946.5284608162874 275.20021435280256
231.79975775365574 418.69663099605594
599.0947171713251 64.53138300313528
916.7962187935466 49.83348163887567
222.55275177864144 693.887870722597
218.66050201292714 582.0980622252249
147.82174070118884 164.66105919955714
403.51663813636407 227.1835873702166
691.7218246781414 427.6634000182384
705.110063989211 879.2212762732635
763.5530453972605 602.6174473267739
432.22562582952503 563.067627366519
625.948990297154 502.4446561008555
831.2143159583188 764.6693448393984
334.57411979710463 340.0889655587474
806.6158551786048 119.72811350825577
541.8465030226066 759.4806728058417
192.5753285397231 294.8230015687752
615.8269586581212 190.7067873619049
905.5746771455515 433.73851979272735
68.45149506383456 106.9460238839076
110.9588989019241 403.4150154457204
348.8556085643916 434.7249536281813
907.2636299791296 152.90301071267902
84.72606563198462 901.6915294608642
288.040297767743 827.9237230302044
353.37318288637323 931.6063366081302
53.804627252406135 634.0511130330302
949.1083854672158 539.9960063121528
780.6840169924502 287.88212510080297
317.5047966564754 555.3248056834617
51.1347182071366 748.3676954759272
607.2725112583248 634.897553056701
438.0107805326099 695.3704151082729
495.0058717763374 416.9456479047604
354.5048331244317 756.915840436781
644.3449271888447 749.9996259261711
832.2964522346105 370.2620289483659
877.1844501710029 652.0389550391799
