objects
503.1294980377516 647.82586598928
55.661201093254675 801.9511255744521
447.2737150664976 776.7374513037851
553.2096615467581 471.14156342362526
79.01882407484895 604.9505526886728
65.56820391470046 426.59840003609366
172.95279150084417 229.52279729447199
347.7685352438535 851.4559442530757
115.88476503338406 209.23670687188906
746.4680262396797 775.7757099054094
434.304209056286 690.4250471016124
115.08489280862449 905.59659010577
454.44396084906475 924.2980803329594
432.6786640459014 126.47494024210643
584.2136302776111 362.00112722475774
818.2612930907756 440.95852537430926
965.270007495155 441.5854132181212
399.04650672854206 923.0652258418528
512.6209309814448 849.0627761184238
182.13467608295386 64.75039983113042
908.8578348564986 371.55279065269974
646.0815501973279 87.60867109297074
805.9786118811223 778.1090135574051
903.9655609839626 781.250126573134
216.4658179659772 779.2942120989036
548.3781071663605 212.01785000153131
287.1479428445417 852.9545876837652
815.9754495514832 75.14929626308846
121.86849230709062 693.9139273378186
115.5517044144107 550.5523127700459
834.07523246841 146.79694516595296
267.5446734727939 948.4090811525894
855.3875441280816 595.2604594855883
627.2406217716602 586.6297059145483
315.4405179444287 229.6255475942685
402.6145186564464 553.7519098661463
840.1208363692735 530.7198461615802
847.9483914810585 330.96263193118585
195.51776564785308 401.94649831251195
442.99741488541747 419.54729648082207
704.7344300793883 191.11954593946325
225.92338655848067 220.3543036233374
632.5221336258529 408.9158331986944
122.86564040030687 142.57314133556375
731.5193733806192 482.74139253539386
52.81311193576431 505.1111648205539
701.6218176341056 945.7870397580467
433.7255086250935 297.3151159913427
563.855969559903 564.8722669652911
914.649157093872 946.2085535412534
616.2609164157083 747.5768631752437
887.2448530343066 498.1714309325806
47.33327828145042 673.7122580697376
878.7665372204802 88.1080864378713
891.6020958683993 250.77315199757084
741.1749987999559 871.2677212813907
875.0212613993732 412.07019359114554
571.2141189689761 132.03328476604403
747.1550762696584 641.9156213894165
637.9397286949153 877.801291312232
784.7894826161951 828.7401368857967
122.42648371404779 51.07193323184132
288.72547143944576 375.81288036240073
438.55841089898644 615.6716173897048
158.62354209594494 963.0604290080871
493.9145042001368 168.23416280342713
703.2281921459964 322.61244186796546
801.5164665408878 574.0621977396285
284.6599294867422 454.12458344187786
936.4573587670649 31.320182756922385
802.5804067034826 361.52267164443055
759.8719768359203 421.7449800566392
204.2886867175095 894.1007981182934
646.6531790564455 811.7879111383361
497.1515906698002 423.55722111394397
396.5194847709035 809.5590888074435
628.5386382249678 508.43715908154263
741.5119962283508 264.803619659945
649.3745476684287 142.8193364949994
947.6699178172637 267.47963854413155
146.7663486422464 505.94457638651284
795.475868930981 245.97344738426565
644.6856917612561 930.0905501874391
739.0425449734196 90.22209796517147
359.3734026971029 94.49957327235386
654.3849152433475 699.5675476509109
205.68721390871215 162.57277144657223
270.9493863528319 646.7173725737788
458.86626698840666 841.6246541904262
932.2853948455655 135.71408387041456
