objects
929.6818583968131 740.2818219805995
468.5732083148129 935.9960590106419
718.85235933114 497.2201376559332
927.7528069690749 372.6573545518241
191.51312896469685 286.51959601649116
407.93102996819056 590.7089825390374
380.6763209596055 443.6450244183226
893.8503632069529 842.3595959161229
856.5915411292846 688.7630231443723
524.2148178634194 768.7104504281369
425.60071724892447 663.1726883358186
629.7956278501007 702.566001085379
634.0358336665713 379.6289449602873
108.05105642456111 195.5316080382575
55.782469040032225 214.38272111735094
938.7086618664111 308.0554072824039
62.04123957353829 793.4760776344033
352.1983632326215 839.0549706148773
466.0518752546297 573.9678246832297
683.5206670090985 757.0351091095478
357.81757660357675 39.816551658442435
73.86530663581156 427.26406290081854
827.3376928520519 511.98720518322375
265.8176231886957 161.76373954169267
261.44317411202735 521.71718036057
95.02972868485514 839.2073667287996
401.8008130045785 943.5821856078921
467.02353490284486 873.9043707096986
317.7900095560647 358.14360133607823
656.8807766441437 838.7039554850717
284.15959454648015 850.9484565510223
330.47929102333006 738.6600625980765
799.8180961342398 781.3268047666772
903.8910827778767 70.38788913749312
524.6365779340324 666.5154110237909
633.4303781169193 114.70059661130227
797.0151179338025 438.90415734309505
568.0188898604115 511.7510465404088
715.561365445552 41.71245287102751
702.9854799414363 106.30138360907038
265.4496254052194 104.93452934465603
332.85143804888105 615.2950859446786
291.98995521326367 909.0566395033537
584.619194311628 791.5364192410244
490.99768348634336 388.12698247678713
859.5579895254009 197.62461048713232
892.5279533131463 427.8350440827802
895.2351530346273 948.4471608312919
727.2567543297915 632.0775337345475
150.47183630009698 809.969253885626
560.1542828949401 424.91798521343384
344.2875860045327 205.45366585579734
250.78339405838676 415.3653957096264
188.90135843578722 383.27512456370204
778.3644423618904 246.81151391081625
534.270927575298 313.3164702537891
864.4607692850054 319.9108986060156
221.62111056791383 780.7836127034795
446.5634206811943 151.29373818634312
731.7678150966148 283.23882914936576
49.09360297028594 684.3846893120773
484.29227322215445 80.03167557000249
201.93120261970756 931.4940539891799
794.6541021472792 885.2375944926815
191.16694077309805 553.7709441622221
913.326536773573 486.3886576823458
288.27136833689025 679.1784200440203
971.8306147333245 213.85548419777285
219.27656572356807 678.6279518457103
698.4267734928408 939.7896302249127
569.483247743416 859.9040133590684
613.4557772974397 601.6609148883042
548.3307645175719 591.2659587908363
899.2614192420635 623.2189145596698
653.4410981558393 194.1030846327555
841.2706674302342 117.11819039861717
317.3462394558993 452.24762192039003
442.7425153872123 278.40518805952195
354.10829332724103 546.0344008359089
539.1187779171167 136.7907753631251
163.2415153148394 895.8421953376268
676.4193004650748 544.7633301135866
320.20197108008693 87.24767180209344
618.7204595149213 918.9111839605508
251.19819352065767 619.2752085339571
957.0822120676065 598.6252882269706
126.54288346906021 502.2834526209075
829.6480716969975 621.2030130749948
847.1016297109794 463.05160105984544
721.625022802209 817.9406054345649
