objects
861.8894089354272 290.21997359078256
420.0714860060252 429.2979373617603
42.016128677626874 719.1674159440114
685.1890929641565 824.1535589379471
410.28597017063254 842.5038481615857
594.1794353176597 560.886264801317
31.855811729069533 128.3820919042533
266.1001185588923 630.3699263797658
898.0537516601329 954.7034096931513
529.350874840877 475.3495527168051
207.96524614801203 304.0560121595503
526.2516738274836 885.5555839805959
364.1234128479932 264.065216552044
918.8675479892521 168.4232350403779
142.37544243187543 952.9886747742514
153.18338979532496 634.2278164756408
187.79556821383292 375.0922609527728
362.08463322842357 465.3622459642996
342.57752141438976 623.7527527928241
424.78304071142304 164.30197311435785
225.00750545358935 592.6672760993699
805.5217401232932 150.3947555015183
674.1465648972448 592.0138908398995
935.2137356994459 684.1434548453639
673.0497087084431 223.8236623037411
707.3217066132959 425.0925399308986
564.179020912156 644.6386424063494
706.5250182508444 513.3450477753371
934.3360923494448 523.7901457462331
698.7365239350273 113.3779741656229
275.90727878190273 911.4231979755106
87.72196134874324 529.1245125986845
73.691419336591 822.3966227831394
963.6734084748564 405.88655418260595
848.168883850675 344.4681332209125
27.452839336996902 643.6386569606393
430.06330762817544 89.06228058515164
947.9951965215308 594.5492513034044
960.0461973785497 111.3781536382286
968.2916881172556 355.94282674541637
341.5356892184201 875.3047082770642
60.367278155541854 43.15760105731684
833.7778722013205 789.2073747656559
915.3996006537714 440.82659991833884
421.1867399621941 598.9973013974707
816.7163169911664 722.3937000790207
886.925301501996 44.2621978770259
386.6665137640016 632.3886104562091
337.9463925577237 342.99792105709474
509.073389777679 409.971106070292
150.39022088359988 725.7264532717455
141.42162094822285 878.5805979704099
896.5511729854112 858.0856427737709
743.9313543562257 795.779876548012
508.5645690235811 259.5496930147684
681.5160633578229 873.6135067023934
783.6465120129451 824.2964786270876
596.5438432186595 739.7303623583522
618.6707776618507 315.5312644492672
847.0809688105799 495.8776816899711
