objects
155.67786296779988 92.11529185092142
251.54724908630348 632.2482723129201
745.781639923876 658.3503129755261
570.2022477296242 777.2813216729508
814.5425738090821 40.957668408603354
50.80747802296809 163.4473361780517
255.07492308431728 702.114587490875
390.3821877636344 342.7518350193178
660.0190474894397 240.48411215812197
931.0271320814668 353.0091493198657
719.1428152399155 938.2343547793773
433.7883596898396 37.978136176226435
881.1555077183731 626.7202904901777
256.19480545960516 575.3570665276878
200.13540424649628 408.59883285953225
409.30957884032256 588.9043856069804
71.47160864269911 65.08715374538872
564.738547410207 621.1351362954044
861.378167616102 819.3578631935202
658.5122573851895 157.1771555214021
945.0800876725557 932.6029659044697
417.87568430787707 969.7890481846224
30.533666679591594 515.4753117703607
178.77656274258 290.04063512919925
61.75634854850847 554.1836760208196
408.1948865255737 175.98566212939696
564.8972459648536 370.6942614703572
317.5212002588613 488.5660218396478
975.1328516483378 446.0121633993316
937.3007514289956 760.102210556878
749.1596174984024 441.12251924240866
797.545652942154 372.0369320552698
768.4775589740439 247.0429320657471
742.5007246564653 155.87634760895813
280.7212037651214 347.29311720927535
819.4215464162685 257.72168355752854
342.1641402618249 954.90835624302
563.957359833819 51.58748520297671
615.6572478271332 403.9026080674767
774.2135422132236 110.92890202971503
921.9956881233799 103.36706172021593
202.79352296122917 924.5590016399236
588.088681933849 178.79175559807177
931.5569040575136 841.8687927250721
544.062527188088 871.8032432465744
698.090526673606 129.1478513307947
485.789896024421 728.2745987535053
703.2638387929777 223.89652778773595
139.74802555652772 349.79120477554864
228.18711151059128 213.560213798581
121.22978913906924 619.1091773065295
165.463800090084 964.6623903046673
288.4911486643579 118.08991211150497
230.16153945922557 836.2547267649217
47.20675399954396 879.9548790493963
141.2369599390341 220.01722253688703
274.23845553819393 402.80250341161263
152.00198004569364 434.78146834188317
537.0408234039002 560.8057665101785
620.8631303333417 806.8667910353875
