objects
137.22034868789908 80.93558383506311
348.5575693456689 506.4965452842108
139.06384366420716 700.0872583199694
733.4214826249879 589.539300736461
77.41888776488238 498.6409350013651
866.3833720826076 537.4685994894472
186.89086576026284 380.4954613499757
784.7801773074511 92.38190288991292
83.605730425792 423.74400199948025
796.7056547865212 921.4116131551433
628.6791492294826 37.52777824059934
85.18229862412628 651.8795664348912
193.60971215140142 36.111582697278
649.5622232161328 630.7300119048938
221.59030640649235 591.7529933300041
287.20416887599396 965.4666393350321
299.7327148079433 681.3268905810237
57.4064916244818 331.74935241313193
577.9606988449334 180.5008868595474
123.32550119330679 857.1017288218374
925.1269744803825 682.336894428141
728.4980817599286 349.85682584509954
467.19855505047906 489.9731524173932
155.34553935482685 912.9625007986779
313.6344844164396 44.74537789431878
273.15089652252067 280.49704669327946
892.0801209651847 241.1606712598858
146.05438136863134 475.9973329791633
803.0598242179403 360.2269682309078
892.054759790153 801.4542483828866
439.9157275439535 201.68498404569843
196.4412670221924 493.28289608620594
283.6899299971964 372.49369736276077
406.69914625828767 159.77953971562695
281.7671363748872 726.4809123651021
119.48252665364538 307.51144793286124
368.23174758686207 372.72020385887464
142.99550389141626 126.72493451482104
218.60297145651762 286.91428824493465
841.6285102963609 51.196710545173005
289.3931516682293 235.461326579119
602.0225544506139 538.9468861755253
27.11442432570485 784.0840702994784
865.799128553745 151.95723904358206
690.9829361995784 50.527524015385104
444.62978704022396 106.95227606939987
526.4957697077463 462.11811992963345
444.11232445015355 799.3704958791541
91.1216162350607 207.68892455081095
647.1057619030072 469.68723114827435
648.9731185847339 743.5939484855551
501.78300993509816 737.3852629482731
359.10101957219644 971.295699577936
727.553734777328 517.7864005529099
627.9912729758462 218.93861319638737
191.8070790060885 710.5305518841438
676.370292014275 270.7765553371352
510.21764321844626 108.74562982665958
487.00601667279443 349.11259023388874
859.8675943355232 942.9218945133744
