objects
820.2017418902792 621.5194784329383
736.4999581377216 119.08980715944219
35.08018801531239 181.7942436377455
558.5581783455641 838.867148979383
56.093583922885784 787.8261947019978
535.2187430937408 924.1522133078629
634.873489795338 684.6428379028623
694.0715890471014 954.9354556888796
375.3496379472717 924.292076889722
196.92852198385887 123.1398788823281
703.0639234906848 511.25149997883966
65.91371653480842 677.7250592963935
962.5506405911534 552.0863787878027
456.2372573491474 768.7409914147796
859.8877005163018 690.991680450519
743.8181191506752 829.5772829059422
193.25689705493195 777.3511045656726
281.42101585177534 243.9710517284907
228.18920744215777 452.4705952300144
500.9240428745876 282.45576927118856
731.9586011089234 330.744400812172
99.88845491038536 148.12618378127902
803.4996659347221 853.6691163061436
450.13528856129926 896.6708777512781
177.91973918215388 80.5661060927868
348.8058490214319 196.99193399033047
720.9388811657394 668.7288657574477
404.3004790778554 455.88157338471535
284.67427713691166 382.6482852605504
525.723384787679 344.45501733348294
557.2274278176775 405.21340454134895
229.40438634575236 831.621556769506
811.2371282593608 150.06170387638335
907.0729812812616 471.3067123119635
528.3936001858317 183.03495685405562
323.68121803750563 490.5456311193557
973.6530577291263 909.0655535488216
202.94606536736424 917.1512833603716
394.03097425211234 596.6275696574854
376.9805957471667 877.6435531833193
170.45188022404312 705.3869325152432
742.3027177201141 880.8172466032836
98.74950926757262 944.4849196610519
479.5546386929278 964.2046794713995
597.8027791748566 190.21817788950477
247.79997407085204 305.97681331873645
596.7157328227457 551.4726861148683
774.2283218196877 609.2698432313425
216.81188533223457 704.0918873123267
334.29746601157814 341.0906389743282
659.4643290300737 844.4048721821611
74.9822260900472 408.83214446287684
914.3487120158989 420.3429208795246
604.1847754327489 379.45431762414154
389.3901845859892 159.14454597513054
36.417429909185266 99.81775268521669
371.5972030932214 61.143071630094326
643.9266878297548 237.96539917148326
877.5952741934832 202.25206792581074
192.24998244553743 242.97170577918035
