objects
714.4299987955325 973.9601390569946
920.191481631354 384.7242415298875
523.1776118740326 796.1845901711833
76.86064891749568 681.7591101232977
356.74742693098045 718.1891805014009
956.0802663513394 781.3519703092273
608.2419760155262 52.96514811306325
188.06648670307322 510.07600023956996
368.3878485496578 172.5545208673171
321.7373160129641 223.4795412198906
61.00059722807484 804.4931979854666
488.692686163184 864.4755248695918
844.1188220767411 931.6161217486762
965.0302277094415 672.8920176927604
48.979002302986316 596.539550750422
687.4983627656236 270.6782649860668
832.2781403287464 647.0812409624903
55.60069173244533 519.3978840695827
881.7049234699032 57.695641815392975
563.7893894893982 668.6844875414067
109.39188792853453 453.80258735119196
318.4754545145612 837.257725034894
162.60720205503821 149.525530217236
121.99477153329705 329.82966636180714
224.1202702320201 315.7181730661396
385.88789083957556 117.13942075810522
868.9773584880749 267.13317138689115
125.33167721574563 176.10249210057023
306.2956248709091 744.2795030422132
736.4936756132245 184.5770856620518
339.25981267967734 421.1611301049125
442.50469628388043 520.4999729373612
58.77497451596588 350.8572335914786
424.3001873059335 761.5976303646914
342.3533244253201 100.2304354389554
41.61099992448875 257.332282763182
717.239864290886 838.4283949054746
414.77154974318086 404.05130259865484
738.8737837076146 600.4978245109976
583.5294602684071 179.0610496265203
187.65908201628247 567.4527431376231
102.3662056078944 849.8059709142693
98.28106065735084 955.4168136509265
613.66149277946 315.14315679556523
228.4027828943541 838.2719403970023
751.6931088546714 453.8827757164896
876.2354213376007 166.8301744657312
792.3298790640862 231.5364974827888
645.7879687808163 627.9057694992312
698.299863740371 488.62998944581193
402.3704830396844 324.42529975827443
290.97933745786 967.8200954864822
177.16868443861483 329.082665996673
241.80143225935944 907.8395466912419
806.4506908488826 791.0079959340485
856.3461436444312 211.5535299761076
798.5458744388466 865.342134813307
700.8436541146202 425.92246649905246
267.9806264040535 363.7145837636886
309.7508339757379 278.6825948023077
