objects
765.392437363551 546.861304367893
311.58081878588325 525.5868915904916
414.5982054062116 725.1083039242966
771.8780622709685 627.8140639851163
836.9846926393204 793.7748916965909
53.24393111251694 183.89064252617766
695.9043807365102 494.8223285059425
206.09266321926717 311.93372926853135
26.206358323028176 580.0088310093382
880.0898614757695 350.63992068266356
891.6319108573803 787.4371616998749
713.0347634978394 167.67264272770868
650.810578677164 216.6527361974682
958.9664391649741 590.5251930558512
539.7431593041626 50.61555764928221
318.315244675963 218.53033455106757
198.8668320856211 507.0905780976161
924.9284407645578 383.145819412929
338.85493740491535 589.135567089421
399.0916051498609 794.9848499144134
962.6939513070693 106.2735519174467
541.1187387011311 955.7778732545212
143.91735650048957 913.363290823463
205.02176385181454 674.1796430623739
596.7329281376793 382.2575735783546
219.06408540973973 446.31864807642927
553.6272287997361 299.68247071720464
489.73433725384496 663.0474500925765
963.9362637635862 910.5564055281153
975.6175182340165 858.8564617622957
966.7722046927594 186.45075496163201
767.4491809676508 970.1280109555687
826.5112028573594 26.23063347180344
185.53270375887482 141.51006079650563
823.1082014065888 891.0183632761696
665.0045043218025 585.4501194125295
948.9222238453592 787.1115874265163
212.62862619105238 567.7812781635915
894.9513281181166 556.2831700825409
238.27587141779372 94.10588621346265
638.5707171690992 805.033022620189
114.5065090504526 850.8266227231214
470.5095233910391 847.1854324033164
668.7716813642941 284.1331968317546
482.12125274714924 904.687139462438
589.6458811318081 35.2979967407229
550.9413598796815 813.41858276497
676.1965210097165 916.1246978172466
842.8890349181332 309.52390498498244
961.7006565169338 414.1489172496549
777.1219928616615 258.37606013467877
345.5626298774622 151.6900238919098
228.6528418533782 628.0686958567921
531.5506637384716 428.4541315336821
130.83521988424246 133.47405963252436
698.7798173321894 554.5410064414762
884.7473642452877 56.44129823975628
858.007368745046 395.27572989171995
282.928587391168 961.0294870411306
579.163836336513 664.3197398717762
