objects
168.17002085219053 480.964794096595
426.2999135968848 840.9191398572998
119.36919297110977 78.5908784704729
846.5569923538744 803.6677286467568
764.8719830163915 260.9416196887359
69.46771206013399 47.594992491673864
568.5047347647447 810.7510729090556
17.83540050511688 587.8239726697796
446.2413602073414 202.9560442597274
418.09396270878466 889.2418336301025
720.3057584559434 885.9719167793431
66.48397466541391 934.9782850959552
819.0790463982312 177.63426674190504
398.0618174814511 963.7244014738311
883.547888490583 448.4940734697994
423.102911916855 801.8781733700699
284.0193566067999 905.5105930716034
916.2575201703593 897.0401041049023
463.40845181679487 654.4620016357725
204.91120919645618 866.6956347447816
330.24411869828214 923.0643018147226
457.6790833475649 557.6785388179999
913.0293667075268 707.5320349251197
587.894690991077 902.9927791775725
484.1015651580877 618.8076615182086
213.32149165698505 205.07548908341417
389.57201736129576 48.936812953058435
606.5749352358158 571.0785485918284
590.4374494189515 131.68894743183358
223.95568026987777 315.4410781089156
338.0490783997182 351.92175942882454
411.2370249673551 285.2633753035894
689.8759179350109 792.8295183837818
704.0774824464371 502.51227515956776
220.17860146491734 467.2196511950464
516.8844219778739 330.16133810925817
48.79759031336796 372.4262454600211
371.2227934309482 480.93144610267444
427.9600670995715 433.8447823954377
349.67202928733525 824.5460483140888
33.77869764055903 845.9363234339132
100.42071562122237 117.99440175299931
841.3154302802685 45.80179908450948
548.3371691772722 487.7199452691997
681.4845185136564 354.91986884092586
174.92683836502854 668.6427321925364
372.05643431820266 977.3703066801356
795.74850333737 136.62612281861374
155.29509262579276 21.729348585317478
89.40572871187655 807.914180067426
662.7317400132167 454.80576806590494
785.1410209107511 453.6028792927873
908.5892803469968 550.8868876685185
327.6829794958861 170.8969080300811
471.76366734359857 920.1258870447883
355.0749820692998 729.2885390464685
630.602785306785 807.1253636207583
863.4185408751657 185.6533160912208
704.0054622616249 180.2885951754692
816.1609961522279 294.3770401601331
84.10799548516125 297.6632156326312
959.2435497445605 603.0445371966174
773.0193661316489 555.2082605954539
289.9426954298564 427.686840491348
68.34338736268624 174.680482663768
548.2370742354981 78.10424969970612
183.1910889678587 304.7205721664144
180.5940778189877 518.2464127548529
472.78163969568567 513.0640073946894
497.7429643197755 765.224344847971
540.0671127546734 362.6207660871922
495.4735808986999 703.7282314556538
644.0681182044029 618.3973212828969
671.4814450913444 328.6517429109548
169.11242538175185 932.8427915444129
763.6176301469636 882.1091403494676
653.1357077726609 98.32862526006852
19.479862918988275 476.626731632211
624.2947179829969 34.56540480920267
177.51203732423866 559.1122708537142
982.5160015600325 302.61555131011363
58.36215326191076 748.0632352958539
538.9022226141213 588.0287542349633
812.1590141883165 711.1609044596478
272.6833405667363 359.8031268384265
496.1718618265327 582.3780118833087
875.6443524227897 632.232993299045
482.76747559296496 337.6541049782193
241.00178806314833 742.6801417998402
28.07789840505429 613.0402290551308
368.7773850210609 571.247355588371
806.933330421125 915.6318316044512
159.30526044158552 887.3735587163172
51.37305935209679 123.53356103390806
875.0177506341959 852.8905172568894
546.9867113874612 922.8317476308415
740.0390233731158 194.2669523903215
211.79869988104187 718.571408926681
651.6773648801361 171.7253857369676
456.1853980277952 24.305343225756918
355.7876343589753 423.92632529947656
770.9839691182088 724.298716998768
765.8462516581519 53.70041935793853
802.7425529129259 578.2359155639941
411.7091186352697 547.609288019684
281.0368512368983 157.9738622119183
99.21133074753385 199.64516847398903
569.1252358059102 432.34813401452936
734.0839636212696 126.96095947642516
137.80770920716813 624.8755796192671
375.32135487096684 106.73788683564423
913.2280128988401 83.06138662627546
498.92099560573723 120.00008834920308
623.7644152996293 157.6713524921622
607.9980661074668 965.5227523280556
558.0245959913764 971.3728507959285
735.4035898591433 529.5741390627697
569.8228739673541 307.71985035874087
965.9815859405046 38.771313793628636
209.65776539335934 667.8947578657428
656.0175325477485 954.4769017806352
963.7152094773173 226.62441264717935
494.47052730198254 294.3121651914882
983.7922207117948 619.0928745870766
25.937766723618278 764.3277651085657
90.60248791270865 145.211601584668
492.3109943256065 831.2550832196025
971.1799363217799 837.7491297472953
666.788593457427 909.2202350988782
680.6021496555554 101.05443456344211
361.7804345278909 925.9319754526886
241.48005403461764 703.2146189562997
973.7253831068554 725.6755145664436
863.6244140036646 319.7721976727412
827.0138633288368 146.16859177069276
737.237577620894 603.5582577566793
145.36432619227784 516.9407169742836
300.17832069471297 315.6113028476614
328.35494679105864 555.4720197460824
955.6330869125627 189.8460490027722
633.5893448993947 724.5762004942422
370.22118046077225 18.323928010247265
941.0721435980669 346.82330577366406
670.0517680930735 647.3408152772299
118.32339305377548 426.89183285904585
177.80263023037656 44.158710468403754
283.1822764430965 591.4962877190706
397.4375838551628 360.56132622258497
156.34554681327646 828.6205495004011
254.56763471039653 825.4748509654507
429.741391700327 944.2695978166765
454.1855378895394 353.64968406554175
671.5065822062402 287.03823444641677
740.3685276832273 641.5977156415057
907.1972480930913 137.95989987682418
406.69573037957423 492.33727142964796
40.636908099908624 500.4134880067176
917.8623123063427 447.85830311788084
602.1456945127487 326.5913620765532
688.7029303321007 474.265199987604
958.3086561379872 783.2713030435093
830.9860827713618 692.0364427443792
114.55741060667756 858.8583980995758
558.4382947268772 673.1172882727753
370.4016466029617 677.8984026437054
226.40227196868216 840.2694608133329
455.8364781238608 595.1432256229006
565.4236429378215 733.880024412336
479.1045394412247 448.1900547976174
610.7492460009946 599.6902718214559
