objects
186.54170816062452 295.34257432217544
856.9555570708334 716.6833228727353
946.1295167361061 258.1566809057589
396.8824224023298 413.41549811688816
887.3152337502167 32.241523710629856
288.7171332276837 567.2976395051359
803.4679779769666 812.9621765402056
840.0167922332191 898.0522302940176
916.0767086953318 636.2433933757903
904.6057920309826 198.51004270944338
264.09576269660846 631.5158939301069
733.2259524685852 788.4181352067327
775.3922544927809 961.9616520571115
677.2831648379959 611.9577065138252
53.960304340579626 227.24613200781656
59.464321421293775 445.5495966431822
314.69181492023165 54.42875780487243
352.81887358055377 853.2616449124373
807.4167581041974 649.3248877426729
515.0432026455055 209.34829765380073
399.6060988356495 181.14134749157174
435.5733524463966 306.7696314264464
493.4847950063 825.8363565482671
687.7339719596375 188.8594917326403
128.83633756796368 70.45474368880758
775.1731289973166 578.7742644155439
57.134134497649214 825.0931117416585
139.33812416866894 292.0720758305833
935.9381261771631 801.6175231105539
647.1161989150451 870.7195975789443
533.0363751311579 155.13255199251333
503.4980343209244 898.1375743229958
494.71844703106325 466.5221141349966
601.0679248501111 941.0281403415786
176.3893188023043 202.5565554231356
568.426205359829 860.060348878891
324.3607507104985 636.4236337515085
33.87309867817555 136.36994770481715
766.792999565838 102.92171519300527
755.3039318290945 731.7682616708344
654.7234315675626 461.75228269037694
741.3512540821429 177.49528735232417
422.09706200212463 735.3810534559915
785.9485226121199 282.30429731760233
231.03524387964245 340.63960346407094
819.7887864864816 401.455034223197
904.4190369774659 512.7518274450944
473.2327821641014 343.3857514219121
515.3011081169127 669.6051330627367
101.12877352654272 199.76552046309033
647.5709866389016 164.3819998886056
167.08329469239837 883.9876511336979
734.5522960596029 540.236950158625
297.7563502616372 115.67550920389081
694.5959140461479 263.55176311213756
318.98917652312883 821.8636081317848
90.74621401219552 270.3726305639769
721.221395213151 378.8832401985637
60.35553345843725 775.747181586771
256.5045609788323 63.87247949530142
938.6260822395815 967.5487667323621
196.15101682694808 935.0955010683754
489.20887068630293 248.95815294684468
158.5777308066033 537.3161065017982
819.1340718336726 530.8949197256754
766.244436698846 904.0869451009755
539.2902954624916 360.13629727048664
636.5121314936283 94.30454925871052
545.4396676065679 459.93316388970175
410.77992392801724 630.5081930448496
371.432545703249 81.81969169821225
502.43494734053564 572.1659105482049
482.6117912560282 963.1459464538036
876.9172595118035 96.0077924221725
723.6276116400655 312.169569185075
170.40431545867733 691.9671482788561
506.9973311997805 744.5350262171684
599.2236284007831 682.4979244523598
206.31718087028753 617.332574158344
457.56948044538615 553.8252613964363
210.31866292144213 101.39998222181511
68.53320604118477 599.632096047534
636.2220341628495 648.2837619224013
387.88556305355365 331.200745690598
235.89440528849173 435.0326253620268
84.99293943768762 934.8078712741664
949.8354497009714 153.17347855043485
817.0291952092657 477.64545594895145
45.3963271287846 961.6172640547873
419.0645969160995 906.7719282002117
534.1895323266808 619.5449102921978
245.99263797117536 947.5961816833308
570.9597724038616 273.70182708002073
575.7496920524703 23.291653393512995
326.5221683051104 931.0292246926315
119.5409435712831 762.3438196288796
915.2636607835562 852.133244169645
632.5506692787035 748.3713662078828
62.291450827717966 525.0748710667875
656.6056537932708 397.6517884120527
935.2278076698925 349.80727569128015
406.75832221228796 963.4162099805384
402.6540491111874 44.04753492685337
850.1882073039615 611.7468260261393
240.76785605851802 814.5541017801324
581.7079217097408 511.4536705857682
959.4888191235656 67.01599211374152
944.5580308717149 677.7243478236364
808.6035076910304 44.270800710498435
284.5634985321133 771.0562814567082
577.8145006507206 409.69079280994015
889.1082903182268 312.2224264211661
280.9865260952087 484.25930550017466
100.87705217973541 491.71515415941167
430.88581799028805 112.10675873996087
188.69715680474548 40.56362518803111
604.4738234400577 451.34932235335276
101.18569115367718 356.9209162415486
882.8788790952216 772.2426372860073
658.4606540695755 926.9564445902602
