objects
787.3114420640649 649.5640376580948
974.6159194988198 521.5540534883994
28.205096400449534 395.59889828083317
639.5352648814336 610.2080877222562
663.8161232373964 802.9766525343362
326.7616305816869 515.1132805688162
897.7633124666104 150.98312678962913
875.76052454164 672.5157499778419
631.7186035121298 511.3805621673601
584.0481554272395 386.5826133127301
972.1944619778773 975.9401093496281
305.3096832373635 87.05677045607045
777.805926340758 130.14765666741462
672.9562047472934 307.5286364035222
659.089630359735 37.390207466658524
156.7445161379325 376.8093099315853
795.277635428605 593.2224579494936
348.4548684315038 574.8583098973198
241.865885689244 567.9826993336831
798.9667308487881 457.5450092200198
278.5254592213616 333.49127512831177
970.19363608363 160.9575832782776
709.7882950394428 347.6485626706294
56.31523780722078 787.5452050331762
124.28117013943033 345.3020478143274
237.73368902415493 301.8175937372289
581.9439481178733 510.4582885672915
877.7387920843232 30.817856262301685
783.0952154943615 504.9360486593348
548.4188736406917 425.38983330964595
605.7042902217794 681.0530090147325
774.2652385566945 754.7900027324991
680.8405144408606 118.98007618473194
854.3733262340861 331.4518132466045
703.3077640464744 63.56836898320239
900.1049165005423 970.0818781208231
360.7193747585729 315.42636098332525
807.4137576226049 317.75835064714084
184.90733654788124 161.88211212209472
586.7411495185676 83.27585241355506
413.43463190682735 973.9377904214489
726.0644865274471 484.8582204678231
23.67298068300661 343.75177736520016
519.0825993149984 592.0312844945352
366.60610603407434 889.5473283437452
696.352720284014 872.1761276421628
849.8272811220188 250.73492056343764
976.722236725984 89.21454784021765
231.61005878512822 458.6130534595909
382.9183514208829 155.82686818984362
788.5100068726433 83.54873952650675
536.9244765585179 471.7562901191538
218.87474258343485 784.6029418067495
291.19359299057015 196.67839080470463
740.5775953021488 535.3707653970962
352.98746572510765 835.5019039020358
326.60769877018606 227.65644551069428
172.63031881196406 803.7137709298299
619.2120741930631 415.28723502680515
783.1171179515314 957.6472098736575
492.11781175196194 747.0384870411285
646.4838377187589 251.17684398779113
647.6510727001835 370.93656627091417
831.3357716814504 791.7521004058477
218.29662100158473 658.773984240657
674.3566924364766 420.76773093172426
352.3100161057855 680.444191263659
147.0150633043345 238.85315678706684
406.1448088020628 633.5549453032138
134.40174719514684 48.8984715291101
533.1952235539503 32.13968300138957
928.5080761874837 303.7526393668948
110.11657496447212 155.7697315627103
417.1701410803473 572.9599725864598
974.1816741252433 334.9250338545969
489.3104211781256 858.7625172691328
497.27777161518117 354.73874410705577
225.58660937632365 854.754627303162
148.84169976633035 462.10346359954536
253.46353567691438 389.3166225994483
84.77175936084436 453.9233643263328
587.4428603289005 615.4878729970484
195.27951278652412 342.74388186414535
239.57485219107576 178.56015641277094
678.0496091460423 925.0686434382126
65.20180859019116 548.9017564770655
498.3487406047104 286.32797553182183
108.75808322773469 708.4896333899846
285.37725468446473 452.14145300768513
52.896644915980445 78.48942761933223
846.1514106540583 528.4999431989037
501.7509622486995 905.2741609989963
104.67340107223744 395.67307891116747
187.1790316669658 951.6847343626507
456.0197279331318 63.323935842612244
878.0768499138193 856.1314100622011
725.0287021573776 730.0431185864015
82.7806988221837 640.1051155445925
858.6638435328036 457.9455012637449
911.8725217637028 352.1180523962435
426.42900211624357 871.1777768143364
309.01057226901685 806.1729208490486
287.98041489778234 696.6945938406894
837.9823172598844 621.8873218517863
569.6494746718473 723.7446064816659
548.1995636216262 845.6000828987561
323.3415213996806 930.9424104281909
701.2430447273647 240.7085175386953
237.41794239020572 28.347824334036368
930.5602023518337 196.03403267069655
273.38001912644336 523.7036714525327
383.46051120775286 734.2798432709883
573.871905639713 567.7776243406619
332.9133870301798 635.750408264871
362.11982334106756 974.9561148579076
394.57056753923683 55.12637583993141
598.9166701156172 257.9714169977218
526.3769056963814 532.7965884903228
462.6941617275442 230.97254921518663
379.2704089986157 499.20008250712453
