objects
247.49947871118792 482.8844699361999
457.96312768848946 152.58227336466928
217.78001201576154 564.8437797504484
34.78029175577458 255.2171625236028
887.1150154592876 126.04809283057645
622.8599820280698 814.1634595722226
229.0839203319326 111.43045665676371
678.2798024549168 282.58218599840467
372.1382429020414 890.6000288562319
151.037444025939 543.7642528082602
617.5417058458697 58.79125153313423
188.66340603501268 859.8782608227826
750.1555594159339 27.12811122546422
75.94823678907957 301.49839943862105
173.97330850453463 86.50542962493972
67.43968740916472 878.0129857839092
821.7045286509443 24.34739006634404
339.7584291176358 557.4941789249692
471.2048799788562 493.85733614714206
695.3583431077199 730.9126791965462
865.480347377178 401.7063016294683
140.23924961495936 830.2982459950008
969.1964236857581 35.9293627113102
612.6047365045338 144.58989037320362
173.97271577110143 164.2628214751945
381.1752431485907 178.63235153298956
723.9625109208865 969.1007521212595
268.14457624679426 953.582032735517
734.1139640955008 689.3692135188832
638.7562307366246 727.4180588933376
290.56183033547 273.23685480582924
44.2028428650633 923.0404499402086
133.2590723607394 142.44876996082283
916.407447674635 174.57463182551746
511.2557694337463 729.852796760697
603.0341031464397 452.9283812600063
549.1199981666582 445.1822974529371
449.43702745496216 425.8249295543561
356.38243366922984 429.3240170346701
676.2719275425329 447.8886892156699
300.9234088238345 439.1753728980928
326.4632040108503 171.8170056338189
65.1121970579748 636.8870493212024
514.5772745100764 673.003655748783
759.3749433427841 864.6359788781244
273.0823128174156 160.07521993466258
750.0044438250457 921.6480204600524
99.49884286956681 937.3828803853389
567.2851091270074 680.8271866711615
968.4607511675124 945.8729392128478
763.4976178499719 442.47787098376375
634.9434603750823 185.03996065797313
878.123173548462 243.982631671384
49.28921824130626 494.7779344134176
458.06937464095375 923.8686345949125
509.59735698928716 793.1203692958725
774.4464307541754 202.79682276345935
403.4610411053265 601.9660429009165
611.6581073643125 651.5767423171008
752.958692774062 280.83621200989006
406.58788872567226 346.88184851048374
664.8404001882651 378.08848712148034
427.0995834860798 38.97817115582859
853.7498855896514 827.8660190825312
327.7887307268118 915.0912152853106
199.97282038301665 790.4095472207348
455.8874962925508 256.2014068392077
563.8349590277081 398.493641206861
650.6695903857443 488.9153574623363
944.0223749094297 260.52050041108083
516.1602879937814 560.8183732656929
413.4439819822185 847.0825064738289
530.9567615291077 193.54691574273923
677.0085605821246 631.2540891650099
868.3993013085028 576.7330093911089
108.81604376809948 676.9180702605531
515.5567485890537 863.4120940065518
947.8044688639689 348.58221017689476
408.00719152070275 689.0566795242531
970.3750182626278 160.6470950504001
120.5628060080512 308.88461431076075
215.90405984152932 241.66362259130605
344.3948522589069 608.7041122475874
511.4597087026634 58.97259930942472
239.56716558565012 313.8606692119049
605.7101937051813 514.74848821881
478.4636890247923 326.2303277907921
104.01217791450509 562.8940837719819
682.7242831947474 797.9696069240234
323.04017502489194 960.0707391117719
576.3121333021859 753.3941075918104
798.0153515738425 939.4615134795696
843.3562687947349 173.80316726122155
72.42084792439893 127.5547233284871
388.12072230105144 546.3312895051488
139.35955797673805 893.0191359319494
728.3389285529593 779.2738829579434
929.9611447325414 888.74244769935
104.24899033691328 206.95627319186946
975.548307595461 388.3871404525189
324.4411108992479 702.8814386140307
763.8247608993922 335.60270833604375
338.17855669583884 118.00131149442763
461.5430251818522 657.787852418977
737.388989940956 602.2169348546395
112.5044482073419 505.2754822098913
603.1346225250603 973.8722032398152
353.4191046667085 275.4584709419842
704.2497322580095 84.26747048147455
680.4060388003556 190.99208163169857
814.962899637215 647.48949432734
222.56431649552792 391.8087427894979
816.9887061062263 450.09358888839165
941.1138672487322 87.58018789645804
288.81877641292203 521.4462073857045
616.6315894846323 877.6995443543113
928.1498324813784 787.9708480561274
503.94199462036215 143.15957825944696
813.1518214081258 315.1357622226304
920.2198714423389 842.6593212204621
