objects
779.4927838554978 304.26935939541136
656.0831901825231 484.2286077141635
154.29454673910428 217.41570558356543
107.56688866231218 820.9379872356321
305.2310597924463 771.0691854923408
442.800529884581 402.51586353497726
840.2002406360035 944.8651482093029
650.1417841014942 942.7978847153169
880.3948996400015 128.4147489054521
227.00218761091998 672.8765350406527
502.0199117710316 943.3092597801839
936.1790372848142 769.0705062101529
353.68468555105085 868.5343367935767
529.5360452001672 62.044577432539086
69.44801995539888 323.19846817544794
218.6767965424135 384.2523994064076
93.77933937211475 56.174674412477664
413.72020192181384 219.0049259928825
531.53051346159 768.5707268086246
209.36996914780508 945.8867217307113
55.6488045471838 682.7219014648246
297.50443133154994 93.38356037084061
116.41760420326281 593.27673867182
788.9090832009263 417.44688813089755
549.4517637594993 478.6209290448883
666.7787343053094 72.77925115021705
446.2390733441561 509.45977625500205
660.5697869880743 261.4911269923711
685.8955645188978 835.4629865755902
258.5732587885148 556.9605953575111
939.6927102085476 465.0420701832021
894.1073723275533 242.66961620600046
665.1718291901238 599.8919084638952
539.8328505250123 626.8096679947874
289.97976584277586 215.02311902870466
527.7800236741422 215.90393900442987
760.0400961307896 153.7287269010924
338.1202665734226 655.8627801916927
791.4199974804651 636.182300363419
569.113917224311 362.7148581052505
137.24302057765902 463.91136156179755
458.6217450280133 846.7228983544861
946.0441907016635 347.95881512121184
97.07990285614184 928.5812074477703
810.6547083628805 526.8027182945098
