objects
658.059254344086 356.95236016980726
834.4283946742502 893.0346843700895
421.8476288488867 180.24359096252692
855.1592696421453 454.5260121663425
891.5129305967606 687.91869549628
712.67929981264 653.550075909272
482.9707933319197 900.7112403847736
740.0472464366736 511.05205225564816
719.4601630673963 766.7525226618367
132.70384297061722 635.8201909787919
226.0544499601519 932.9314506755358
727.0892116737774 199.45344983258565
605.9264143127812 713.1744286874025
56.4253751327072 278.82858756815875
335.43444100418196 507.40725513814965
585.7746350790325 583.52175243211
878.365616364936 212.46585250549734
286.3847271557826 413.37794423662245
312.89729347763733 717.0591151201083
368.2969560532057 87.50323788705444
805.9200660971793 94.7936841827281
484.5949557881037 284.6650054694605
933.8398778482581 370.4534921857094
932.3813177036741 551.0726956484707
440.1017950173934 662.6456051473908
933.5108157373027 852.0220485681346
660.9854302873725 925.6807165093667
529.4235904509119 144.63888578322326
300.6068215656553 204.6349258860921
595.1503849288733 59.456724674240924
831.3698295941559 307.5134436013065
274.41257028699425 592.1968556056871
392.32769891742663 383.7819282630682
94.47605205970837 506.0133197506376
75.89221500783057 68.43385713563417
596.7828561571439 231.2738651654653
555.8743357054977 467.3346062870029
163.99258024702084 238.24987073344647
448.7755031403322 777.9590881611826
825.7656170252728 786.170171774249
119.89628578922395 379.1198732078319
928.2593420417122 117.76237318588053
761.1963287568864 394.5403835409624
191.0875432545282 456.79125696141256
91.92251854096057 766.0099066293136
