objects
573.4143950534785 246.35344406610048
289.07811878672675 219.91348733489932
886.0990303863688 343.83008028535073
805.2811307358488 258.18354975201737
329.6601063425733 817.6982604766208
454.90404943629585 54.9493663812854
871.7175759941681 542.8362937465655
67.36626619334564 194.35843807994232
178.277342514243 594.1012850259758
737.5877454549785 99.2844407486372
737.3700688716373 620.2254888280386
198.09838094324266 799.8955122388896
337.5566927096905 574.5277388812473
143.0945763924148 695.9595208111589
508.6669117786285 502.38156551402926
548.4643092460168 749.3844182925812
380.42339890770126 331.3847560623687
710.6541388248493 514.1521098272241
685.4635588387122 720.6234116257493
804.214202795446 733.6753362503116
531.5624942226929 881.7569976158126
438.94275592857383 157.06570105457484
436.1130929244698 926.9233784143278
928.7802762560856 766.0838412836395
490.95585498414596 610.5594853546575
247.724889689322 467.0101361714877
933.1197261515123 932.096805225584
904.0732443191499 662.9191993443446
86.86824180529763 66.77730068037998
738.5300829690124 374.38382610325283
894.8506010285029 155.29078414429455
679.7252863123758 212.25867253043796
855.3093253319051 863.261632731399
130.78974456376423 942.0838339915307
316.43785564424854 691.2655507892617
938.330322872686 55.44096988920815
204.0694366836147 296.92678540902756
746.7298049998884 885.0869356400787
549.1675601064105 132.521008671575
66.19204858639189 494.08481577731243
133.2116632290792 393.3503485122466
76.9619625215543 828.3227486777714
628.9562763607455 349.5612647555091
438.69735424339837 422.9986682508304
191.66573519139092 140.43325805560096
