objects
925.8084931634169 170.28424936643236
738.6493633321782 584.9179361629567
419.1558588493356 703.117690594212
298.0462656632402 313.986509912051
843.8007118314093 750.4760762090693
885.6491819350159 248.8869135866237
505.2543174265954 943.7798329536587
492.0043091907739 478.2639847568615
599.6171123533732 951.7230489897631
185.3506025079211 370.775057559343
262.8136411589865 646.6057575349696
630.5527461105606 824.7579969245705
386.877558937237 856.1060382758633
359.2575758705339 43.86153036900164
588.4163560376064 619.2187690231443
100.39574227324559 478.0686458219732
243.23334846752536 424.61346433237594
565.5468991004526 391.79667815844846
947.6737280411535 672.697889250302
834.8018744824657 518.8028869180664
415.7466375242466 99.82378275980895
217.10995429608494 880.182875574564
493.3986492969423 789.2124627834298
274.18253689702493 810.2515798427524
379.2595834985406 621.1522246458172
894.1656634889134 863.5522131243205
925.463805604977 558.4337781297085
759.767410767148 302.78481723195114
717.6563694348317 839.894264761726
91.99031108501134 314.704266818427
105.57644335589461 571.3572856064162
135.01114560908943 87.06868863692776
519.0623494724597 142.93227112628122
424.76854228020954 305.8976328073799
714.6584557339938 226.254661172048
321.50586478751893 503.1743522615014
658.4944708988055 461.8223754557481
659.3058348497644 724.4089364759147
94.5914498886531 726.7979868001095
204.65809314353413 586.2377580056259
312.04566255310385 737.8576361884174
840.8038832255444 321.2805160278867
797.709297873621 116.25749772419081
456.3903825564977 567.8134879953936
743.0427673308178 957.7469684432723
49.52437305118609 944.5120728669837
441.5375843748352 198.44876345367456
39.91145306831608 388.36655445012906
945.8590429289753 40.03383343543328
846.5561451852432 934.2239994321445
90.26695564846747 858.2401175519445
339.4876393022917 194.64176785839715
316.7737373247595 119.74478719848796
781.1498573632493 669.6365896922829
734.2395666452271 750.1657772920919
656.7311103026499 83.65313835500652
862.41033466117 414.40042793276206
938.8294801006598 305.6887492606241
210.57369589293498 227.21337699701095
758.4519060307123 405.11218315639763
