objects
627.6685162462496 943.0761079370142
539.0160357300026 225.75987879476327
449.13528200133425 830.4795047293051
790.9216022470516 154.06355093121536
285.4484437093041 280.6901021290868
503.6640589633907 950.3481541344448
91.84415925311171 610.3262701512733
257.9537770142039 857.0790957769225
143.97035266931712 48.823023606098474
44.70724793338819 742.2645948203619
782.4246287830089 687.6669474348128
676.1812000041934 58.82808326216679
518.0957768501976 581.6528484450632
792.0763299674426 341.14912948879436
203.9642635019765 769.648488258326
672.5381288353999 704.0779827960669
922.7864629593216 339.56705731929895
576.0574750200321 361.39200246742695
47.17037522769084 885.9936047877785
87.89103089687995 815.6979633866326
953.4742211674294 123.63606493891982
75.06290424069627 115.37153077374236
529.7783038262788 660.943644560435
347.5006977277681 449.6458034948349
508.465901405649 101.35752364966635
949.1475892292633 802.9163653738251
469.1355614143296 314.85217160187534
126.65604510164104 954.9134072791184
745.6522491493143 585.8044536845416
383.62716868423394 156.91206820086734
336.61290159521417 681.7709257899103
194.38018235446847 308.9105434176009
239.49931950476068 86.22622052308185
688.1769261266301 142.1345366645853
729.4815486997682 447.528118607102
499.72452789820653 753.2928436239549
86.62120819065936 296.2937854928092
653.4199226148701 226.33842087348066
177.05139101041055 655.1624436950942
803.9533112917138 517.6217919157173
957.0087291894489 631.6358917222078
939.8316085393662 228.63316292037345
162.52696027917912 234.58986112364198
314.52682471034404 800.8993347451525
940.8039822425765 496.2469140727878
386.4646113665728 754.7181526473503
764.1003751773294 957.2832799423048
812.8662377625201 842.5383572196044
879.6898636469747 58.71098059601126
869.5500989967119 637.2349994617399
607.4979400455223 856.9578875411788
438.4226007968842 42.996110237171834
399.880671611274 508.6232787757651
327.11189168731045 931.5817502080789
521.9508899941146 437.7294343400433
301.00723317812344 356.6613330491545
224.65067081168507 564.1595542918376
106.81158479281947 500.1976167272057
884.0005534483132 908.6738720966633
775.4680055984148 55.144230682430916
