objects
634.4775117778614 675.1195669686485
499.9768986425935 504.9170348476931
230.85679119895735 743.8642457209127
343.2810604784391 549.5697234640955
510.02745708406763 297.08006904545834
867.5078672585852 393.870073788188
195.67386822246993 346.71262547428074
670.2664311242766 924.9041514459852
653.6977704809857 385.99668342904425
184.85722852361766 492.2598913669738
744.8584398864205 605.7736568308957
891.7758169602408 151.70597136984344
516.8693351713777 148.62448205924312
346.70005914777295 932.0182947999095
938.1893793425238 754.882873335731
396.2941873967327 745.0232067142965
236.57148178370426 83.39694806194186
93.86644005161455 797.896882276501
793.6713496364531 287.3082071703942
901.5575316386852 590.529415716438
741.5241068783378 141.25399847836417
106.9702030143493 212.30683997197622
817.2839318828748 830.5350514248246
560.6315398019773 806.1990451054469
920.6841545213392 898.2370955863917
