objects
394.1063507146755 769.0088878494095
836.0585731200421 288.7515174903723
589.3794811203722 612.5510368295365
380.2957537724209 902.3044974892852
823.8207532616052 81.32973620116752
242.34348781686163 431.96410371649665
102.5398062399579 94.48050833173868
930.3670523380644 527.578802375326
202.74766450085878 808.2193430792867
65.09145002476514 459.2615354247377
644.0357872370312 330.61155215583693
375.0815309172552 205.83849958605293
172.10068473791705 656.5952212771239
913.7827234845939 813.9872847955263
797.5639485018979 618.9774162312266
714.241307340878 199.47518749534106
611.006947761147 770.5195100991064
132.4329791351679 215.47396748207296
304.27657745242277 593.0627820755054
549.8043939866685 937.4902651434744
504.20989862521634 350.104423719435
249.80673520287854 254.8075037112618
594.1894022948342 81.06580397517875
364.39620514593327 347.08256097956746
268.35893181997807 113.65822902851981
