objects
375.77049703688897 295.17985760359267
164.68737999263647 448.3238318558451
936.705790278897 274.1317001054453
570.5062069939659 906.8401261471827
135.0957051889758 904.9977180579217
462.81758435588114 436.3158041218567
557.5375985722304 153.79131578999568
681.0388315034238 689.8559940353225
539.7435859683706 752.0272935715743
433.716801806874 654.8294226499671
869.5101838994589 669.1781510060263
342.9852841152614 554.0692691880491
333.75018779802696 175.40384343920226
760.8411160545721 432.9984722525901
73.46683099244079 582.365605473434
287.0856942375664 757.0439889681309
68.28169678167725 737.3023145287115
204.39825230711398 609.8383469688717
268.7367483532334 70.18377237104981
194.2436154175246 289.1014435240793
142.35156272064825 178.55965823042737
928.0608504337735 494.1944397661488
733.9031818771749 208.62710889013482
600.9618792616077 366.5887391430252
420.24661340448773 856.8238797310208
