objects
660.1980604464388 291.1783760807494
814.7390177047204 494.3053528144006
782.5520770532091 744.3771573480142
661.147332975272 462.175191781725
591.7928121380509 608.6757810140629
881.6779001132212 297.40827535762185
712.3086628377922 783.255903528881
52.82319173021624 312.24974798385375
236.80170611158928 226.11967163794515
546.5675563632072 186.44203068296474
96.37598846462618 930.2295867563499
348.12302330708064 417.8699960873248
417.2535054297847 943.8912716070757
682.9622313134585 696.2674358155466
632.1836560814484 145.660990067939
938.4561312671217 190.0785471140873
332.2630280185191 718.0327584382406
94.2781346562119 78.11970950912243
555.2788593272784 944.9713587011748
194.41141227592777 603.4535467044295
961.4495868643726 354.9693218166358
586.5373013429758 782.1038813868377
802.9229455792738 149.85568268049275
205.3118525647037 325.1465271475335
601.9761904194709 69.4998225939169
760.194663574795 636.3268048794928
409.701198424477 782.280734985411
943.1709062854445 652.273180615607
575.804873972378 406.3982301118266
402.61311868989236 71.77528891977946
70.60196956965416 673.866897407694
959.3421180504324 927.9907317234574
112.56926480122186 203.7421756524439
177.87152728204234 894.9753386032144
832.2429968151953 680.0058378669589
75.19733810114604 441.348879684416
881.5141184720577 811.8179364860968
298.6229147696126 517.5999844689832
189.04361905535183 472.736108262095
830.1590224535717 382.6815626154262
141.15055801456703 713.1440272948204
648.9599538804245 953.0063040548494
866.0788388924599 917.4531325298911
481.7244257508381 440.35914418737235
197.29451687202504 143.39099681639806
444.2106881733637 355.12225007020794
744.8746099922556 920.106385577401
334.70809749208496 199.02160526887207
594.7002230880051 689.2049318468585
808.9339036964057 45.886600754165144
706.0270711927451 157.35505495233758
350.3353941482796 593.7125640999311
315.5449669168698 324.52493703329185
264.36125349988146 771.8384719839066
274.69278627009953 140.11046511196275
687.97780350376 44.39583910642771
606.0318079842026 859.0228262876047
494.20252689830033 802.6194601261474
74.05924086123873 558.2624657480659
259.458315586483 650.4757999001606
864.4034855589109 98.97820190565307
429.1424177845353 853.8859917774129
768.6058422167011 284.80335300330535
94.42949216802563 815.9532058477346
334.6328633510478 923.0494491809051
