objects
528.7115441634526 225.4051617803819
518.7558815713079 116.9410256061578
115.06758200453953 195.8741312028489
82.6641286793342 370.4564401742972
386.4467563125298 558.4903089618421
843.5252103718653 883.9229314579935
343.9045829104682 801.2832028656687
285.99911180309675 340.740836670642
926.5263519088878 500.74721845825195
212.7751832811872 249.80553287610354
936.4174621186562 280.3620556195619
413.26759527543913 925.0273861898645
417.9846020873166 94.72456490384057
120.77833439027768 751.2414129421873
480.91116075780843 420.05577992002344
600.0437980529608 131.36487221004052
496.1670531853737 934.8644906249348
526.5376436135397 722.6392780032846
870.5431409893498 394.28392038934686
107.72615443676278 557.3782024894806
795.7086017146212 742.4270159414082
842.1703616082241 122.33200522045563
167.56811852612407 375.91032708533174
306.2725783258399 728.5411897072165
45.52272705436628 497.3958382030142
794.0618482971837 587.973045254114
584.6056314739852 43.38766027688176
561.370602686176 868.4175743704176
50.24029863971323 869.310730148906
88.4069913662032 110.6303119571737
479.91532416394836 793.5515586729009
518.5479567934424 646.6697815133549
319.9261046119338 918.6346948057094
916.4386612277546 685.3386475331193
319.59276195886565 128.12367972548356
932.2664275649485 802.5653187328649
601.4804087270717 578.4241848920639
724.8230516979022 635.0359533223289
645.1510048300635 673.3236103861694
611.3869296002072 812.0469901761528
448.1500322036039 342.51712451421093
209.68424338194075 813.0970148790303
728.3339476979892 790.2143090962
358.98414407914316 394.8516866269059
781.6993420155345 466.2228009414675
156.6396841117862 61.58499321668802
225.49542866806985 121.37522440182785
243.8393573935017 429.70610241249847
175.1470495819151 515.5912968672599
38.6123101776273 784.8827345378775
770.9839003985646 360.4180322213682
44.50547333555665 615.0553158580706
395.0449478527746 289.32803097167994
549.0741584142389 520.4312477300224
678.6502011497946 136.1988456797624
928.4857180311649 950.9901624850294
661.1646401732124 925.3718776793519
541.144369142829 351.09437903394235
178.93566151494025 948.118903593555
246.12440594963402 901.7319513112122
462.3410523782437 570.5699518190057
552.9521884160546 444.76397570588324
685.3139183254706 566.0130208129991
142.05694290940704 856.0239482218116
646.2139076457918 484.5049962496495
