objects
889.1480254890047 717.7516882787647
655.2983551043671 400.2288687298315
566.0519911883637 667.3470487466639
146.9558142822935 89.89518617542208
786.3963687939238 529.2809684257663
303.2933708140219 265.58368765717034
427.2691730524408 423.4534421355287
910.4499424426775 903.0253002802352
63.342789568177615 168.86186089349695
168.37070004774966 683.6860782155907
339.09586865317794 568.4097889906984
609.3773018947666 751.6469437494927
425.7219788647276 721.001914913331
420.1660019715813 117.8239332423498
139.93808011732855 368.45173197338636
289.12203837200747 921.1538559109323
284.47192467887334 657.5993488655811
537.409838812077 825.6409230676916
592.4143869294608 187.233748076489
68.81360711203332 610.3545083710941
554.3625341000069 352.02825192683287
422.621616497102 634.5243914309426
547.8328027811925 940.6372820119109
310.5566618292173 52.71043392044318
132.8930983767186 236.2991031678447
777.4280778175288 89.59202840704728
451.55902476803374 549.6804454657397
762.7276600695299 874.3337677461968
694.8563981817593 796.5952766272015
741.4246268052766 467.2165473365814
934.1190964176185 155.926801690911
192.86195088707825 528.766016841842
812.3693775153773 651.6151968333608
713.8827066100972 239.34576610090414
697.84099750228 917.9226552382358
473.2673796576803 293.4710082879146
379.8410861975134 238.09280380160413
871.8677059106644 352.16382153196577
75.16805161247407 515.3642703070539
516.133481879983 196.44532708593505
783.7527546446918 379.8751593054016
664.0216609345043 693.0442313597828
910.7756761645462 533.3805070454827
314.5445613659431 345.1019049566179
338.720746661725 720.0415997603047
149.91673653437607 792.9813613875309
265.2345184856277 547.9971232081656
326.2802826712147 852.1511538259248
604.6184272299963 873.8750292695559
534.2123386657976 40.67415919994363
507.27174906372704 433.64749101140757
234.1707849162982 359.6115759719744
83.59530786077904 862.374162650498
565.5465505903711 484.93560377132735
794.2552437534695 786.529739091643
187.85880333812008 949.8750748676746
419.9310949459251 847.6434760929793
401.04689252304337 317.5705543392568
925.4168964560336 613.1367702463511
254.1170826392064 756.6115821273376
228.44562833962772 460.72521399504257
95.45543804698897 698.6488109736674
716.6751186891423 150.51379040259496
423.59665803872815 937.3709043244331
663.1782863009975 613.9415008677548
