objects
944.5222939952898 581.3237374201128
758.335708992462 426.0935321935412
54.53207040380523 327.83041499819586
236.39583711375712 477.06812184011824
512.350357428154 777.3992426868039
62.37193398849065 411.2925022571637
590.1930108098285 826.1947396243816
318.63046107255155 370.5703766811456
752.3768138325562 66.48206472890641
610.2591388338892 583.9095218249967
574.7041017513174 679.9630474950724
959.5596517459079 917.349127047103
418.7588868156425 356.9309310774482
645.2704425926131 47.70974274898556
223.36007705177934 591.2508744543724
344.56647529426164 140.00702796281155
117.52817911291196 205.39957382801413
640.3142306553435 434.09278429761883
389.81247328797684 610.9816491834814
401.255890332731 522.9951813401332
626.5475163382093 903.9392094293405
141.47802184138504 70.35653474139572
721.7127513870997 652.6971658371963
277.2315594794796 687.5137306426398
838.2805605540995 318.7115856941351
679.329942536223 305.1122088333551
947.0364067986905 144.16066636128795
946.9465626711341 440.85604911067736
69.7339243897184 543.1048430639498
302.81952298352394 203.36438132130553
702.1052278826173 875.915343750437
848.5852229448698 123.01911075701867
224.1698023053055 789.1742373150746
258.61004676133746 124.0008237103898
418.6579883567492 190.96280514033003
486.90766613626323 612.1605237203529
349.38899830559365 907.0362601678278
474.80109973589066 438.96799506228376
67.31858488970741 99.30492798945772
139.8332944951762 323.62964792020165
332.37493018134603 490.63047039087877
211.42687533778974 194.76384430310873
555.1176134417834 91.67215703960949
827.4000380173507 862.5094959954787
650.4616741984728 233.63556676852073
457.87891980800697 722.3377042974182
930.0401855952566 277.5610425569726
302.32564144807355 559.4392428078569
635.8244795609313 127.8509273048551
781.4012689728243 938.2312690634568
155.26058311802942 626.8533988084806
119.10574804268902 705.8566619130752
149.38454955097137 476.9252204905428
399.058199318961 278.2124867358042
237.50254152045972 349.7607879831334
570.8729631151087 510.0281032347774
900.979516898044 814.5600662908198
847.1437845478374 758.6516841379423
48.443442205905214 896.8259360760732
452.1121898508593 78.63785349666131
135.84755858167634 804.6291843823338
417.75764818955355 803.7028861848073
153.89910438357003 892.93623041392
778.5073354429228 715.1501685910755
491.21560307963466 933.2339537908921
