objects
658.485820175642 758.6449452420077
439.4310443996853 541.0186071024392
281.2630858839681 499.72491006773083
78.77320356532155 571.0998168302289
544.9512501444178 932.6894667418522
814.6322788384135 444.8226970847168
692.5205794349423 318.82829553990524
400.7737301029864 674.4240383924795
44.34634353062896 486.88464769262936
870.1781569139972 721.4516131248823
930.2001791561287 655.953974579447
744.7219917587622 800.1703760580696
906.6345796847316 372.7424176203144
47.925930965366604 359.86896585634975
67.06186722816841 920.5860877285135
796.7597411289787 300.03070975445746
749.410016880257 104.47022537279484
254.69365251367526 364.48105132565996
624.0032304549969 909.3978242196068
381.32271773064144 150.18048460548445
691.9687244376809 471.97495510823137
218.88101815274007 780.0247168349373
915.2134116458116 165.4116770925827
326.4909609970956 207.42412956994553
709.5015585824463 674.0353137037282
946.654679301349 761.0356682193187
330.7525349191376 954.5313274571541
365.74637567216774 430.58094304766814
48.103581234011365 847.8319348361202
133.19916454362072 245.2851547427569
923.0875473992019 884.1542848572795
591.2559495588052 129.58483349295093
936.6126773522496 454.1716264827945
510.56087800238816 621.6678816111008
188.61874950277178 88.13039971383085
201.9474893537752 640.5803249419032
522.0072367666357 475.3128924947847
565.2095351765295 685.7374765428865
351.8481820208332 526.5136008087586
197.42068225223426 895.4236432338308
835.78670311111 833.8208161007811
898.9380280009952 82.27701126393046
112.8474848378814 425.3536004819766
875.8716874536663 276.93721846226526
734.5561630476176 602.1981675357961
420.52407518571283 339.11469350213457
958.9845182227998 308.1598475368646
581.0907124877932 327.46164299064714
200.78963815136854 420.83273510341957
657.6017742138563 839.4248416641335
621.4893147991978 43.049377038092274
237.3050559952901 233.68969328971696
776.5990898906822 881.3470377123415
920.1436093737258 559.2537218283458
388.0028917120235 255.03541423164415
147.15756433571758 838.6817114748238
709.5652239055988 194.66888744883437
468.7385450238601 777.9441666056523
791.8047210284926 722.2558526182828
805.5695145995544 632.2746848162514
603.8574788428559 413.45603455130725
112.70687577082337 157.8395003107355
256.16968606618826 695.9446418164719
124.37538487700067 663.0418249460294
670.2975276677948 107.39350214774346
