objects
931.8936136600289 649.9691244312544
407.1518672836201 629.9634459349007
234.93459664274383 784.3883565025195
560.2334100999951 462.04942562000343
365.71073313555576 375.89296060465966
893.605079172586 354.9445620579684
126.45315217233646 664.2388645093934
408.04744778794 221.65665842195136
424.01294188511906 424.7161478022811
674.1156496028476 62.05375517870542
901.140582916111 905.2589994666416
743.0093793660766 528.4445726042198
496.9502598765962 609.3155420655424
59.622440211513954 304.08499094681355
180.9446740803702 264.45596369283163
312.22729212880773 546.075329475774
40.22023321936548 926.8479880340574
60.89520126615153 113.76710200151747
191.36254164275323 66.78544194350272
234.23529274377768 559.9216638000316
825.8807745740451 688.4875652405319
175.5484095262724 369.1319567659913
883.0963272068202 786.5126185806096
887.164190835202 93.28152172357368
604.942775446383 394.2943820758366
279.8163180002005 850.7142154866707
309.6316916881531 677.1808386897335
832.3169102139385 287.4891737292128
333.8481690178614 69.1377700409015
656.1658760375993 667.0182577542606
550.0578828056168 726.199660772144
909.9922991692669 223.18223698631556
77.29262209289672 801.5109253806792
823.6420480114969 150.45857810846266
749.2970153171268 277.3403932975449
496.76563429118136 954.3111571315183
894.5860895315735 485.0474868461798
804.5458857965621 840.2579635839966
840.9277905487385 564.2264999201802
733.4488792922227 187.0477488830253
207.8955593514375 711.4150835144612
490.9671043081474 198.49543801035782
636.5604479189677 565.7976116903938
627.0345295857035 924.9188986379129
503.4492839208368 51.17672716138007
807.3301186256926 940.751899384176
202.86088771518172 189.0994130663343
438.86787365839774 882.1395224975217
782.6691333578001 370.107492016947
126.65553500720603 201.83097329232328
657.0268434580263 316.167243330038
540.616481409315 874.0019305382502
407.5567430368148 121.48275139999888
299.839584542321 464.6603083489052
163.79757474194653 918.9319606975803
427.6737260697352 796.9751603374217
254.41995342085255 376.537482379691
56.63379678212321 628.8226925301454
353.83715512561764 894.8476055379133
642.380231505452 190.31997771310995
90.3881200996357 433.4419666644788
757.78597987798 615.0528159059071
426.2193882884635 538.7502971145553
448.52218387310614 335.31537571494687
695.0198675806224 470.29226569837317
