objects
611.5391103077966 483.3568293336293
88.34570176908449 574.7542101953825
168.76150365541048 363.51470295330364
316.7630867149043 661.0621435125662
81.9616669632339 798.5868501483607
678.4813264047963 209.64095468894544
932.5080254886809 460.9653123211666
579.8144234060127 863.5209174384297
81.51056944303434 49.83977408825302
730.0346100313858 448.53302283676163
956.5856945016372 106.03565680593424
257.8145614029713 751.493409736083
103.41951886833961 934.7528345303867
890.4862220292266 411.9848266741129
725.7516508190998 31.717352773092813
361.69792339215064 764.389614608016
201.62779390688632 857.3748686044307
393.8377680664083 39.030276453136906
549.5366355758413 799.9663974225252
410.16359096100695 698.5120358597915
879.0517842378465 103.85180632228455
951.8183636227792 309.3128407785431
702.0566703771408 363.88070684975503
968.9306926288358 919.6482483594933
71.57823178938033 665.8785355099903
176.73407493009654 112.00535273890024
687.5526926795854 135.50023800307113
803.5942506956719 542.5658994003439
352.0437811439964 600.6588493336184
135.75537182704775 847.0130967104608
776.9969599600232 976.0500355159276
344.8203084132853 58.02073636642827
510.8297225771903 51.172847427876334
286.2665797895707 43.81975022134387
391.8372940643869 280.15519337459983
264.13751120637943 417.82499496658215
758.0736586468992 898.4800560076619
541.649643432543 204.51915614694838
865.4972205321282 226.6803545936069
689.5283560201059 587.2825511622514
858.4626792814352 854.9367414959594
897.1833451132134 168.94636244117552
778.5319498908631 497.5066931897988
192.2137097675266 755.1720577210788
781.2168480625527 409.85685982208406
494.4900836930078 704.1673726100022
536.1907591781253 629.179208463074
803.8683787841028 623.752640655163
624.3870155954479 683.6513267240796
607.4998452355096 115.13399246941155
818.6209022740231 312.65619869549454
841.4980062788972 406.5591242933676
339.9128249975677 312.6294997267692
232.81416802526124 322.3758540661621
532.8793386596653 254.7833011357051
392.7410437292258 942.9697691847845
317.52975915017004 529.6797220884285
137.35376666087842 672.092050341611
315.20573485470453 842.0040139703036
401.4182212908305 474.58553447843013
541.2459490896806 684.9327770774694
66.52263129617513 385.7404770840744
691.8465253667034 829.9034086077744
966.7224997651502 562.4566746604568
180.1915898152141 613.4304291117281
277.29252556155484 631.0900573039081
405.5679942563457 578.6830575564582
756.3906884370753 311.3810829252419
884.6248570268579 279.8806963504793
676.0448819855134 272.47400178013436
820.1956076856903 933.4480693264338
511.6948040408006 311.4082346823523
560.9554119984876 101.6088175650674
98.80236447160325 272.8497723948773
871.0697276178965 945.032767743498
279.46830879899375 969.9108654107054
661.3555224108472 913.9927254999543
318.8171459875757 233.01700138428959
654.9276175050019 451.3944262987149
964.0088980497397 220.5218055717661
41.790374303509395 908.0373474664492
444.78040011880876 98.69021735364727
489.2229726666542 920.6549696063876
305.1182977960159 166.94523782345877
462.58631350017805 738.9563797176838
230.14953906199565 608.4791827604693
191.5883434646118 532.1394686669262
477.50720237937094 869.7284392434187
43.17120866472895 315.0996314218777
768.5018972933842 841.7257215409301
154.67646457755697 570.3539505737099
289.2197384913982 298.88779417206337
607.596759802147 613.6281709544218
554.968614539243 921.3732335417008
630.729739831993 751.0354093919445
464.5434554248616 575.0743802276208
46.98210147718341 488.32634917365306
433.5817411125776 904.843506644467
189.59603614297 281.5384477043912
166.7771383040395 921.4866224086178
887.9153504690312 590.3033039255639
49.73952520765695 747.0680867502509
281.1642514031154 461.69458078551736
158.12642091725098 188.34524099112673
421.4306330162021 235.81783997904193
751.7265595534305 91.93405497188078
336.51377275916536 117.38470024049586
761.5735806610018 573.3498746168973
899.6154853459692 715.0495666205538
74.29567195794985 447.16076062449713
945.6361004260688 734.459564689154
873.9585291380598 640.7988590982778
757.7689386608403 672.3150458996371
39.437338052480996 545.1524355369977
706.2369440063331 738.9123448494996
