objects
115.64248301388976 632.3647465929528
451.53166100931435 529.3819325759348
896.6076978717194 537.9338344230257
46.26174485431103 609.0932856708318
443.93469172887313 309.1928744428477
28.089514001956346 84.480370672513
694.1954719693068 633.366156584191
356.21823812998315 361.9352425330053
126.62993034494116 586.2313297518469
744.9156276559423 725.2150282441959
305.970953465642 939.9276435936874
402.6845957563982 455.9143466923796
615.4499842894448 368.4781748928079
492.2766340134921 296.6315363732635
822.0804446046777 811.7773895077078
506.4653992775138 577.6932542561382
863.1106714704509 67.87907100277731
389.829653647416 884.8333647708254
461.66442456680943 678.6107841924538
774.7911526140697 68.49911216509096
470.1670029325152 401.08842275110885
561.7908789777559 659.6327159693863
902.4165234865568 928.405056624497
150.82333773546978 277.17142743933374
730.1720048075878 194.46003668297067
535.8289104494627 161.75279638816522
172.77790892594612 793.5621527530607
400.6219949086371 777.3828326068956
92.74695292695326 847.9606237620117
964.3276665328374 81.1040487891161
695.787074684166 123.09023294078261
622.0614738476773 489.0085518335198
798.5449460139679 289.73623464134835
888.6157127058385 120.56812723388683
36.51615388413902 947.4412313496539
719.1448340719668 677.6302623776277
134.32623318064375 329.8756409838363
24.26214534948925 358.3236394057368
40.53538614161357 815.0463026657841
350.6166281833171 855.0579577877199
40.377690332219515 723.6852296830542
940.9912833068233 25.99875163825714
481.988035153614 758.4460328637641
342.97498672970795 235.18108708245467
356.9307993294196 805.0885079299446
34.798538401641245 403.69931753294605
652.6303805255576 765.3711141408254
50.16294124951568 297.7305580558865
302.33063804014915 601.2186717281879
964.4586624311725 265.32777649201086
212.85855899991915 867.228882686634
61.99185287677176 770.430501929437
877.1462522376551 590.489849706775
301.0345715451915 807.2025535252037
259.12009595099494 147.95879074821912
649.8281603120528 321.10335529901846
965.7983231742058 663.6147924713439
656.4239777508828 235.06862850972357
948.2331277761741 454.49518234820766
815.2251354493752 766.1696713023025
702.9814602526794 338.65679889188345
684.7471508473793 873.008850146563
732.260108509379 25.97398340075576
529.4524759915312 261.40985483069824
692.6926382180743 523.9171987291243
862.9654735697429 386.24705583870286
963.9216353772504 375.08130770615475
222.27999367645748 292.7312045700361
462.63013145397366 172.3161039156162
792.90466621322 861.9873773620228
108.28560709095366 118.38878785275355
396.84558569165074 75.03456074821742
611.5014561860443 104.84411645184576
959.1217046159117 529.490661551623
186.9129013706639 501.3587148559357
456.15533513551094 856.235301594065
227.28288675902246 216.87219719060823
547.3487933425592 947.9839225986257
146.68303247814967 450.6149656460632
235.0789107609837 728.0619707279616
811.3781482651646 520.6555778149016
93.27102588945085 503.99154645921243
385.6643762360363 673.851911494786
308.6919658184023 192.83017203536818
461.59980470667307 125.49882324877689
866.1897496837807 441.21612859382543
68.3298600551088 25.22349161766663
307.73302899890285 431.02845994159264
321.42196122115047 547.4078769961138
504.4934393606525 633.420651260556
83.80273368428357 695.6805507336766
295.89323130273266 265.2258043038175
371.98473763057297 578.0002226905914
253.80384850668247 971.0793277997407
173.84710987376369 144.19803557318434
799.4254099952586 952.8103466571534
549.5812923867413 70.96275071835369
662.6954437174064 462.79516507427866
141.60758206155234 86.2600962411291
746.1792365707506 818.0494954770816
152.70924923266412 385.69436859488366
258.7100214869731 621.0029972013513
369.5786386479676 511.1147626813116
116.3963822126158 741.3324646672062
542.8428157438854 409.30815761537747
377.2891904299517 201.99754949882364
205.85555724557918 662.5231432437935
184.66653336793777 239.30110887465315
523.9784804489623 507.6757362750022
594.2074643084624 825.9441166229245
491.57461537867755 82.28438896433556
856.4578127010451 842.5710531415324
453.4708000682664 40.50538494401131
717.9781185479975 936.3235792249448
234.63415494028897 78.88449480156726
