objects
79.34999846626238 157.6041377246512
805.3674759498817 181.70604286786545
947.3196739544215 599.7126948402507
162.7715464529134 311.2436634919639
518.3389300257556 633.6474993169837
98.00097488481018 394.17631169931184
888.1727984368833 67.05627841520587
650.2097746209437 394.1892007549928
130.87486861464953 885.4148377360661
414.86517589203885 465.0990110004683
255.02914101824373 402.2337854431904
193.50972426530868 551.5679099358701
941.3864279256886 485.268700455446
121.22513472748312 619.5295676731778
719.5502328683189 581.235821465917
380.48743476835375 74.29869378946373
236.78323691241872 816.8497215368626
369.0373511771578 219.90119608210804
107.88898725577914 784.2210725514304
697.8985696778319 148.50562144502553
528.2108978445191 416.6593108658595
328.93073339447636 594.3738112914193
801.2869573771397 889.8032233999118
937.8494529763946 215.15297401977048
737.7280491331239 253.79710835577467
173.28024802513795 187.52135663778222
830.7922558488816 405.656760349036
631.3828392376126 920.6591317701628
908.4506294575882 330.92269771263676
134.28200005093709 67.83456623998785
519.2142052828286 750.8878223960476
371.76762826270175 734.2731495159115
747.4187858916437 777.8551725280344
465.83160472745516 139.5326640364104
503.81993510442476 311.2273333755425
484.6601885243716 884.5762557157313
659.928612273107 699.8957346283671
599.617271103006 268.5924259295004
343.32002940879437 922.5464551926697
928.4787357455529 696.17513986478
58.98894232343843 302.48231414345224
826.9451390527272 532.2901349086762
546.6796653318806 538.187601453276
653.5466901756178 806.0772157946357
946.7499258448479 935.9810989891375
260.2276290859056 665.493470743987
915.4833865404058 819.9405847174173
405.31290823066087 361.4550422432911
268.6218439914351 54.791328770727056
593.3479502006032 140.32762068665969
