objects
429.5344065010289 881.807157919915
656.4729860561179 96.12587948523239
755.9352350697458 713.829994457379
461.3531115390104 363.20278290824814
324.27725770582225 642.1769383410241
349.9328468970318 747.9070782033658
302.3790322197461 197.92896201765456
225.95105621769363 706.6452983407262
545.63750371363 935.8881514103142
947.7394243642232 168.40529131285103
520.5650853008541 822.4976942610479
87.76076635355298 577.3621142508099
651.2738585317235 725.2137349897628
500.1483677870795 697.0416204028905
355.5081411300339 399.7173704791061
806.9284843035578 418.0388901748846
364.20816360184335 290.1307049068492
131.11295506301957 216.90031367651025
581.4228466201314 367.360673417211
809.5029082405007 808.9875461660283
365.9902175628432 525.2470033616156
580.6653409045865 512.1727268988926
793.1836590280783 123.28171701884668
434.56591268632667 602.0808857423441
132.05804565395897 745.2192636951931
52.93090944627568 861.5126794042993
94.74923310561113 88.74389933741602
150.85897238566878 356.7655051351392
698.1167704523201 357.7155572308813
807.3503118199159 600.7427490963148
845.5275258423535 901.3642952119378
270.3685959708732 936.6490609895068
430.51484905276504 193.75443420666824
407.4799100784283 80.6911178493348
743.6184618506043 521.8391394559299
217.25288971444726 820.4455243225898
835.403059680433 263.3806676409054
162.2015022452471 470.2567879733728
255.62708157215513 405.6559403820677
917.8710409685685 68.8890181041879
937.0884497438796 397.0748967968754
901.2483572002544 523.4478590697872
689.2563578617653 923.8185489315877
246.40734883461096 569.7793442273093
658.2167163872048 244.66908134030092
209.6502252941704 125.21453981178735
298.4571922972639 79.15246477175202
907.1074175005555 630.516635510169
549.5002236658702 186.3064999510953
51.030595759873364 319.38258739790007
