objects
688.4746473344002 788.8795146972732
672.692800397247 516.617342632439
486.36134042466966 97.40775006818825
116.34052363817801 550.1907354913916
639.2021481173823 265.1728852745059
560.2205726439249 945.5970226878974
430.6039826035914 509.2225450188535
280.61851882822765 731.063904858349
828.6996342318257 282.6125693909131
786.714705068547 576.1420507972913
215.23264776367785 163.03600481466265
169.39033843173306 779.792877892655
82.23960520054497 897.8457099500602
218.92901533527166 510.34520384094174
275.0758751705601 304.5809715462794
386.9404881351795 885.9374156492717
506.0187414818857 409.26512119512677
645.673623265241 57.14683567722556
774.4749157232183 721.6194040142527
166.9888788744453 660.5274019569799
880.5697438959477 938.6223800694962
766.4893378468975 427.1471169780837
165.7628164021705 322.61712343856397
62.50639436561195 705.0566508968595
506.3114715712179 852.7977319956835
572.5721746916378 530.688168416137
788.6827891120417 66.16298614837253
64.15258828533106 142.43029699519724
161.2174844323403 57.43169899179888
278.67733891088926 918.5654817980139
944.1893486531939 150.03333661752347
324.29486246299143 533.1647042358163
900.3511879291068 478.7212005631863
552.9330513041552 212.65715520888054
361.3097669646461 412.8695928870978
895.764762288046 787.7881648417549
381.4967340911363 669.9734323091179
618.6155569995545 705.2781182153572
885.0139176328922 620.1749888754831
144.47696771671275 433.8514992883293
712.749495359631 138.2391660444363
309.0755106811437 111.2741693063341
109.9710088430049 235.93222344257327
658.7118106671624 384.6443304271664
476.00582998769704 746.0438340066496
514.1388998329807 629.7561875909583
802.7992701905129 874.4597726087418
449.69691785056233 320.01837067703127
923.4798427239568 367.04737564237917
716.374090037864 941.0992805026438
