objects
702.2839126475923 637.9917892147275
345.1724062892604 649.312014224211
675.5738748016116 877.6797779312276
248.6371537468113 405.1110463975483
899.3263898500592 288.86752539292627
763.3493803145666 343.4024581289514
421.24299581615327 76.25155026129032
913.8699418792318 778.2622319753751
754.5324349112735 525.2926627058039
446.7889220498435 810.8031063319377
250.6910888027621 918.3159746977518
534.3458750459482 103.07505764413196
289.8697526146021 145.6035936484815
59.46872319486269 733.85831474289
653.5565135750899 410.06939324989634
72.56707676504715 838.6689492004164
837.6528068252195 55.37906666213796
780.607069958079 759.1037689873752
84.23031590381119 224.51817660505446
691.2545297754489 159.8959086064456
491.0031141722656 588.3303600573973
147.35718793982196 665.3091018776732
216.21005980174252 466.22156328823667
566.9903948389156 516.8534396517204
299.0445205704101 530.0670847466018
372.0567286694178 765.7130106115885
108.52911753886491 566.8406633981766
411.755479265868 329.46821592366604
374.30150398278806 412.3270090549042
762.3920746688723 271.12228815325074
199.94317932184612 761.9209723190107
568.0583967404168 385.7032915618144
814.8094032805598 403.3426569322657
671.7940242487348 794.3934309320078
826.9844642329573 210.0764867679427
599.5187365205177 683.6891953358979
61.363287769908204 520.5809939323022
181.00649963595282 133.14196878725627
525.5961490572271 810.3677618971858
126.89599593123282 339.16738859948515
769.6075777637725 646.6218446769495
185.29635937796135 871.7244169551026
592.0316393890963 874.2028616993948
681.3758380554139 36.397309792438385
511.3457154794802 277.69999309272725
469.47726374634817 525.882333767109
833.6338563616227 129.94023625917254
483.118532663874 192.8014804312367
47.06063356571734 128.90881214481848
515.7808606093056 936.6601296382198
37.53932954844456 302.5334624490271
283.22281944749085 223.5498962481202
782.0790528042635 940.4244936871684
322.2470688153892 358.46472246101047
646.1745345549075 537.6932066393133
