objects
505.7108106997948 283.500882786098
327.3699758446878 942.6120300010502
232.99853144561615 187.43544305376005
44.02006238128563 259.4874353506994
432.73457248285416 91.88691445967495
862.061746319906 137.29676751606075
536.212962880007 931.9277007774092
832.8446479245611 268.61651003222346
625.4100863364753 901.1118580461228
762.8452595687193 60.47329738254716
225.3189666706432 318.9610224816411
946.3008686412313 494.1647288062074
809.9022780243006 479.4894093848872
646.6093194665511 812.2587026403862
924.6139711699892 600.023500871604
129.4249933725574 793.1789861644978
506.62472748699014 39.899575021894485
428.84118050225885 899.3830352467598
702.8064306780351 493.905940274119
254.95841051866415 710.5639455187254
343.4828829181204 552.9862368381525
424.1985876675468 298.8371920711913
295.21773834650617 70.73668248265622
886.5077345175542 854.9615142623187
148.08005999175822 160.50737061153498
457.03106166884777 599.7573707302945
798.7132451110891 691.5860991106363
487.605599593395 139.92778895166438
916.7979159224342 793.2764878749367
66.09335966132136 459.58246788335146
210.83492811605163 897.5888168799212
99.98519219736013 95.10193522076271
683.382178790273 59.045813213945294
591.0857569103798 126.80381777558657
690.0660440765292 170.28549947673022
642.7768459256318 231.6971903664368
723.0248297102013 753.4855407129304
520.6932119592815 733.0297694659517
304.7991690244883 454.8496262666835
167.85457185270872 69.30096422649146
633.9919326334737 726.4470932501338
565.5849413151836 609.2411785480905
805.4766283852425 604.4484897772724
764.6762045128438 158.8204987115739
915.1501645325365 285.1816925784618
802.7793313937317 393.2988379663667
962.9984261397507 936.6206428117258
665.3899828579645 601.1109643748857
591.4197120814893 510.8873555717212
356.7977511802929 407.2706783731951
521.5553916964493 514.8096659045414
510.70514658897446 207.3610270224921
647.610590595454 387.5944722515856
64.49424307627294 716.2657184368006
910.2876702393005 362.72216542242955
