objects
934.8511668265041 679.5451043209139
770.7993865950846 525.9404406297944
577.6834517416627 281.7676933636706
123.83811183033518 185.5806075917254
571.391233757335 953.5766940799936
273.49976778196475 36.25588689906715
599.387356261044 815.1476464709772
478.03501938806613 542.0326802880471
580.299688680368 604.2139347723205
542.8788168152556 859.5257141848514
834.5909083912675 185.25747072875578
399.5590508311131 600.6693715196698
868.3124329250904 59.62504909842564
397.3723008453276 384.2549229578357
497.29175988965994 778.9761686865617
246.51369154134602 879.7500634846798
233.31742441121375 724.0264464344691
132.96838030402594 326.229539055408
61.22244326821625 852.6425413100867
691.0652699351674 835.7200544383874
135.94527551641326 802.1741330094982
70.85781845458743 679.2352404009368
301.0023934000197 449.1699680903713
412.15158855207 708.1138160681211
596.0856311317298 682.568815843767
174.62843487734253 93.64874533466323
412.05675485068747 255.98256871476852
89.9410610503912 540.8831944878551
142.88045210366548 723.4897263532868
796.3290018808618 783.5295867892065
773.3982246568219 632.5064193031479
936.2343034967663 578.8229607417089
335.84760864265417 323.72529984134496
497.4336476014543 651.8267192659977
316.20767180082305 902.300240172589
515.8323513991049 389.1550157649897
810.7972471525273 302.9656520037611
683.189868071522 299.9389150567415
196.95616126131006 390.598135874087
218.35034992057118 631.9616396717023
305.5192127274826 145.00696175136935
750.1873298540698 351.1885572535101
404.14136164870735 44.86173626949214
534.9103739305136 499.75164257057975
624.0516469015367 426.7434567911857
965.4845800335972 384.85250034229836
237.0968055101413 320.08545663057396
460.69805757993373 172.9835946942608
510.6794869986704 218.656438311646
328.8375064546685 782.8672807301568
737.9445908624591 252.74977028550978
661.6355175217504 119.60615413661435
886.2858306692111 230.74212943581932
652.0090216637802 620.9421429122485
704.9169855553222 457.4906820043563
