objects
448.7680502019119 187.49848700617346
592.1733686392744 418.0864806341527
507.89705129293026 892.2276484186925
397.76388691715096 574.4613542078997
686.1460331388062 764.409674925867
630.5270038363577 578.625258686214
874.4919140678736 441.26814703461304
181.8309410287677 850.0395042977009
643.8059595239287 130.56844094522202
929.7131058881198 831.987927492709
886.1352129194499 278.4475265370254
474.3087745911356 55.98641657230057
258.39268344517865 889.571989037705
188.82076344355704 516.8953442682777
817.4737296013709 714.5379616579385
360.80595855232474 670.4094040488726
554.3649901254759 170.6972017072333
211.7857130643975 640.6284845751611
772.1234746830527 85.56454670990136
299.0800204251796 437.8267576465765
335.23897919951963 333.7174189808401
163.0514200134669 261.541305681967
711.6739362844571 140.54299495352896
597.5844332768265 269.77139516620923
193.5902112570901 87.27025741844331
963.0924539702434 538.2645766389603
298.33369641869973 822.2307360468881
614.0174536217293 734.2258366370733
759.9814396204564 552.2177135627013
936.2106370556314 383.5017369951176
122.80362352497829 111.04594558534956
738.4193410903623 429.6702880143499
442.82104427763625 416.5275024472487
226.22476742615723 333.1763465299048
122.43049285929334 965.0363082446084
795.9481157256068 913.3409032906793
669.9412464987703 250.2590463855177
356.69200701424165 111.02843081290459
433.5857155655903 862.3841129002521
423.4291792777664 725.1296727222601
925.9818748347988 95.13212804805438
854.0971740505192 805.2225891631633
568.5564367005866 782.5882110503518
336.65991994947433 536.438667168874
111.42818372257335 397.32308413156807
313.39630466931334 726.219147200754
784.011096815849 630.6838676555072
280.7560627454369 243.73860804050796
426.06513700637754 118.1423871753801
950.7952272113625 245.62790921816716
912.792957128417 706.1008010592493
574.1292971320844 341.7766787800274
916.8174613311364 176.65801878579933
833.4871519834002 209.95361295899662
190.24497901957395 931.0057443270174
