objects
737.5276917615149 303.3748737309018
129.10928394017125 419.9353976030372
619.3281031893995 110.42222178350136
897.0282263523136 346.8896120684792
218.95557333800002 605.1773427638574
192.70433225229877 55.90004873696414
782.2638959788986 494.9766816607794
362.7474117754742 212.27359776473546
913.8125937910576 691.1087450708685
212.13176240111503 188.02308662039366
387.9581370623888 57.94608811011206
84.63871057789612 773.5786320957078
486.32671838957646 96.46483018047826
511.11132703514284 842.6589469093266
699.6835399128399 503.53722016547295
350.4833937276352 330.35872989367283
172.64618049230748 759.5669218878843
127.44139369891371 622.1446804841946
329.627234863958 894.1552932194523
293.9885817296653 733.8783845753537
793.1268623471702 393.9721396282338
203.01758170764504 390.6281391515998
935.5145423092329 854.1520108506281
560.7527656500598 43.759562942039786
565.6706969030307 417.6042254256416
576.2239544647965 600.123608528782
881.1821592522064 446.2536048723598
735.0049410362034 172.0560456388054
471.37714311740433 315.71772766825035
572.9246091164484 298.6005760307778
56.179752306517585 75.49591860372851
821.887404214168 194.34234758283986
253.6118717092444 804.3143024286527
86.20294151381091 906.0198754563917
472.08119085150565 629.749974126124
738.5519261344034 908.5923712754012
478.87193260621063 448.60656578438005
425.7835854249508 135.93840586977277
781.5365226158862 88.03678334833393
626.985162294176 808.6929672203288
40.853765320375764 550.7467048681173
205.38925327949107 863.8839430163814
518.9379636382612 727.5658034255969
407.95133187036635 750.0756077675373
609.7407546144505 472.16277210375944
963.6647529032696 763.6134276058449
703.5794030543639 704.9515690930835
354.8557070778617 828.0785408717851
388.98377365846414 950.6325835447095
861.7360805866855 808.4391284756894
253.85184847085856 261.2590439961462
850.0832164857177 899.8563513157424
711.6087736773507 804.2584815430758
663.9983985174676 218.92000647152483
941.144819836296 524.736677930177
