objects
324.10848508957724 572.3699105460191
353.57601996692586 223.0210733774653
46.1528732741894 50.62937963813112
429.2882197074851 342.0441195082074
101.51264392645291 608.2651791642536
483.96090386690514 147.18620605891604
898.206308491865 285.8374569792264
851.0869757230962 66.59998635193753
657.0853438253667 443.8190223841226
567.7763500187496 587.4433798869126
634.8383071099829 236.10679095715184
784.2067221733391 50.33329525226114
222.28450117932476 822.7434213994444
355.9336926559079 478.8886317591329
71.64744699031641 831.875305012095
291.4724497224283 379.9425476725443
555.805501968562 287.156534372991
825.6259951463984 469.47673843094265
258.7910703645016 548.6962348775493
620.6449696815637 513.4848240903626
624.5658966704192 655.5841632481206
943.8508974637227 642.0830555491765
463.8378938704786 531.646565519188
765.9831069854577 357.07459435104596
58.50288053252676 234.37013325913475
245.16204175444847 171.33064995778116
507.74457313446777 386.1118821896916
928.7180173511978 965.0833325101316
770.7711873423718 428.5471104039457
957.9986197886892 454.2760557370474
622.8117157761787 935.9478125253339
411.15104197646303 428.67586113365405
457.96813160815464 42.09732054655328
300.0342296149014 701.5871130011903
433.8175684289241 669.3178410486372
610.5952749111578 863.5125753165718
514.2390259431397 212.75607120846917
131.63672353021596 225.27444514231382
533.5379116019978 724.2521054017134
846.4846532459445 784.6920666427715
279.42060676387996 112.4725074911253
274.5675079843764 910.7619039524645
760.1324382485167 548.4502100801351
810.4794312870871 613.8922248552086
81.03835399694717 371.98928836005314
883.4495480177801 559.2239171618688
699.5165811330296 136.65210605808002
573.0485660416903 418.2094150840136
754.4543234572456 281.3321814392129
147.14664179704664 519.7144455271495
223.41740323846074 745.3037295935231
256.5798307715339 240.99912819924117
205.22159081472515 674.5002294940733
345.25166042885996 327.89753897783623
444.7853532834858 894.1925825063353
