objects
422.65115748245273 228.44028375168347
437.99202749647543 404.3958911980203
239.908546609653 321.95939509435823
893.7351315002367 545.521362642807
730.2697034768257 625.9810703280501
197.56347698748377 849.8070446319806
735.9853707959463 54.36963448588691
901.7577741990532 291.94848165816427
233.6673907162245 873.0184956411626
886.1120831145905 149.82720524976858
501.5910749924083 924.3052250680115
554.3206832863021 854.8293627074515
485.5787431360587 737.675393780754
657.8343461008448 971.6804245036724
659.5982164646082 421.7571244311396
313.32352082979935 91.2473843180178
827.0199292805586 433.21587656377267
396.6145459719635 888.7955401713599
790.946661141141 454.50283994455646
102.03544211118682 358.94496782158035
322.0367876067904 734.7356739658572
317.36741899582074 246.48263994610556
469.87186255519276 836.6393478403702
317.24935904863116 613.2535915318201
40.05536925364587 377.0864909591166
511.6119480726102 221.67775475316515
408.3042316783029 525.659679218608
863.0568716055984 872.2275467392698
41.43252639995829 962.7616829470873
831.26553683622 827.136318621576
114.95362459323005 265.6908177804899
135.97559816181618 194.25942249538593
863.2755068083936 444.30414208271776
726.4604620495953 694.0934736283951
447.75985020423167 297.5001588684495
211.9767121456883 43.77204100441499
108.65622025298879 853.8520572458435
561.7264086721198 560.4231725614837
905.2316369863458 330.94470380089194
519.433475794087 808.4894355302604
691.3354809054856 603.6167565646261
416.51527537758244 727.2590537482789
306.39554063003527 212.17300496688492
577.4720333040057 953.2550434423937
212.0591023661837 292.20299820759595
920.0383897390793 668.5806609616193
231.54291277579955 693.9680518124231
527.4024463649172 688.2381546238465
159.6006408385502 414.9624288821879
546.7792311761789 191.95685909171792
27.653850695574484 597.5418395994819
364.83714619756336 447.73308705904
764.8660921173034 165.46074734673854
32.90444292990687 481.1566161444218
162.97416391756573 321.7548244228266
580.8091853101145 206.77852179002255
841.4643938350251 959.8328510076028
979.2796421935852 205.7517864126341
424.84004758291354 616.0106905583472
693.7854043452977 981.0895171463145
273.5515416100698 837.6238069739142
96.05303504148031 543.1767063133649
970.4996791633223 360.24049605378497
802.8364202810378 779.4823748818379
797.8521186937944 358.81554401988285
62.28713691515327 297.06669380467906
76.53513310702719 498.6838741146843
607.4536110921098 579.9540374498304
344.1627576140837 975.7904004173013
191.36896014401563 448.9889413885076
635.842836270146 309.77234366017115
516.0202715778419 480.2423922463157
799.5992534780391 63.47695367388055
71.68776900026498 189.96487663366682
702.0358585387082 331.0692233070736
259.0786430832913 228.73458437693623
190.35844889959304 736.8307736170386
953.1356691858163 763.507240037483
752.897113597802 217.16393377345227
586.8447968867235 682.5820782264514
495.85077453811317 340.26922915131894
52.48980843284689 332.2424547632798
913.7960861969865 123.29251929784351
430.5154755071657 369.5110340435987
393.24751579345445 92.82609242213965
405.94864061351745 291.8553191847124
193.7257272856241 976.6150690385681
721.162993056606 584.0854646747016
103.79159080556741 727.2884646652768
498.97869572862936 539.9218570628586
317.7285997471185 666.5828792340303
107.79250558515082 653.7494207242706
720.2933896190494 100.69749389246397
373.4393581866679 745.2129052491669
636.0492117001356 603.7218327992563
245.31693013090694 179.2146038351016
93.86798662583928 779.0649353212455
581.4122764503351 453.75462787527215
912.9184494294042 258.5907418828545
617.7995495847687 951.3078451041224
