objects
677.4224867090487 575.234770177303
884.8397186939231 221.11916406159426
260.5748721236593 137.65729014435237
215.46223239071676 360.41733057436016
508.4124621916585 136.26905024547466
627.440705286907 630.7952010540314
329.2714261501876 979.4922189435621
283.9493914293289 411.31752925224595
446.55060491297724 99.966108147103
520.5504914689936 726.0480069884726
261.62029975097977 969.5278271142782
852.0247400869403 89.43722060571227
21.833735879346264 470.4319620671981
697.4803647647618 626.5945895804779
115.8409624984233 370.0623304988493
356.80704352523514 632.6400645374474
891.0940268729746 421.8298489576707
894.2105983195937 617.0941475478515
372.16721658950394 359.8125554200732
588.934604756429 134.77797647967876
219.01301249477476 70.86197281170823
815.5559984406966 808.4396132510875
48.89197948496607 806.1533167436445
34.72543170809402 186.8304066666149
774.8617982746052 119.44938960752094
116.79496065745317 777.3604987247384
749.2014582585815 729.1607086651703
153.66004302755303 394.6669259514774
574.111843685377 290.3556115487275
83.19657664366792 199.29595215186646
34.81158853567614 862.5595637071921
718.0175043976207 517.3008199441936
345.32455206160915 920.7508453197082
323.8547961716958 772.6268858614476
256.3052190929609 277.5005943269204
710.6463509851976 461.26100799095303
659.0010089038285 820.0142911026837
959.1376333764814 957.9244734913568
709.903936621469 899.362322181636
130.3206463535443 26.757636474994964
455.9752382656754 198.75590938408476
864.8914787446674 792.3114284598777
533.1260645100953 103.7819576124347
81.05835088896012 31.027846733497725
464.90522121456405 281.3354013216442
551.6754393426781 765.7568295165814
220.54830581469037 593.4606289601556
546.4376147291986 316.15901379062785
774.3312879606434 564.7160333644671
401.19908262086994 159.79103333266306
43.8560460933589 901.0867470866897
272.80496802516546 238.4200329443549
61.970249289499726 619.7786204834083
34.60867184834372 259.32702270357
804.4829058355996 538.7961916791295
440.25515542565927 457.24161530912164
25.38412729284992 372.24287400750256
620.9327907491446 60.49161511229744
947.436816841328 496.2694500076667
313.6083964232428 99.94467293168228
187.63300023410284 126.13187134160614
675.3622984378262 444.2484472873506
404.56385537175197 716.5480939970441
639.5240046054424 480.7441156605541
21.353636847756533 563.5580026710971
149.25798774614802 138.1910171374171
404.92743217511617 329.20714511534726
577.9016587700276 525.2287909223481
194.80127741253042 284.0718070247474
198.06961464808901 563.1123294681761
194.22386429749506 223.80591873469203
807.8120006041504 643.4256387945408
304.8308456990131 443.81851020321477
969.7553417825463 48.86247621272355
618.471116209691 780.3735914959452
448.9641230900025 799.7482401177682
635.5260608633175 592.9062784888359
921.4428657424287 734.6754715481912
928.6816779552025 644.7992754758483
403.4998701194012 76.02855409887641
425.70817152266073 677.5163001902544
312.90793094673387 190.258061125982
154.71524443235265 445.0521685975969
683.6199129261494 303.4748350086179
897.8641944992547 568.9085524786597
712.2474307807171 51.288234139864784
764.1843835706283 33.83936533645488
829.2808252497724 759.9440578791787
36.7461404736226 954.2469182736818
802.890300173517 52.50313666364613
660.8196053477244 915.3812220833377
973.562571204863 668.6087781392824
475.8133261049594 758.8296361435087
427.56244934290015 255.14768278318127
546.1036706337063 811.3521222689832
666.812922372114 747.5312707558373
769.5387279687992 695.5164074637541
566.2768087380613 24.27899626675864
387.1261860056244 916.3968924602067
904.9957561346348 280.599882997386
