objects
90.18276242749516 36.35259912788557
928.1166879615523 478.2458443328984
135.1464403712068 26.652517320339683
77.22512375519713 604.1883416739404
482.84833810656875 623.6401670277703
477.61294001247256 176.1897096711381
856.3173369469421 977.9194959527995
63.263001693952376 547.6392723734159
636.1686102828469 51.65310678527054
716.8913082610333 605.7806799066929
932.373510694566 848.9265382345673
519.1379130754457 961.910389576607
422.36118044961506 979.3430516190982
950.5697382458618 49.92921811433209
513.4869363663435 320.9098102462946
603.132922708792 337.318193698961
60.843987939940355 222.436249437927
94.22646834098393 716.634949828731
495.4718068776092 277.51407506276945
207.6885396776422 65.71934615056347
551.2828032675474 731.0790655761516
660.7247993918577 513.4080105582506
971.4161869441098 103.01619669276181
402.13277846885325 17.939253547094
548.2416522737644 835.9371179334686
449.92884036222716 71.41991530571119
942.1624730882268 812.9491130054323
488.95541559787637 662.7449043015743
417.098235204065 492.00128808208774
34.74474144712363 809.8385868382082
820.584818606902 386.60601220156394
879.9444636480016 60.81921158422363
261.5078404367822 111.98148020665289
400.71966302761933 709.7834731590922
860.4234969195082 458.4676720031792
745.9639366631602 502.20645098140346
808.7585290828214 908.6793706849398
602.6312285708555 221.17765573475404
676.9661573336688 175.96758219342348
77.41572014245997 662.4132424954405
178.1569045013884 960.5701500181178
149.43081498596118 742.312587350199
638.6322273008061 602.3748655285013
976.952816087606 756.0266037191885
335.26935629448394 961.6828121954356
273.06387156320307 409.70286289412144
254.8560338318192 280.42255320072223
162.46684436959072 492.12579767934557
210.88451999404055 891.618328831358
650.6228551451027 373.4731219208885
571.2141512551672 931.3908424656572
802.3941794238561 64.48197025262648
615.2116988942212 526.508045718959
521.1836031291451 919.2616947453572
710.2542365077529 518.5286342713731
693.5006142078319 460.70547927365874
465.6083116759015 436.5649283224464
420.8744203100698 611.273876304905
295.22044248163195 130.08318106984729
312.5099048908786 390.4488645352997
855.6926860576791 291.08432172931674
202.90760165015686 206.23993507018113
420.1059091283494 102.4859059849249
796.6648375271151 791.9778996978038
825.3425093342404 310.14742244464287
308.07636283059094 224.03859125332036
548.4388290454011 392.48297112489337
651.9427098495255 474.96814901335756
498.85308802305815 467.58703767775614
250.99586107469182 474.6804715787411
729.9674987803585 896.2138705732262
429.21719811558813 339.5803043522649
554.369856213991 597.4703687100161
21.98966380989701 724.7936330193447
689.7930591532594 718.9319657063686
573.9396568704243 892.3746002048152
70.74797207214507 944.7729025523705
80.21932569773632 883.9416908647167
207.72137504877452 310.6119931281103
598.9179047450455 972.3250629373671
173.316090025643 903.6991465148761
722.3774868191668 26.86505555898961
868.3932660554447 785.491100562002
106.56157144106973 418.24276105913066
378.52224926835504 342.2628285214144
977.7074144900804 528.5261051206153
312.6860050582756 169.18651474233815
713.9918357322155 95.29159873435142
107.30868509580694 311.37809535415647
486.38906166442206 367.9198704774536
422.7661445352941 751.8280904050997
452.40679678001936 251.3128272914283
705.6513756195055 340.8795592018041
980.1938761850524 623.2353744878359
564.3300789028117 40.39318823220824
362.7500757978653 935.1710784213857
568.0384618784559 454.55888514088264
457.56206772487457 912.0662798149677
366.6173618581298 426.5558760855075
195.9522528703731 243.74672313358542
