objects
281.5503978060973 863.6361992652226
582.8555941323805 615.7948350324207
441.9390900119357 113.51918368674228
420.4038777157432 532.3739597546719
342.0205459335651 701.7625618160354
690.6229188303435 201.6717289704476
484.18200944711043 919.6552330360674
88.05170127800922 441.5791644163298
102.29222304101316 825.1838814612076
806.4601158548447 739.6236294128112
850.5354049130749 536.6914002907822
305.32426270671215 77.22282100780593
197.03550749814633 531.7886949711005
154.04110852377494 193.26874082104086
928.0050000773422 850.8794928168801
928.9291893735442 376.09588006171583
597.244820348674 304.3365957506863
634.0788054540602 776.7149537585274
373.2401143976774 257.094089560757
260.97672157882283 347.2323676175842
