objects
793.687603928951 766.4476719250814
143.8214187368361 192.44399472630212
746.9712808625383 564.4555593457301
349.8051500859934 88.6984548688466
98.61442658819922 679.2865820589714
97.46793367609988 355.4609889968832
226.06805490357078 304.6814408966451
801.5379324462793 91.49255243093434
795.5420997746643 429.17092229063167
895.2998029940651 875.8839662065335
615.9681878501973 300.04350835517596
412.0583362836943 639.0952418277224
213.71978259234487 490.6640522752265
551.3362322160566 607.2098265628451
750.055494946983 262.9040798377384
611.72874666285 860.1770248405454
377.24521556452606 894.819162482774
240.03046157982055 726.5927991438986
517.313710347667 406.6010446028282
463.6968647772741 224.67596592149732
