objects
925.3859546492556 434.90517382531453
794.3697676285802 398.62992114982427
447.5425177833978 354.5538502809166
335.8844886247092 555.7648406694595
555.8865099663458 249.97108090649152
826.4950563947623 221.98223707778027
609.1183465961042 661.3694905507851
765.4430556745169 878.3316667902762
126.19542207874987 763.9696534257581
299.7225418494004 402.3288234672045
921.3773535716039 85.87406634464413
339.65670593341406 868.7193155503265
143.72105961225955 619.3923413234392
378.80276043974095 167.79016067231828
678.8951945428576 517.9770986215391
493.1483727213796 537.7001044367187
82.75157365369787 488.405193682447
518.9094427713313 101.84618679064121
100.13054796897781 276.73563030096375
482.92511747127037 850.8100436064476
