objects
18.97151504759908 180.42517708873848
109.05942036437524 790.814653948046
577.7877382448013 953.4788385051163
233.84354544943537 614.2686800376667
361.30365754200676 344.7028769488419
768.0382493542108 556.7510250935202
637.2663699245893 653.6001830941017
383.02751374726023 204.1713724502771
920.403738236979 960.1135111531903
705.3624703489727 762.8566107341393
517.1813715681363 720.8278509754731
553.9267509698673 682.6150769354359
24.903610368841456 470.84283761847263
956.6765199325232 497.5083128881557
317.1578760276169 167.44311948826905
527.8489568047858 850.6912317022135
969.0548773518642 420.2239631248464
135.37758659017567 120.39133931267445
698.662405869852 447.9713406220413
54.90708802964136 958.4377944887096
703.9498058803803 67.46135130743846
903.2787034646975 350.5093595639236
185.5559634850637 477.49605055186106
661.8778440315873 536.2276675612967
501.0868468727044 146.82727743771883
607.634400805876 852.3373681590225
166.42451929682167 748.3589741303349
559.4850287185951 799.075342380079
344.2197636349546 80.81576433341266
680.677586732825 963.111095488815
761.804442462058 949.2027233294068
280.668315603467 705.4777465349387
908.5306300541113 179.51619735460145
397.52619578969404 621.380445491915
681.835054147654 103.90528957443486
175.0980756843531 175.37575195464913
559.8712202027659 561.0812420589878
276.2372145946784 640.429708646694
504.0658676265936 686.759992500541
167.30805487744706 342.767046467901
721.6353365505655 711.6051399855826
482.6461960882871 227.06525503800685
453.35926384870083 543.2918083758764
901.4992390402177 853.8082235735469
905.2783137546102 654.659860952163
951.226149846724 27.360752894806403
186.9886759233407 678.5276329353205
361.6208138781089 481.20987431972185
244.30995590442404 233.46345433634102
242.2693147917462 162.09011474376877
354.69294084232723 309.1395298006922
640.8528005728363 217.7359553040834
707.8746994904033 277.9478012662522
877.2308861575028 772.512958410041
335.975313933377 216.59228049774853
590.6567845384692 483.975231890098
961.7835885025767 143.41750116296666
793.0459272496954 511.29601162106223
953.6413362899605 203.7779014579716
360.07123457475785 416.25125225323274
798.1304117457852 217.28037469490465
815.7720553404114 445.359968515226
227.42141855799187 99.15271201828634
594.0326365836955 614.986669762505
798.5508049650766 781.1112990846832
828.7603425873643 976.7418724759926
676.3223701437234 500.49694730227395
605.6571496927113 308.32575779982227
490.51479215219246 870.6512180477807
365.1730542186426 923.0346613213619
483.2554627467933 277.64359250194263
78.51844162151467 842.8699385600681
77.19931884249179 616.9428978310364
654.4101211777613 326.0646750538148
468.60667336454287 336.0049854315628
602.919851916061 177.05734482561175
657.9231808051228 144.66820889640488
399.22947558626834 465.12224789896914
279.55256412518196 511.3241377694234
118.35156817473937 283.36709137458615
242.937014035101 913.7091696508188
385.90557037212193 528.84774959754
980.9387286001365 637.3984764107936
818.3382717587122 95.06420868674446
72.98381865849919 269.83806056946287
297.42954086319963 961.135676196409
59.94826620594532 757.8954142578899
264.31873226292777 564.2137593647498
21.706892486148572 144.92170484065906
519.0787787513884 658.3493085940767
485.96163955658693 443.2107445019598
118.61046918418009 18.80313924819936
61.43337735766316 532.4643787265425
817.6342669519757 911.4706315883446
519.08992423221 545.0453215531439
643.9350838108874 785.3755864362059
553.5669903707893 591.6539576268038
768.0549834160269 798.9065640741602
853.461046966468 742.4728603926087
478.65416982844397 576.5705855554104
622.4500633294083 79.67675135250283
263.31164790355444 417.6935207914131
459.73161309080643 163.3994793769684
564.6629172891007 95.27153079285652
149.47553015586394 531.2989915161895
155.51451444198707 813.6936165990525
656.8782861070135 43.18433277880976
872.5733718827436 273.9787801075668
890.1813114462883 398.2622204683933
298.46787983227324 87.32583303157585
100.0432114469301 340.84957241903896
769.6538147695063 751.8243223127059
474.32321962052896 981.2476295936498
574.1916374948939 260.3670970302523
220.9450259694439 399.3059875404877
816.7725846971159 261.1742791552515
409.4086533267143 813.1666579200459
978.3013935310439 336.19449176299844
965.5331683878618 959.5385390129385
686.2963179562214 181.27919094618724
395.4544284096166 351.9995441746504
924.8453943486179 576.6905775654345
748.2777500574163 171.05274332415442
797.7722079004567 862.5798600603569
408.04513828156183 747.0441682093239
