objects
224.10312645578404 230.8177715550316
675.8965867850072 75.7994873109644
783.6668944312346 769.6685329290382
281.4335868823551 683.5522544729071
779.3320939402576 272.99001015027255
275.4496365813849 51.077418606282556
877.042874965056 666.9825780690932
484.1199677483501 82.83385441153789
862.7518096048872 239.44587119799812
904.7109752520867 86.66644428947525
83.4843904814916 721.2456757804764
465.9089168036065 898.4765751672282
151.20679398653888 331.69743285601277
178.1480327544861 808.9841415978802
126.4511879012866 41.65998314060964
256.5150225889143 423.9029967874795
710.1802043446988 447.8173576674292
144.31851200721104 101.34772213943452
594.6363690029419 822.9169422384564
635.7479175021408 773.7856626701356
548.098880121855 148.37549145542542
756.0039657368571 181.33224391993346
563.0364169431077 916.260970119345
326.8522071488676 72.83439656175547
569.0689259477466 981.0867183385143
75.41426213189234 148.67131420680974
333.43479387550167 35.44520263021212
601.1981132399958 290.7486684092143
666.5442497859109 613.3507322651036
276.7472576773785 371.62572757045615
263.85934305775606 629.8114445534859
68.63984286532087 46.05407482806509
521.0127605517175 759.7567906088282
47.96911104923028 962.2398534984802
375.64870595087325 780.1301373669141
653.8793724450084 525.5519662465413
180.1508000296002 288.85308100375585
817.087963260138 857.9409671442382
247.69355593555375 336.130903822337
98.15947172518686 807.0331201898388
366.8498902140479 76.51379633040368
425.6330992842407 703.833004661298
781.1642563427241 850.947851360233
58.83836555581971 273.05359065253504
373.20975793186483 614.0151347736306
694.5239571620602 108.31518797755467
869.6826480279682 549.5287189754918
907.4464165644189 193.928321966681
442.8894088511483 847.6268625234378
107.40925280081338 569.1583629348913
293.3524792070618 138.5711686885331
336.64320693089184 939.59041384226
35.02998327455919 162.45770791485998
254.26725833511807 890.5775360396287
195.34231215347228 646.3471668211715
941.0837338289031 434.83333982088476
901.2969093894882 723.3591177736314
861.2073796084997 590.7380224334985
839.5718716169839 309.3440744289595
528.0731972945545 703.2195665516964
559.7312662340321 301.0989015451319
424.9700560127838 287.74217250871726
740.4102962013066 907.270583000968
464.4253112700371 975.5576941907374
876.5903243350335 846.5595914369546
47.148617100366295 540.4969172141372
855.1140175643712 204.5009374527889
457.9333246074111 132.99580668174983
749.1831347002302 317.49592790197875
880.6738686611068 437.83707752462004
516.7723531339511 395.6811715279256
666.7440360306673 884.928553305529
30.89716036530922 343.01221626575466
111.94671416002618 79.0375244194256
207.96559905293654 155.13244395378865
531.0739790069048 862.8558998495066
464.8153798833872 399.1118085392215
662.8854043600994 969.4310081537338
917.4788867236193 509.6771226098786
183.7011498345649 53.29940815008562
220.59221056193147 901.4696827442244
207.97023748933188 504.5146690915743
325.90196396986664 679.1483086808082
791.3639504838327 676.3174730193083
589.0657790082895 877.7102342343168
677.2142654161173 692.6386264676379
173.52952587150364 961.4235246135332
826.5133507121977 489.70256960546124
975.3977891227465 415.17916348984494
422.4741379414283 429.464879747309
538.9424627173858 79.45539695570496
374.0423618966623 451.0775477767893
257.0273431639027 587.6368002338113
20.556288736148456 233.3604068924249
540.5337706239296 230.27293079931434
494.98696131101747 252.91270417464767
568.8843958046133 406.2718603217636
193.70890883064925 857.8799718228979
637.6815827066972 413.1890737070905
379.85928686853816 210.27902389092347
646.8902133574843 51.24778993082824
336.0190451038379 329.7185618091266
810.5479584279904 239.46308438582034
394.8523644608357 105.79710004071298
454.11933270006716 620.2608523730607
229.4000115664694 729.8652487627072
139.7393565365789 566.1931117213303
388.3418880163823 522.2934820686073
101.97318464710186 607.580858952788
242.18594328173197 847.1471096381177
558.9849349379377 476.0414733867111
645.1733121200573 360.0333662133738
945.7493674280521 265.4273799921344
645.9916944247685 256.59727424056683
30.8473073062316 404.6052797138587
598.1634608888257 610.8775695946874
161.00146590495342 649.426886929146
439.2339280464382 366.99350411079
524.649011012255 518.2828346862315
684.202416680282 920.1996648406322
817.9293555058943 165.16215695111086
169.80723672615594 141.2725819898124
954.3242452084759 478.8587016431945
944.0839240433446 63.6633273774601
774.8037745270722 621.4498788578207
