objects
646.5550385407379 716.8612783316285
732.125197854759 688.3485654285024
330.1181441586235 65.68340038167334
860.9542478107666 577.1932889982567
220.39930353384815 182.6198863121052
297.3645489440344 171.64294493390068
440.1276697335045 44.90840982471891
982.7515999177836 81.29946863016573
168.35512490215308 268.9648151261059
121.11007091531127 53.156782754004126
58.68239037068115 467.53106977929866
602.6919795905301 238.62557795842045
693.9062620874174 864.8936282995533
570.1280394229864 801.0619319689987
506.9711694715394 147.86669374802437
664.9917330973161 318.1817250111902
749.0031636270352 437.78112310877606
447.3412635735434 575.0465680275875
837.6136430304292 881.8228083636592
833.8292083423285 597.3983716789538
158.02522192165677 548.7326797820306
848.546676281695 338.51186497812347
506.3835976889498 742.8143833366565
512.263151879718 964.1666381731508
444.59827414833205 860.5148178733574
937.4505894937756 96.8210027744463
769.4836076952289 584.9989358083261
443.8955540546617 385.5151995417731
38.46023874416546 115.85891434338257
38.49586065070901 236.56807056990266
888.6599257666279 83.33096124688007
498.119849626499 702.274905805553
151.33155839735602 697.01484380394
289.20044016743554 814.1486475698739
443.11699838500937 221.07696586151945
541.7147683140514 926.3874208335448
712.0114369484066 405.37321017163987
437.4028080737726 481.2534159942444
377.69408423398045 945.8265805006339
360.1854558222868 980.7539979212776
634.5267181623116 498.6723856506799
459.87820729140316 956.840088894098
630.3879450284568 856.1102490710099
552.3853228680529 236.46441290596687
517.1709850237328 179.00859563446633
954.2410506176069 298.5482199994811
542.7326599374727 69.2052611314077
620.8259226841071 72.70427523067592
702.5690486858591 371.38569984997247
772.2337406732602 125.63796212217196
222.08442295716944 928.9292368199144
157.34109769695237 586.4348035349344
106.01899039365837 504.1012942619001
311.1022700716911 660.1543992973849
717.7089897401963 232.95985471112596
390.54629321701367 254.00268910501265
889.7293519278153 729.2827622108034
546.0516722739708 870.865498995927
83.18047683437501 365.2215642691987
322.1056747041131 113.2287655532748
471.1001755438189 354.1726207525575
900.5549415448644 901.6737618535153
952.1529036072662 416.2253996110082
25.347517847648433 353.6703024920199
108.0844542394579 23.01509307599674
452.81111121926455 101.1959189447756
166.40828526131608 826.5898794886554
773.4861616953161 291.04373440894693
766.3970390121815 677.8747895031624
811.2384235002136 218.23542571962668
453.8034298589341 271.4606941648802
201.49702064864815 353.781803347453
74.72017443643331 724.9484416482434
106.97461921941544 106.97315685303259
383.2465986278581 396.2741966928697
246.85762597193718 415.56270711777097
964.9028136968382 946.9332728785673
437.16785043297915 685.1114307489955
54.471257740033295 178.34237987394937
727.0146485696675 842.3282475593404
87.4744929868658 911.42848855776
390.1407037457803 332.9426884888431
200.18753780976226 282.87196152020164
51.261429494774525 42.03408706182457
245.23899166158762 494.2916030785594
946.3799630875121 338.45897141272644
16.527235733436683 476.81329998065894
524.450158034348 108.96462602284014
911.7438872332533 633.942051176924
345.9245585605634 681.8592687833619
660.4210841087985 599.5225622314795
329.1005991630191 763.5687997412592
25.987415131939635 849.2870293701382
638.5551035679057 666.4686135092703
49.06837901485468 285.4743039911669
483.03503571405184 611.7257952726264
382.2324745616057 511.9328839113845
531.4232269456849 622.7957136466422
49.48717029436494 633.1754206239544
631.2887489308317 266.2068157175704
634.6043061348803 410.32119200595156
259.49406548368484 659.7342006762882
959.8300292124374 764.3024481551847
219.49189116094715 258.0318683531586
148.08083798789926 104.14295438150599
349.7721125719148 451.7498601071899
426.15965318475645 175.6632624874601
112.45901965158633 805.4502762091356
802.5263576466955 716.4045504259891
193.1133297045276 849.0951490151451
490.89422615721327 501.8722169167036
182.5450255158427 518.789466983086
801.7331753498444 324.0184721677506
204.00681119969542 105.3098385600401
472.32437190516595 440.03618746594316
301.9834000279738 713.1712594824248
542.1208109371859 538.546250909798
64.74262751743598 412.5139519066085
904.6235994534206 343.31127674791355
783.6473570079525 620.9354910960867
505.7092420325103 32.45276499825772
763.6739326486426 780.2653706582898
122.7781869624552 562.905298870333
903.8691728984705 833.5958303624657
61.97250519572807 664.3908846724515
