objects
133.55631203717772 289.84911591882553
633.9767670307082 37.42828310235399
492.64505703276257 896.7217404848901
362.78437991333396 362.9950517843693
437.6155377065526 948.1429416894848
87.91434921759686 531.7718049836948
552.9683046750067 58.22399957060864
725.0674636600634 741.832845718973
459.2136222173586 730.8119678546999
621.3689096272864 658.3867924709828
58.62401216184222 145.7191658968814
470.70871821336385 697.334791721529
223.5535837202068 782.2366776573451
274.78657852420713 418.86621017703976
202.08536894635654 574.1571960249753
72.26607824127004 847.5518096749073
134.1478546779733 60.310526207393295
456.2411339328979 106.53643866896573
579.2196678159276 210.9688068456464
188.93763474925763 544.2533986847998
54.80841447861163 669.7135489762635
824.6206853412365 456.74913446661327
659.511635729432 506.6206178778595
939.5031493072217 611.820795714509
85.12772097088731 723.9080568272075
357.5571287053217 182.96873111884162
717.800091360359 529.8253698240113
357.70792267251346 832.231517171103
411.49184264319535 627.5675980549428
867.2286480935167 924.4298011186426
797.0971908188372 960.6352582024927
695.2004503567173 803.2316416337013
361.3579526713161 314.01089738912424
409.34910463564705 750.8719731666126
439.5557507377872 71.13773058395739
514.9146696161883 826.7134397249243
816.164271309978 701.0049531347931
963.8720785305401 288.6194963734306
850.314781923723 55.56669976501657
517.8762390969168 953.2726201649817
449.26186097120814 544.598508564588
16.982222316949006 88.06482054703352
971.2104103811638 839.2091682890406
908.0487225022865 167.98751466894697
188.19252447602585 494.02810673579626
849.3989524138918 389.9392844197176
556.5809595705302 727.715369170624
653.6121798849186 645.1699482641199
914.3771375362002 825.4023913501434
352.8717285943198 223.10734061412504
260.39997456847937 907.5799870049079
404.13943049864685 130.1362643303874
263.6080807172068 972.9435727286802
151.27447678645498 659.32930491678
624.0913924793855 589.5828949361772
961.2590841280986 775.1374277242941
155.97821589588915 529.774410475166
937.1325281388584 102.44910925222047
981.4999631962305 345.6313635934104
603.3184198429192 75.7838942338102
325.67146591923876 149.33382145352445
43.40424423603369 480.22606106399365
304.9073087235441 914.1210324069517
73.50362585213834 353.3102435487372
789.376167459594 847.8338891723477
749.4258159840422 706.2565266855992
557.8837713015346 512.0237754127917
112.96763933950612 893.5184806849825
209.250030984591 457.2250085449372
194.07208672796824 639.4482786582972
189.6715453551632 208.09056479493458
393.3290189009851 437.71371174079314
866.5571328416175 492.51759102402156
706.7364490573294 572.9250670905021
171.37588551066455 726.6291998843805
980.5518150891992 398.23859809722313
626.8274528428876 870.4751624396674
46.81525361594456 64.97693293399375
799.6543280072896 653.1369568639794
695.6759781189957 140.45181596069546
954.6649132612404 709.19671186801
395.67634890733274 906.5039820814096
583.1878013259974 690.9970718496634
249.8151387577299 232.22344414182092
115.38510954210382 743.1050460296042
311.82583834896684 420.53727212999706
860.2198080655024 589.6647293078955
338.31340969149636 251.60948580868063
636.7128957054219 114.08578690488909
962.9393301524759 513.4646650929967
390.839916432343 271.36360289326655
517.7585316378693 493.2627425279412
788.8005198361525 491.41485583362504
268.7912281866671 695.6405582706085
658.1262752376292 190.7385294752989
883.8449464920787 736.7745747632914
502.3624969860127 759.7851610915001
309.4940832533686 877.6652150136578
64.85069646052344 101.19943120929834
271.7629829840483 549.1962087133409
123.55664831340432 570.8369004815739
148.29480797719592 884.3396300947129
362.18584032076114 780.2682303228048
838.4560436239307 867.4898762341012
944.484287052143 164.9964706472929
313.53393139018624 504.4294141104656
388.0448830392409 496.9110121354343
738.3639064656525 264.18468126583537
833.44084953829 305.12799402134965
19.50566420583151 347.7960392873089
97.33508823865202 47.183129405847126
383.8613004249924 643.7349569607632
48.26759849455115 392.2602501482378
396.89214214132335 794.9296209758359
927.8368403729222 408.0770074516056
444.42072653051537 389.18293816925825
777.3581772852802 594.7118626042336
837.4485218395841 760.4896678903581
552.8331812580034 964.436265103564
854.6348072996724 228.99990634788531
751.1310100169109 298.28491449302965
737.579979637739 215.09264414546533
270.67679014290997 371.43990806645854
154.2392773330595 200.98691504472737
685.7369392604471 465.09174722637357
