objects
846.9384585242113 317.0429324662747
98.21511770217374 832.7007526849058
338.34202413151183 635.5782471508271
704.7553412113764 955.214721175955
323.67863126478375 68.79819542326572
912.1752075460663 879.1780131351028
552.9581991867358 56.967729672065026
907.094931811369 82.43168780096232
677.9746591218983 544.4897630834574
109.71888614009343 199.88600673058983
191.8964637519246 477.82268085888853
413.50686125962926 340.0691426531069
517.1080019315347 570.1471578613175
571.1363952359999 370.640490464932
488.58950627659783 863.7053224421028
119.92604513471102 600.8747760012347
613.4037513907804 543.7764024912515
980.5097056071551 235.53454440255305
211.07108651626248 579.8703348767301
964.8168827274242 663.6973990513637
49.4544176114535 99.87246061386304
857.7361676927502 90.70069611579464
396.3627857859628 693.1703474296304
535.0778279570078 233.69340737810694
434.77168162214764 920.9276859044295
458.4790824225879 797.9385242357757
805.763650434468 973.998904441109
287.7202023599987 33.81529065057112
482.38973286938887 737.2849881398553
662.5152454245437 857.1519020288728
791.9175415286209 424.7820769781717
977.638455331808 275.77194698848206
22.492330825699604 404.11968381928955
464.7766607186489 325.11167215463934
771.976322260797 587.5209311842033
464.11332203339083 381.93755651739355
597.855237290655 178.60141241319215
263.27925502841435 76.11994094518239
215.46842949061784 653.1984587483399
812.8515178343054 615.0172675678111
335.0440910057485 307.1655630104621
803.1706747717066 540.1605221178137
574.8184052046136 903.9955752040295
183.05270623610707 614.8125642373584
342.3982894383059 849.2539318159104
180.9285398932544 266.16111115038177
947.3570323037544 620.9314495046045
565.8187195583836 685.5188839315026
268.40472209349684 904.0309002699275
164.4247625645675 30.82136858775366
813.2531417119054 86.93042245774201
435.2729793560214 33.145866636073855
160.36232800201734 291.63734737335227
678.3584658557049 972.5059250761688
585.0084358430053 305.2875105151977
748.2037055776661 190.33729898756087
422.98236632820976 131.40115513750195
16.248545767815916 218.55303588265906
114.39326346848837 417.47996055205755
880.5106313848179 53.31223263848576
665.4635347360952 437.9122416064186
848.1853749831024 371.6102245952256
594.6529423461371 821.8754081603515
197.95063500559917 731.6568351702981
697.5336840031483 821.6206661153392
374.24353639589856 783.602238570291
930.7018200375613 208.066660055692
76.76950658478755 549.5874903541953
125.57179743883017 331.5497740184376
181.9154436670092 929.1240121708645
925.8621765970588 270.6215825437763
144.9791782003374 785.5311543495034
493.0173947543533 799.0510468887527
41.75061269499179 916.2458109618487
130.74800701976517 246.17164949944538
560.3200157234611 963.2047133022858
435.00246126174716 518.8126083325649
75.9419927024524 397.86117385929026
679.5230768111568 23.897277470203765
185.12160630110606 889.2916453357661
424.61477864358505 826.5109981984101
506.50836551631534 415.18906247202585
804.8522702511198 237.34638526971636
355.4859360731467 680.002292166955
290.13488467911947 603.2060302496875
500.7610858575786 137.32853727704676
246.54896621597524 771.4278242828574
699.2029908408116 69.11786466674866
726.8235669859141 655.2789640739772
538.3387651359399 427.41597440678265
48.3691841387178 772.4509593866081
646.6142084374645 588.8065091027349
765.3250729496513 725.8232444447542
366.4364583475382 558.5669911247757
919.0497220108771 520.0222151977997
907.110936457587 785.1245153792653
375.00923340581164 957.185758167974
79.68926379478518 462.8084468165332
902.1762901916984 606.5919726071751
842.1917878928217 16.774006560589473
261.7694714374443 844.4369661088189
239.28919577810248 128.00294327149004
307.98141108749047 875.3319269525881
921.833356935336 705.2201284272433
798.9323964563023 483.64640560254526
910.2195543240341 745.3157997101735
109.24757038678393 802.2567693114702
431.81249424835414 485.4467417579822
706.6300226588796 194.15726101936292
198.22183877723108 531.3043273097179
501.27207745624634 269.886324079562
211.93038572508135 329.64878576647595
523.1107780610135 707.4097404757284
578.2984597130263 434.0898171614405
362.0057678163843 452.72915705015527
767.0772280599361 136.61274975896586
764.7319111921487 47.4198650237234
774.5086781530782 857.2923263571823
855.5617738523728 556.2476968959338
145.14286733729736 402.7243637373882
568.1999252154255 724.9776006074702
775.9156147954953 360.6677421994195
782.8904894367081 190.1376356483203
626.0825377940524 812.2115864201261
526.3493759830644 895.1488818444903
