objects
690.2753251120708 627.5587131466939
352.1151654439222 536.1480462445927
371.0124639384547 289.0575112496403
313.1478829585172 731.4424096314686
79.42194009077792 292.5308965426974
483.27012780200545 535.4685573944032
663.53244667413 824.0343796634753
362.2835077243884 34.00855149368632
557.8355088008792 91.29595769595915
844.3944319089483 751.2492655723269
226.68173802235196 699.7803993760436
389.1793238619135 422.4870466168982
194.34234357990286 578.0521915457115
424.3445424332901 135.07888786954774
887.6970943576123 627.9378352694233
108.11124760043667 352.79073421109325
303.4785054331916 400.6497979652758
67.38430882288282 746.0725424394585
754.5131248653898 638.4199176057449
463.69340105419076 590.086605798461
726.0994473441395 861.4544125407172
916.7860292232021 566.4831366192745
683.9983473866981 867.2260588700425
48.92833975826032 846.9403429782448
900.5662353200383 817.9774215158216
531.6705967483313 435.5218805415263
459.769489311113 96.7634306380958
942.5168896658894 134.02783714464786
35.8342892373317 887.5968505895158
887.9276444678587 223.83260772812207
623.0213878174396 175.21651057626192
904.3512506314422 964.3847206527413
944.5531846544229 835.1767105832978
131.5249541227266 890.1475126782632
172.15962128345714 959.2805556947934
108.18393562993504 131.51933742009533
291.34241293848265 669.919228909791
856.338541125787 602.9339337936523
929.8636327840027 875.3563520367092
706.2689314937187 237.31563415919686
579.0325414947444 821.5836549913271
166.25618173307686 430.30002695926447
745.7079704325159 273.09600616272326
568.7412432796154 599.6636473648028
63.166437520059446 24.758023196479527
539.4046723667512 919.9850362012523
179.78330895987924 858.1304586077629
386.88940027234236 880.6096036468236
238.97976555647782 895.3485234106938
451.1926268818307 367.2012421173449
665.7135378915408 578.147653004738
660.2300995729223 267.2557001216869
407.3718897779182 846.1958860477099
633.6442970380074 952.7236357963604
736.810367479914 400.1610548053323
529.5019422210513 167.3242995067246
911.2134131794564 677.029649320592
963.9895108116606 953.9230501677811
482.309107312191 913.3606182900293
363.0079748737615 497.33566994875116
447.2309047203014 243.281872721264
566.9078871547182 551.3886081141173
573.8932001851866 748.4460398644201
558.6805420263001 372.1597573564135
409.2468081929289 66.31851890297995
376.6777195270621 183.35992833552197
976.4051679747257 567.0681229419702
256.5974289403549 943.4039270453163
328.0823553532043 75.84190848359617
675.3379563242381 748.3404767250548
966.9709930660076 676.0363172978218
34.13795443317723 516.6149999401329
345.6618531405029 913.1146728411659
109.90112013340634 434.42663940938985
498.2734886245398 358.3745107228128
130.7981650645598 675.702618948478
167.75026970648972 785.4857358698719
232.01835729515375 97.51847386050694
217.72934519519143 453.9634523104804
367.786125523519 766.7134149344005
377.9253812133847 366.3466987955107
817.8949879000317 718.4249752415403
98.8842118264531 842.2469475784529
61.57588028092931 617.5089167967217
888.3380235400429 41.68498371480708
749.9637138442125 685.221365982125
192.04860991580836 926.0605767243642
514.1087808370319 732.9273144393811
758.2902099921822 926.6357924988205
143.62080541677486 624.5141257094901
578.4000288994262 957.9451361598009
602.2390353349912 102.7816721451542
107.4852527576539 563.9409610980083
555.7821308680216 698.4458853780487
175.7038281286962 668.6298203492793
173.02500310630563 272.2302194692075
414.44693076032394 264.47214264374844
469.2011855497399 736.4711192475755
311.1134292763282 467.7995852601771
821.9708994643843 358.81574406358334
345.50209499623037 828.339266909791
886.9078484996736 162.81800117083287
412.4363910719319 537.4066408752577
52.563441983508056 427.86867973129785
66.68702563126476 207.22418434001025
732.205397745 310.37731142672004
92.77408149577423 694.9677464629332
34.933930546611265 121.27286426234166
372.079587253616 597.2024565296276
807.8526945460413 828.5777830912881
589.5610468538721 876.9502786488049
830.3713488203852 281.2485553598489
746.4153893259262 364.0270131636908
817.973647587424 653.6715785785921
313.4161829111097 31.59888233464087
270.6229703249 472.0054607180165
643.3760625424602 890.7981534584843
170.53301903009333 114.23759268302013
705.1315435299653 121.70527187008142
564.5847299004737 215.49133813098095
791.8632960119863 505.52686450224064
699.429347215374 170.43216459631128
153.65752225307665 744.8076024663294
511.1617455752939 510.6215215825421
330.2532701274641 789.0881534196903
829.5392675038743 796.8923770640889
206.17025257036448 533.5061754575928
212.07103565028817 54.02562698071954
881.7402386809383 891.5233890250718
434.8886458112995 903.3701505929912
620.6533508071989 665.4796021505095
611.8220452827042 796.2339586172197
466.0137945819711 635.0538506270016
681.8654926974034 482.25021183364805
903.2707857622703 351.1201820568697
69.28162223508669 135.9025625502364
609.6912379253796 621.1058778691543
826.4417413817523 149.61758343936572
438.3888003428387 816.8027904991931
679.8351038134451 347.07656082495686
938.4431664676941 334.90721980428333
943.5845638195634 56.21650452323904
844.557231080938 230.84679064247962
200.8993279014285 407.8791957565221
963.9327601846287 383.97889497579365
44.480051095555154 258.4122109583536
260.7775880183415 532.4863445938076
785.7245067770484 286.3336289569938
147.01301484194641 182.27036949416225
872.9883353270415 679.2455908546012
600.0232631057959 20.33847518601694
854.7834840600348 927.4267988366607
481.67986023106874 166.8457089910855
384.1886746787225 661.2428765305183
65.90566399726679 966.8840532754417
187.24002289498566 206.7218915757502
339.797695199809 692.0533105233177
845.1432548308163 474.91933184096195
394.81464205033666 950.6045640701504
917.6424203854518 274.0925679401208
279.8978807612246 136.6219000095697
240.24932018140439 397.6240589816938
800.0805275271216 566.2275213111578
61.4459879631699 372.7362206226796
477.3825042515673 413.9281697840584
263.22199925764943 45.32092240139558
249.67605131890588 792.6576738381763
288.0541819033273 224.1221286200772
246.23946025386505 215.93660723635375
744.344576774928 964.9092368017416
588.1934973142643 324.1638425873287
978.1637643184441 713.4140000488044
211.08841396128503 649.2551431819109
522.4536560997791 623.3030547185543
581.7955008753718 503.28408443790477
