objects
844.4083910813138 534.7215815264213
248.47081440000792 651.6457360400623
83.29822423173036 855.5764263721137
112.52448532727645 911.1672268998473
301.927797655333 392.5950329609409
272.3020436217061 845.1898737270318
674.6839429615327 524.3194782151112
503.0599828059811 100.54217579772006
135.79353380856284 87.1547760140141
550.7258215752097 395.8515060958279
252.34341169898101 158.0300795861386
170.24657798893 690.2969485588789
559.2226967223472 610.7346564841936
113.06944070653785 411.86491291278344
153.14166903512987 377.51025383124346
425.58692109849665 352.72007227362315
659.278661957996 602.7614947685548
360.30124962779627 662.5035150385053
78.02382842577055 30.326506071444246
549.4532173377319 832.109199718769
514.8886646609513 794.6958611088522
440.6677830840901 411.9365051297678
924.8171081992375 238.0108112180603
582.424100952213 550.4320933713951
241.73491015982614 31.61439295368924
422.80702376368254 30.024192455200033
334.97258665555455 789.8703396113752
527.8957777457844 885.4296193411492
777.3061487874 630.0100816789752
308.95096462318696 56.97416427244187
781.560891667091 681.0595782194749
56.724955871195576 144.10531668993679
187.92025792544587 78.68622376323336
688.7741647667265 59.45979250052186
41.81852246087672 237.26297317826143
174.54553883367848 792.3117533049658
251.18877295299077 232.25248737909828
649.0774169671045 467.20231843396846
38.53655911496135 832.8719864652784
488.397499970834 607.4273721606278
939.8992457327844 27.16193778713921
489.3288870641005 895.7094400846876
387.579148613279 449.217716672316
610.9139907678612 729.7899933924604
839.6499811027435 621.0858994555873
700.237877446704 824.705060703911
871.9866464925267 750.2985675295827
191.21407114207804 592.0096248697491
47.592037231298974 900.1564226966171
570.9243905072865 441.4200039578214
672.0907443232343 377.8428327443919
748.4181445120145 104.18926473571896
750.0200129569779 974.9538825606544
337.8247366642318 120.44790915387196
883.4397574408802 681.7141861022989
419.2993612615526 285.1396260891933
877.4801370545421 878.8696244877684
514.1765905758197 46.439820093917376
93.98973744889481 963.7813440534147
240.2354330236849 521.1584384363882
539.1014727075305 565.9606737479932
979.9485802929444 426.49429811139294
970.2378580986114 915.0784078257757
614.544959181113 416.5482989991165
374.90934316750827 305.97468980891693
61.514923015256514 522.5250326393375
837.078028795298 118.05420234235461
326.48522576256784 254.38997863009217
397.37687387162305 689.344215325665
288.11598863950996 261.66243910486287
283.90708762843917 682.3035667408786
134.79779964261235 220.07599034508004
73.05290957213553 429.41867651279046
673.6670395184781 419.9402163449617
410.43503712266676 768.0676088098459
398.6677035168516 930.3635223569567
824.1940171923698 848.588099683927
251.19984346126844 587.3888143622966
61.2785773883799 67.41667449891521
71.79053910611178 188.66404769739876
544.8819110150467 170.8375120961135
673.6195573249619 301.0431666802901
506.2011238808308 505.74261094657174
519.980938549706 351.0571305261171
552.5430147090069 251.31948653729035
584.9254629596248 932.1637637573987
26.68859445507064 690.4325906088359
917.5680750017383 869.4284421320463
718.2996250324721 33.36750867964718
499.69998580776365 748.1430585627508
49.768623120789684 601.1347311442408
651.1277645414482 337.09317193288115
221.3069524088214 848.7309045184161
629.1827044521016 204.70920824245516
393.8530944598904 245.92505231551556
837.8552354420051 698.7407601117937
458.5100607532461 541.4317380806309
447.1283383521249 929.4157147753027
645.6976472023493 266.98340337336816
728.5291592423692 337.87389718507706
200.42208247743918 658.7958911172703
97.43476360942668 782.2775686728437
307.39697363631353 925.7533368830434
344.20399972377857 346.89908041848975
828.6086743659885 767.3075804433801
714.3564095709396 445.3733191748244
661.6194128487991 225.17977404836424
441.93082992239454 188.75747813689816
28.956002852878846 737.2562006078807
803.6346278666141 884.1862983533836
828.6277806294044 951.7826722077282
528.1074940381147 710.9032326912466
943.6060018430226 692.4228687859145
63.38011967194973 674.525120477334
599.4748108360058 93.32895719553011
751.5344134239982 424.8783082380501
714.6017252468007 676.9181627285412
924.0619634489536 500.4006978647598
977.6480216828699 640.4454932498651
384.1222691267745 58.66608365234892
39.38945152342694 559.8516044786812
881.693007986132 431.6268886439893
730.1363736046447 602.7795113944389
246.38005405928698 812.9933490365798
730.8326265712891 481.5307084029712
353.8037199751569 581.4358444334615
915.8822368432477 59.011882542674314
392.44473765508997 540.0934607759333
78.96248961906942 577.0971727367403
836.4451607007653 576.3533613834361
819.0233357492122 501.9572998605427
420.48210182430495 583.9326842559132
655.3780768088245 759.8024874876714
280.6437039970915 454.76845268452774
806.4009431698912 810.0559171775861
716.4453489681446 883.261686810976
556.6324147623666 648.5561611024135
233.9537801413947 907.6390305186076
305.0304587862287 178.17060196636717
923.5369515562151 969.5355090897294
960.1500802381819 532.2414184125602
868.5390281525471 817.8328107476009
222.72844928987817 486.67722761747655
913.3221243092152 806.8304713880882
637.7997226605466 123.59598074214735
476.06065577882833 336.7732527550007
189.80154072311913 272.27602596320855
202.4089145024524 182.1234787138903
141.3009246130219 327.5719088408203
352.4493491783376 527.0320652286144
159.01926894082632 451.61448457756563
712.8676022268114 254.538652449531
591.6867742379894 216.277738712477
599.0046939894454 645.6195056807542
703.0379340959312 208.09880081032892
90.60156842407 362.8227956428564
206.67623906982715 541.8486616412044
439.27437987765416 107.640133994735
368.13368513638386 383.3286262059174
741.0086639652889 285.04795507586704
897.1340942891031 475.16760826393676
389.641045115656 622.1715350079052
773.8746019238622 307.4908487430823
887.7809168572419 627.3104470820265
235.74107468286462 350.1462875373178
974.9148419427559 826.1392595372464
622.121618536643 379.34391432310196
941.2359383155822 381.1465857259003
798.2475227275864 715.711843411732
437.46992307105677 685.3151389327675
247.58237623220884 753.0393030560622
600.5328209683746 54.23181532562327
197.698225274256 385.87450016531807
281.0500071052531 894.6321163771407
809.9062989905563 198.7736261575948
