objects
178.83775395800748 782.296250868323
975.2282967898713 756.3697316004983
341.5927578596416 595.7309899873911
445.06223264801696 692.4267337737177
678.445404535734 680.0562860908282
838.6953368839767 245.26620284002848
668.8222886127319 620.5474475062331
72.45811817118535 23.510196587786226
250.44237195496655 328.53213349781265
29.05941996285351 155.15867366665984
387.657639440399 264.5480314199178
316.6106800252224 401.6749536186139
658.5622076774113 738.8340796908969
939.5825699138976 739.7164184842579
261.5584417558255 816.7287761663537
356.8321437483193 377.50953082637056
671.5927737855724 271.0484632641244
508.60504564649375 85.01725116120622
539.1247412877151 939.7974782092281
697.8360788373799 356.35360870804413
932.4050971059119 395.59025708773044
884.7118621646589 862.3376015702977
925.0210106152663 618.8075131752047
323.98799763234683 807.8572186582749
798.1440669498788 643.4626345642351
533.4764020413303 406.2035128599464
26.04601392589619 669.056002925437
381.8142890639926 86.1427891696139
251.65249393859816 955.8560873556874
281.1563554558542 45.335576254114244
174.0048510685015 692.8103938363887
120.57040891729002 126.73769838607396
261.07198974108644 252.0912394014951
216.92072381977601 241.8152326838534
818.5212092224856 505.90929442229617
854.0325105508372 24.26829879975444
859.996166197533 393.6499839299791
505.15423018355784 365.3713700499235
728.0767983240637 451.7079528266146
23.518194712589146 83.79130301049965
66.94749454494772 149.0470725217098
631.7022177840528 305.9448661962624
423.5631675392339 311.515794250948
204.677609229926 963.4273348125139
780.5164346926815 426.88419875528007
458.04788744254967 64.47459579163316
179.6422994049194 143.84879009439112
740.3788441183686 707.60720133006
659.3194139390988 491.730344469041
973.6107003084805 492.2155022296078
718.0843080496271 596.9284399997276
600.3222558057656 674.0038499289022
158.20020518956778 508.9383356155316
252.33801754179294 608.1662540327382
939.423668767715 81.28093969575384
79.69121986819286 433.77092099218703
552.5064168627295 241.613281801039
423.1690478215476 926.4260584858484
312.58618460912743 632.1253878631513
464.16652399284163 487.66914081168125
444.21826273343163 576.8878700813896
633.7549168457633 785.1993996594321
961.1005329000617 565.4685211779789
70.5043014885465 86.02926335564284
736.4110022177608 274.1949462730892
238.55938750396675 105.9191861722754
664.1839410941196 551.6829179955223
461.7865263846241 247.94189590122434
167.42965875790898 389.6791024459854
878.2300286849403 825.6411332453431
118.96059879595408 959.604364731827
47.751161066774245 728.5070957873317
293.41962367351033 911.759808588855
405.1442037660358 544.8533203924478
498.68860829112566 567.5928262895084
810.4666808264387 157.88954100727634
626.65593036305 240.48164414632993
798.154384384225 20.524468628914292
942.6348666128283 156.0976805127897
549.8840819996074 469.0106735954082
823.4097752577131 723.1646913404893
927.4073549415821 951.3353098024721
884.3041751314507 462.59649387679156
847.0973156032785 319.47753409400394
109.07399707295345 778.10509562123
468.2404969554113 143.09987939169994
588.4867190134302 116.54799242245586
974.1952363019747 811.4562803803994
623.6180740475361 953.411765306499
599.7835209975296 525.7743272254268
597.4395598593887 349.05787599985206
912.1017582467174 121.8631670901795
715.1041761688726 552.7717224345496
822.5041334718622 598.5890541939782
741.9028776798372 942.0602613690811
779.9089375095839 836.1175665423541
317.96355542156306 298.5085946234814
934.7590847229571 229.45882951411414
893.4546907135733 755.0174949103699
193.226059556632 859.8646568611838
421.7788389179219 467.16310847343493
74.32570333268552 884.7158863763923
396.7768447939706 650.812048065308
339.4617773624238 910.3224827073365
968.1566328565696 963.9129383683731
460.4844587051541 343.3479859287382
110.89153261050568 364.4772705692906
585.7997243157994 630.8296466798698
804.4679668111924 946.9781350667678
676.1824073098811 224.84958834377667
324.034855585799 759.7121831481567
481.42767505089927 639.9879828964138
695.5735704238843 962.8589793038199
238.09777955364484 365.8169697943492
411.39045315691936 717.373519745786
326.31835871600015 519.284443982207
569.3862847191248 390.92190488235013
770.170791609685 610.6703257898212
51.458123751364965 375.4444007083487
508.61867409242063 752.9860665296975
873.5294167421757 534.5430237559284
152.0387408334599 31.08312073761492
340.3044123227756 979.0528617797103
618.8741254295384 85.47524087214828
837.4980698454707 900.4952798813802
843.5074940203026 447.3587648612029
135.15467699682677 843.7630453092279
306.16134655096425 94.71970350556295
686.8192268436887 138.51458491710105
763.4112902252056 517.8456994875446
165.28043209727716 895.2516502384062
53.48060061129382 624.341752658593
474.2767087877812 729.0167368947245
441.05216069364894 795.3583320535487
548.4481500880227 65.33667880925248
696.2908252579194 27.665034086313188
656.054709752832 821.6214547995271
572.9012348198196 154.9578927076661
220.71337756334887 466.73383259419495
767.7650155585234 151.1819240735024
691.3492343592527 902.5747668153779
971.8483327471782 223.25887415234482
86.1700717654145 514.9051864603324
605.0819145604054 571.2014091021662
851.5785935610021 640.5034845241606
274.14762446692765 184.86121402643363
644.0770975686645 424.68870516055364
833.753003765471 795.7856237560766
960.907983576752 296.26775473271067
554.5398980000341 894.2132520381323
183.96751548150533 349.5184691515232
158.44393492524367 627.8962703520968
635.2136587312875 643.5826118717204
900.6379359097568 208.6042255684206
285.79722666521855 872.8494477454559
57.34158567486597 268.638232962373
737.5892149947448 54.859481757104206
215.1314750648072 751.8228202763521
115.39893650925256 211.6315473380093
297.047018570519 339.9326150610821
578.7824416530761 300.5284882505756
813.5516949649021 364.1524619682781
398.8941971865741 340.93525845453394
241.08915916133097 408.36852659708217
960.2766446911661 370.50412845803453
437.62326311722137 385.5345624540273
736.5366140807267 363.7666070324932
794.4026908507481 910.3372604085066
118.04275261407527 902.709844957815
25.48940464007007 776.4548946161311
23.846172194674825 856.9698455645581
900.0174260965682 562.4376082791675
912.5080121040638 309.1555839802632
607.7463978479497 851.7978137612126
599.9773067960805 214.39031317961056
