objects
686.2889615597676 283.6668264993304
872.5720933593917 46.483213232725404
752.3268931694214 514.7692520566693
207.1564731583464 929.8684960152942
445.5818769815277 546.9439073293371
485.47236095219574 638.0609714031843
873.2038722380453 826.0340178457708
563.4906419329665 354.79106169074527
882.8919889661985 549.6412821257221
220.82868492355186 680.9861519209534
402.7590914544671 314.87087357301766
692.5960238933164 598.6335357643848
792.3893434568566 48.23343390486481
551.278585218888 629.9569988676465
672.1979563964047 191.72541675843658
774.6275476758827 902.3131340307955
208.1802994396528 231.68461185893065
524.9886876019672 148.19570714783043
877.6512226197266 224.68651630240993
306.77419713765727 684.7152185626143
628.8662115416222 855.1551726801086
478.14937201989056 838.4039803508795
150.8809281605677 955.1771016550559
509.0984488213891 884.4421005490005
607.2883615288401 150.66805876411462
293.19461082986726 473.98424423376747
222.84704925377045 375.52302778535955
644.5273612433126 687.8616236931618
645.0919446929804 619.5951310625
85.32958363602754 713.1970332751879
765.0704692582958 438.9384036592231
135.71845041298872 366.70412945870584
673.442117205735 108.31868923274845
735.2250114253135 918.339475920014
916.5712407710108 373.79762149594524
260.23675478262413 775.0578516896547
377.167197670539 664.5698445982205
463.225755674807 882.06932460558
558.0837534570477 235.86237649382394
82.78713682783668 251.85896669301326
108.95114741850564 860.967351996592
70.64459672182032 838.9617010101608
953.9675622411722 770.6974381679299
565.2870882467615 165.82053564603683
610.3205223379406 390.1825857872019
889.9450640858886 144.45338103024565
856.7111843643728 764.6248459623524
384.00478082593844 515.9553065014339
484.78594941344824 70.74170944432069
555.6464917122438 403.9505733850262
750.0377506050738 143.63571496242687
602.9979076092534 953.210243376509
306.49210412605885 111.37180548637251
154.23469408009097 835.3859552861803
414.4229331409824 140.89341345771422
453.98208919843887 32.461904128352
336.56747949729885 575.8962915456408
100.76717856126642 810.8800451716343
672.4110692580975 771.6709856694943
543.854197868741 453.5683655287197
674.0260391763958 954.5022422132567
617.6516008272688 216.8521862363867
687.0519802110575 447.441613693296
27.581393790216723 664.9690915642193
374.2069068092681 848.3255167855731
473.6610759339081 972.8597103590436
290.1630853711826 587.9161546163255
569.2836626508595 498.4930610718183
816.7183160772199 887.030834152006
714.9697526369756 731.01406350562
483.94620452928666 932.0039891195632
35.983772943659254 966.9868594743433
807.0133221614235 672.9304831413713
493.84268425510527 317.3082855008342
401.5577993207364 571.8178978713781
885.9055507978819 400.00960750683396
923.5491453916737 48.35249899598445
543.8151309736443 943.5681070537994
381.7231965288471 722.9940769946855
138.259089601862 459.42593396268734
787.5663506384607 627.9476429102659
592.0258998249282 668.2074235065963
164.43773392477428 727.4121009723157
862.9898707010998 709.8734543890032
69.2529445732605 483.02144074816437
952.816088473974 814.1397857443939
678.7751075528631 912.37084574758
438.79465058192085 218.17902301869358
803.3281841795018 177.59798631735015
90.1455584870219 130.62461744422225
931.8002880468578 572.477932345764
843.6656935928664 519.5426462610111
112.07501913892646 210.9232357679188
215.92765006262147 775.9143658539534
42.48419594919227 384.1685308325849
710.4273526857714 331.87425408165507
326.76603760444 912.0775415757707
145.09018949296404 128.24153584039468
53.695444541808044 611.8416909774704
891.574067615409 884.9123714122208
332.5123766119901 844.2897641280614
914.9810574021806 811.8891572674435
112.6819517577341 958.2404879607042
625.0207384903965 337.80601169656944
922.0042842903296 277.47418809458316
810.2420329447674 756.095216910081
944.8626345707505 681.3095431507015
298.25674033285674 541.3562057515061
921.7040932968638 628.2382653355822
805.8039119675293 303.44504067913783
840.1078782845788 592.1107534836841
245.94845880882022 105.53242187008789
801.4931861910968 365.306181380739
977.7619474946898 203.8728907359362
407.62067644962286 764.6243280946813
743.0629384643673 303.70620362117194
429.9665797818514 677.5558222723233
161.038580296281 210.47402446433
361.4117992487413 93.03484509321298
401.22522228008427 423.45787776432275
348.78612642697504 40.26590966203979
389.2197100403806 473.48302009955216
875.2206838196635 620.1266241859673
763.8980652559624 250.76321870404243
169.36046614554078 158.24789660223303
172.41935956706357 359.55660243857574
942.1195112278436 322.7404855067192
452.3278703068125 360.4979762738134
338.37603400685856 230.87180180498427
295.5207007442846 823.6372298269415
102.89952566039118 34.17452179221498
32.668638259760556 908.8018517082479
849.4172696428511 363.33980141768535
915.3428262006828 960.620123892516
344.83588395777275 345.4556894000146
544.8128009947978 863.2969469261377
176.7979857841625 778.0560359887576
118.39774796962257 86.98336535835267
91.51202064455397 360.6251423532093
87.6508023634878 638.4880683286917
218.4872107859995 177.0591348382772
483.7165145086211 223.79449605168782
209.84737424145962 500.2012980440411
833.6768095827471 851.368273758004
57.43762414661694 50.294828627783595
876.721688960616 951.7103741813436
122.21890088282873 659.5308313318783
315.9950174361725 954.4212810006753
470.05329205106744 754.7174891042364
176.58232449019118 556.1487256966883
715.9661034708029 257.10210922932225
771.3006363490265 850.8217797512343
771.1073200810632 959.5100835771273
750.4482781875673 712.387875472974
538.5119140805444 520.5144178084231
707.4646975491966 523.0095529550016
62.00125440485287 319.2112985804845
605.2352635868162 481.7118896607334
455.5427208869151 97.6013779726071
742.0043273333025 637.3221454541766
93.769315518524 581.2862762186314
745.933206647539 105.2953053281234
836.3425687358189 635.7872881992458
84.60608328156617 419.2096126352973
939.772743398092 429.4036052959697
422.8001797819918 910.9149587777446
404.0940251827486 377.866231215666
804.5400124172236 460.0884714586485
253.27690396019352 333.28699292258455
180.07485822671586 598.910966822315
178.18616940526067 76.34270712122444
562.3753102247083 757.9689553776625
716.9249084798486 790.4541319569412
199.05162847517155 461.1921183857504
362.42791216081537 442.45521466183834
