objects
556.0921815641308 409.0920404167606
250.6701106326693 238.85047627945318
976.8230261495582 664.0694847203528
753.0355488546797 432.6456536884773
452.4363577626481 729.3327074323403
366.04984845473047 872.2773293467934
201.7921241652566 858.2146802136962
80.28536899579244 594.8385476818412
757.9107258056913 45.44209116866867
416.97903317467035 163.8944213807236
749.5479253356897 810.5387518897153
205.04114408139705 117.16935839885501
214.8058018028797 30.79741432194986
585.4931803112778 864.3072164493947
406.86047615548154 825.674012401225
177.86059293689885 822.4657488312209
770.5917027664799 96.6152023604836
971.8469119719445 224.99249320235762
895.1526251443031 43.29608627914237
744.3544133173107 496.59460761243355
714.0822642480194 234.65175053292856
278.630458358708 753.83333401466
316.1354163056055 928.7126016309676
370.66955294589934 971.0739913939448
487.62925430903493 53.83790378367112
831.9011237843625 31.319059399052453
637.2067015193708 431.664814574277
175.49971245395164 503.538128991266
243.49420101046871 194.84815021732652
617.3025746325894 946.2352526929552
79.7998061227921 371.26784891811576
285.5669471116083 196.3066326260806
646.9066608592443 474.7317381135588
73.13917012388208 721.0883837738655
852.5711311342217 544.3945310968094
255.65853013407283 958.414092152429
376.3603855765869 54.51870028774522
439.680751946712 57.97207496623888
484.36365735508986 767.4077561430619
904.5441954745983 542.2289477182377
414.3907489295952 972.6319035162411
971.7755798417837 823.4436126264367
831.4801423470262 651.340184155463
783.5435907583204 269.86049591996596
340.07594473969385 417.9862465359032
688.9725136173706 912.1495767688598
90.71225606941557 321.043546261384
146.79927808128102 942.4735420789596
283.58500009465115 62.015362049780435
340.89511518736134 233.48923825176814
436.30891536143565 395.1063404114662
870.304117619137 894.482337338097
866.0437659341468 384.3088784210036
135.87213011112075 841.9908283902033
172.2829241763551 206.76807873443983
859.3059603804975 733.6406573391812
502.31991522908356 115.52612312467373
417.39277303322814 693.9232198405771
20.555010988868727 147.4868913069312
372.0535560841299 618.9805782469161
45.715044494118644 444.8123991468698
419.7558573015577 253.13007131850222
722.4491798414432 616.5107581813133
504.4485157169599 908.6697695003894
574.2285405837468 97.86607924661293
472.0233103312082 566.923586814111
956.9695400980123 57.16548021845057
829.1472375179129 771.3950454652252
552.3517567453197 569.4348898375694
120.58108496680117 774.1542807714892
648.7385543478867 823.1652486181118
69.97247564606228 170.52690621315998
746.8149614350633 548.4059260602671
971.0054241355496 701.9998516101241
84.51739191168562 417.5276494999028
37.44909038695525 482.4300228973925
515.7962492100513 714.3286096463311
930.9389616327852 406.7416511636786
928.6640610446593 336.47039051589644
19.495337564962508 890.0480220529225
822.4480950094835 830.8037382239739
956.277769203651 895.4295072335763
727.5258028433383 154.9744942461784
513.8292214157879 670.3774412544911
340.2738836309579 696.4475583081346
372.07194916191503 747.2810179207089
688.6461868558423 277.20669745187223
160.61408989387982 762.2837400553536
317.381522625078 360.4650248767328
119.46598600916144 211.1092085818431
915.8758831009625 143.5763699242026
233.67486889605956 479.80684828024346
910.8137609352909 904.6834936950767
640.2998500328748 148.37272996769863
171.56941955807338 331.81688006757116
896.6334912484621 861.4823148930191
607.876604342593 577.1065762671566
930.1668035176184 773.0087090098103
507.4048669449407 200.01927283144622
601.8951349181085 402.44789622941425
604.9655938670419 901.5804924445956
56.26795270715999 786.608652394919
441.568930623361 344.64501644648897
934.1526904671709 964.1622529049502
643.0933390892461 305.6647588044728
595.6351659780172 792.4559326841536
654.5999125865042 396.83469526224076
372.79529807677727 312.82818194773256
453.58723031703965 473.2236649036294
41.51179526648772 72.23958048006764
171.54220866567252 603.0801761927678
330.904773893243 325.3370007832442
40.64828184349134 970.392187636723
817.1976753937638 464.7514044991389
41.28911624075447 524.81894355799
292.68170985257905 899.820769148622
120.22921349129352 72.46357120618674
887.8040554795926 82.69535426366795
395.66222166049477 115.54407981895223
97.48740969165713 851.2010163451943
286.83712788989345 561.7248384918345
776.724992986913 903.3353737161539
382.3331212788197 188.75132098417495
23.943600366085736 694.0692429602021
89.66042176794986 678.4914641039476
205.85057726123466 284.9576876944198
274.8150250654922 677.5571333832725
629.9001956511241 622.7215393955282
650.712477017073 903.0926146266969
863.8494436358503 940.2570308394409
472.5334985665367 824.4400067307151
841.3491658735294 870.9836844818876
598.9242931757454 697.405977368878
223.6029379672757 155.96176618559613
944.9105477405586 302.60053396978304
253.19686752592295 913.7947830934487
580.3308943377964 345.88116511470815
886.5004528066423 269.24532499779144
231.84654702169888 314.08490980521293
296.96599639761 411.71073396456836
583.6918277474084 643.8738836255317
970.4206672937927 449.37215971993163
833.3863636955956 249.80771711278706
755.6864647795743 363.3816246207835
206.21446821601927 766.907686699717
769.217202047007 846.52199999944
716.3202977437494 972.460962190992
691.6133692087735 361.8772020461518
237.74623150969006 642.1902311717614
101.13600218348378 901.5383958038728
454.7504418518339 894.4099373020752
711.5226521564346 567.2162332695741
603.9201857121899 306.02362098245845
308.76761537493417 459.9457620146918
946.5298276837501 855.1273635444473
269.60174039674183 455.9846891294876
512.2822621884068 550.3827429986192
831.1601221675577 410.967155701343
257.32486331522233 129.10360822535344
62.47102652282831 919.0469073780837
868.1315713956817 776.6602375928956
757.3724567638319 298.3811358744295
571.9263694445158 271.2164606300027
502.0978423728181 158.08305745656241
528.9810437666528 376.58157252717575
922.6245108246599 620.6976007361544
558.2066577022172 772.8620839973851
142.67964370916118 144.19527469575647
879.3831159849055 632.8462574805067
499.3282356246611 608.1683909978209
570.2161397766207 26.875837917615065
453.2777020982294 286.545042313017
764.682692869388 175.4377502182741
522.9093462917233 70.61563363953076
503.49512152796893 345.01678676858006
