objects
467.46923393102423 658.3876270090137
265.29831724009847 670.2365089899379
313.73579046835613 486.26438284069695
724.7304573685776 896.2685835993127
868.9911862152551 262.9015725223094
99.59189209496162 618.7822348719144
68.46312530564724 838.9852593147756
552.9313525894271 810.2245861797443
143.31862524665337 946.4679917506112
556.8545123370899 614.5196861555587
774.5139760185475 814.8717035839267
688.8006082530218 391.13699633991706
828.9367408281364 929.9136229300962
713.955508048193 475.6857019132926
510.45019219571924 782.2267498212141
524.7637196210594 941.3584162337185
434.66132081917743 694.752055563911
59.74650528772436 676.5341139956724
243.80561984905808 254.1305525468141
105.98278131241224 388.7148855405384
107.16044232817013 43.590914589105736
181.33637048833796 361.5166884870563
503.3219885891551 53.076937425296336
295.6555212926327 434.46736822941705
673.9913545356014 208.13296469456787
541.8939391066305 761.194893997065
938.8895899784467 864.7537534010071
651.7897912567096 651.5597723153803
85.00547571236496 473.24622632930175
904.3728464262671 824.5726641058986
856.189095123955 135.02100802624236
182.498281153437 634.6173096535201
735.644856457629 185.1950336143406
231.10538718764403 579.9858874124081
427.65481174899105 522.4275987395973
619.6460854247899 673.4026184582295
366.03162220820593 785.6522107477207
700.5517165279555 793.7400363175873
292.3437143518188 632.3958731470221
795.8675409860667 287.09982574646665
504.94743483558284 651.7791495002867
133.51237738182684 857.1522548519313
615.9948292353904 133.80279365862367
773.2803718162451 901.7399390138975
742.8060056911443 575.5570524726279
355.9389568455687 142.32404075295256
181.48581268894685 781.9307236486083
781.2506635167325 944.0523053812187
241.97872593431583 781.9795777400177
161.32933746681724 157.38999543189664
938.340794827423 316.71826052333785
171.39184702533322 436.08934024526366
959.6806165717612 754.1556082700092
437.7690490081503 833.4570189646597
23.18095942928175 324.6437589308279
130.64883682227222 798.8138348319459
344.3597916873146 53.12716084486608
26.464475670681004 938.9454430777539
267.02285796603877 312.4854730615365
441.7342575009109 932.7608921357703
615.0836702041028 747.3563613841371
632.0381112844441 290.99951201305083
262.64026748324017 895.7730602216125
729.8209632081101 945.688957126442
725.3408504965588 667.8608482847418
45.42066587906129 93.60082263906641
841.6368918143246 453.8128790890315
179.48472354891751 958.5004722569188
212.96611151441778 805.4831990355258
464.5833029757743 246.5341597646758
646.8629971322634 529.4213313758712
652.138818724516 403.8511717019958
564.8439279055067 907.4779383149521
202.46149249150176 29.358077434609072
783.6020058233751 688.0913194973888
961.6141533859982 110.05573577011687
591.7813449556631 230.6840061947449
379.19596478338894 391.9589250422712
446.0471575858764 586.9649163414389
320.7146973999133 114.62543240263324
374.9005012322035 941.1161270958395
164.91442446131927 111.63693385255851
154.55489013781735 285.02436474556873
963.6839100844034 830.7837856903959
535.5039270434602 879.0801598131104
817.3789528760775 859.7060977566488
602.1162374418013 194.22850912407654
511.0162978414287 826.3759809101672
544.5811545758165 267.8301971752232
589.1158279543376 562.3057964849162
376.03045235044914 717.4055803241746
223.31032335078362 862.4113891675141
572.8729813522717 512.9585996563414
233.35578218403802 350.083604567489
947.9813264347837 665.144211303814
739.6803235766898 737.3227186754966
852.3354884088808 891.0773743871312
371.95119460290823 482.2236331374536
823.5189108187317 727.0132358253629
37.337528145197 757.2305873905516
910.8403968807602 405.1639331315553
684.1630558819973 259.69425296583046
89.26125454875285 153.47773459262734
191.00660756208222 692.6554443704001
694.6709306416357 173.52620815846058
696.875419374608 745.1978222207772
34.57645694643907 629.1989751337893
730.5612621756384 526.5822630706969
624.3406271565227 823.6784829502334
662.4864941495895 722.8058428798489
712.8985868740708 95.30231396567908
671.1037470666383 956.1302317686899
664.3191115991274 824.0415513199018
212.31498293400853 290.2092786375853
77.6511979178102 766.3108520017541
420.1407931760611 293.73863169119477
898.3303397306225 568.5830152356187
90.91190629462939 550.7811608748417
876.2111107001515 939.3255168447927
532.5462316595876 104.55542174318663
749.2217592157438 430.42033609526123
292.2286546640291 577.3444407367065
28.013540424862867 899.8578006279553
796.4893970085507 344.8704195634062
167.6762056130333 219.78683329560948
668.6422185513144 77.22747329811197
278.64140842990923 201.30992208174953
375.5737449596605 197.04733381976104
93.54016589661384 724.8958801920496
311.87698631263027 907.0354371568992
126.84676206054304 648.2576762222765
479.7829684281933 111.80720299677469
898.5946837983245 305.9553477119961
401.7900729150167 110.5999402645612
316.61495149402543 355.3742461480214
156.4777738423008 34.49418971010891
587.2523262682846 158.41439132633985
895.9772545071058 731.715640821819
741.4402022414482 39.0946540591114
792.10348022753 462.6063740827486
439.6381376447927 470.37524427215374
460.41536777492917 402.91989998868144
41.78249148965736 546.5745544661661
574.4800219367885 725.817381653389
333.779658794048 955.0798808165166
505.62108173517254 506.1792140658021
409.2209299922877 910.5756878229245
249.69138288705543 124.77156277607673
170.0488637329195 563.7472472814902
317.03981569912685 859.0569273757085
830.2266794893306 498.49143011008283
116.13459347974208 687.5295019556448
744.6854270230214 248.25058924063822
101.73519665788378 100.91732368806409
503.52561877431117 366.449448065208
705.9666541546177 336.81286769796515
676.0407951151157 576.2173653937411
813.8424230330766 593.2294604804838
886.6148773159608 433.6452480756597
880.4687166328918 100.12792198720906
281.23855685508994 81.00072843005997
673.5426471655171 879.4125364528867
624.6427097706934 22.708140210490612
649.6158355114518 913.6743833990997
218.8625528326701 955.3879884403777
812.4635476367168 40.325382520312175
741.2985720813708 851.4538089949258
405.8143526544777 423.6024655169988
578.1412300767739 41.48341408290585
548.2564251439793 557.0135676435631
508.9036170962843 284.9565933438541
839.7641780565468 198.10373300911354
539.8616313723666 394.3588857792328
631.8188966064102 570.7925394074907
347.2994981777262 563.4422635023092
