objects
718.026569800163 442.3171239066928
496.9405093675622 486.0831728598867
874.0305736963738 731.9551010761007
901.5829174394786 547.6196501639457
294.69496563051916 832.9286034292743
842.0911695225985 173.16103841819643
633.7587611239977 302.705021966348
109.51126320004545 316.48609839847774
917.414645557019 898.7756658667658
257.8261391758268 86.75453467938517
948.7711363845401 352.908277605868
464.01926385232446 663.6032559638005
832.2557372289664 79.41098806612281
444.75552890768626 140.86213832055037
819.8714399761092 804.2957355852858
442.14578537711145 584.4625758056181
337.72291135574505 335.883911488599
274.66807195020954 575.2698845984706
819.1672927224456 126.62322361302428
381.0803434330975 870.2395906381872
218.1906096131375 863.5652577391775
691.3076368857786 185.50587336836557
971.1610079153959 247.75277798321065
919.5402799832998 34.96365943597881
610.953426700873 403.65916437884573
412.4555844457267 454.1198759053883
755.6903263853765 615.2606619085233
963.7230789390529 829.7135795545103
168.01799555869746 767.9165948311936
445.84060755270326 344.1465969908299
83.60951144992215 89.14650785314387
423.4432265400603 900.9084341497968
734.2333185833921 668.5024890175932
825.5814131374888 289.12247764255824
366.2181189743666 226.1412163924751
288.960380248194 729.7112008248897
338.74846886221155 809.632706981729
207.27603092567156 385.39592945601066
361.02954546733787 671.6762595120741
379.2412274535562 516.4463496521329
385.8889785567386 329.0332466601014
656.9340460349906 530.9961209236005
901.8720281924041 300.8587892635572
101.48127184452838 385.01730422117265
834.8859264301443 224.99187918304312
204.05939054767248 679.9884451940853
274.77551863804365 473.51631311359165
148.929127512988 461.07913843407414
288.59028229150965 39.55843320466237
873.7974297859558 420.52808450994917
40.13495119422461 24.657892619956023
61.13176785686389 301.0819678381618
881.6289365709881 936.4048251314426
510.54870643814553 203.72274070648453
696.0475742078972 797.268534061501
974.1904129413352 573.6244787748795
119.64666696781524 248.95084235778933
952.7438547573006 719.120349098806
73.67942995912763 210.58498481122606
407.40954235459526 272.63391743389633
648.9065839374069 232.01845432224425
227.16273188383744 453.85159752872335
693.8353048289558 363.04885077409176
699.0563821238663 283.70055713002756
668.6651313033176 66.08946285758697
220.39959428623771 761.4861162069041
526.4241202568237 590.8232735750936
377.7237978283921 959.9021149480213
960.0004164959385 155.28836852125903
34.335871049571466 431.503531060924
218.0126833913374 956.0587182808146
206.46181520423508 86.3657270513234
280.27160048630327 339.0967717807289
575.0221027525788 755.1597392131646
26.254420944469103 597.6766450959555
47.2644790218487 362.95636280079594
155.6142480517701 961.3188944221527
717.2219182798236 124.31126672076094
518.4160308334752 814.6255759703721
439.36269571517073 784.9720491977513
757.479557585205 394.67866153226214
747.5436155997878 315.91778014456116
247.22455494869436 822.3142327700642
740.7153748127256 755.2964504697676
224.75869690302582 178.2092856427608
579.2596000830281 941.2584373824637
611.2801136981499 617.1728028508173
334.09972765977454 78.46514214976229
640.9081877567754 902.0370569104585
108.05415139967663 499.70798712462675
477.769903564452 884.398931264859
374.35740315895777 47.332108064774246
532.5051360214569 641.2419632080891
597.5547680657355 242.23467023458528
163.94426524657385 625.6913378606879
544.1730613861034 261.83665826521906
570.9591422947865 684.2128855643377
498.96595827810575 136.68934446451712
514.3550198678822 948.1402972676084
494.51624207347663 394.716836664494
729.8746146053354 887.7962135008876
32.58817145930995 821.808157312905
640.6759994125988 968.5194107117121
71.00259600641984 754.3422842490941
945.0092020347283 780.9897855175639
391.1564251929777 725.1371178087726
319.59850728441097 408.81900201714
154.74948741177636 891.2866738227085
617.9549561051384 821.8503720394049
329.88103041676374 468.21844285400846
318.98006015033917 267.3035414553444
302.970957836719 963.8804178386983
804.0987106952233 960.3824580929032
806.754232630914 685.649524836916
758.4154383744219 469.737646560913
66.47350602442731 877.5963557960574
564.0049357317384 827.5844892023878
196.5792652632905 259.42598957171316
692.8436636128978 602.978826137765
801.3150552185436 361.7741478661079
954.6620063439169 105.09043719889861
533.0548714155311 333.7694929878347
162.77971089104264 349.64655038930675
483.0035182284734 47.15347287902691
736.4742537928357 516.1183045040459
853.5239555662515 975.1501072646731
26.905081319638192 256.54122986657063
817.4895714188482 528.087765638606
86.8463578514223 582.9180940954652
914.9764419600446 489.98874276596666
27.505743749660237 497.731578068337
45.50260402680434 123.8454054003098
890.4142565729192 122.98977811024349
877.0722114871796 796.8313196916442
541.9691117530718 49.692022490686895
569.5743293740173 891.5561195630675
838.2403618087164 633.0157282937847
436.76805092693206 852.0640717112326
566.2830748525981 534.4411434837513
557.3891968616076 132.2863712942119
343.548634840521 581.8688369661597
857.6522451062684 342.03781893770434
183.17810633853207 152.6952773717808
225.80524909137182 42.12269521435489
158.30040213213664 713.7512574236084
534.0794316386291 423.07543820688966
300.1473234399162 148.62617651834665
286.0948577646674 778.307436797752
905.9611048043536 840.5209780724414
957.3747302692939 529.1226757964324
510.5014382812984 717.5472831645824
441.073943360029 189.29248979596818
631.3745440761489 132.9721801197405
100.19641324962501 920.7115124538559
294.98946227220597 677.9953357658826
619.2063202364238 694.8875284044937
464.06148742393214 436.46276270724053
601.3803520103878 350.2626572280184
100.6290057118351 167.96036089724385
381.6508732289299 127.7589352661639
