objects
859.4257665064143 32.35676344945045
252.22833646805265 258.74955200828475
121.73228936321289 728.1227272723038
957.8916003938618 779.2100591076369
867.9955484396212 444.4995478511331
673.2521675767882 28.978896556858224
210.13627881090633 554.3178659679281
358.3787296013658 116.1358174142757
441.2755478370209 280.22809609068054
889.8369068171602 88.7456938082602
491.43567748727577 587.4658864323646
175.19221600587812 132.03944259518653
525.5694283517522 671.1363119176925
358.1508821504873 165.1702996061243
950.057496576548 535.3717687570335
509.23250997090196 880.5197688977992
618.6252313664316 732.9424094226804
735.3472775731163 793.2895932912683
815.5545994311954 935.2204579620088
763.7782256876828 580.7631705533188
264.1282089813781 793.1144039102817
391.58949129500763 930.2544318381805
62.475018558027 485.4925845514607
744.9502303674531 327.21790223899103
668.0732908697563 899.1934013542804
420.9980999455128 188.88908302281544
775.0131581843855 489.40784748641033
302.5677861615474 88.6709172052371
118.05824507348913 651.7437155259954
610.5267440467413 411.8019228941066
105.64592540011178 41.62037725719614
890.0414459856992 556.695434319753
886.4690058763308 950.4120469510738
553.6094337823786 184.5183735895308
483.84812587282636 784.233752469369
55.792950728510604 324.6662319982331
180.5328206389091 952.5402381394596
224.47557579732617 54.78811883114716
427.5900052168523 671.9545818097992
686.9776948774212 659.2752881332498
812.4681918939277 319.7079249436373
202.21906865234646 884.1660453812696
533.1044486552149 327.23550581500166
748.5972246011856 668.3940251498487
264.0726200201029 360.2915144909749
504.6936789927595 730.1075079337403
497.132124790386 117.3392531965192
313.1890427296127 390.37401867326696
346.9781451446212 593.4150434685923
293.9838584771335 506.62112572405437
201.3413618770503 762.9763774138008
951.8373520614491 34.105421274509105
411.3460911707044 77.92285319210137
150.14160948402215 253.6281185342203
809.6406808271347 449.9419786051487
285.5697266503811 914.5449001831036
239.12597287104867 684.5017174668138
656.5165089784365 286.53904071108127
889.7882978369216 882.6527322642611
552.2770698932794 415.6915821546641
469.14019044683545 455.2495223304428
955.6301927593096 653.7693687754394
588.0269082900977 317.6758907851834
917.5749543233691 206.91578549397252
960.7853286086705 932.9077614248673
839.2933537757226 849.9883803540226
604.8382674146283 154.94523085218484
37.36265725374235 390.63647440844545
803.869852723451 48.5066959368243
40.22014459151653 646.8089596584351
492.39727571150564 179.61963562232793
528.1447113729679 809.233656934196
972.5497488670593 177.3797445411784
223.12558599144424 629.7609651840421
906.9479355804701 678.9216732544813
263.2141045249287 121.97677096117675
847.3418582649657 144.14672025088225
658.0269122145768 519.0252614251717
178.11404144056684 684.919730308974
803.5040665460981 184.14393230364578
382.74991655708516 469.63318176296883
679.6244436895983 752.0855435670153
430.6981233986385 866.850628087329
176.02276684273056 813.7775195332309
501.599761358391 59.95931074153938
671.0974184572639 202.38833987910223
716.3553810738142 91.66060650546089
825.3840323809019 620.5930905234701
609.0085272406008 56.50370130793998
128.6490444637372 101.24737656066924
117.75810970709784 935.2452951024546
67.24712530610927 890.0361402930174
710.1064977420402 161.1149477511878
115.4602260787588 571.4340152985545
953.3596217649865 868.2269976414982
345.73330228896975 872.8551092813016
24.86740954761677 857.4457169635076
431.466173717688 799.2500227831077
825.076374486621 395.4844830364617
581.2087432949345 459.8386339216858
855.9431664723768 243.51852694861506
70.2927629741408 839.6987017055541
596.6129599234808 105.20852099770204
460.7856533721416 706.0358138983565
798.7113035287452 127.09357523150054
29.297535211533642 595.1918989313677
379.5273976674761 645.4870567161389
840.1706166862333 85.3077081007806
204.51915341872171 399.56482141520434
390.9310205343735 414.5533467321372
624.0554063901981 938.7693447632942
766.3900883330836 723.0461585432714
646.3120639709788 586.7858320100596
965.4141928790896 409.4182600278602
550.3397101143075 128.3625052464683
379.4519892931101 248.45937387463803
692.1615102970179 343.17206853232904
432.6815521278471 369.35495990416
750.0530158729114 419.314826858285
658.3687199914311 814.4410185015975
908.0427956617565 482.7315711347346
164.57057747262726 625.6099934100032
929.5493606053942 146.0898501387804
271.13941295201425 965.7344287025933
25.192990564423074 971.4337706659333
710.3094526090212 501.440604970728
425.394386947306 609.4380629781978
26.643253176775744 921.8818422233859
273.5313205031548 644.9553839339256
861.1173061967556 496.59753601067916
167.94676860860002 186.06199912531142
588.6707152487656 233.85609091666615
727.1363504608166 946.7678306907825
551.2316740705062 39.13873610718243
660.7217075512074 138.76835252369125
814.0608655261999 269.37679667623104
56.97563178802524 725.7482216667829
415.53331552993745 521.7815472153733
685.314083062251 455.8370182533098
744.8032095299143 212.07013753040857
348.6334718071076 756.4641916146211
955.9296421556965 344.5148678145736
59.875327192149015 92.58134394945468
702.203151088289 563.0094673750341
334.3544643122307 661.339429168919
363.9776844170097 317.7631650498678
529.9852635889207 523.2657681886468
129.69315925443985 523.9862104276314
105.79301677241153 354.97072927493986
899.9014377608441 628.2003393259648
371.6191914188491 703.7412006718334
97.5658169908937 799.687779560065
721.8366394177536 894.5973648594812
341.5031996647196 945.0249565200918
248.8749675781689 853.1438001933457
924.1330239729291 291.4358674523671
152.24412307451263 771.1627249242011
912.6697365013014 825.975469351815
573.3957684744626 622.9628226199391
308.3272733225625 819.5801525571708
