objects
899.1027765897255 853.8930999373188
954.5225551692163 831.8670135418984
163.85069306314136 783.1428203530357
505.91189346837007 703.5410697362514
733.208164867396 757.3223741583603
267.39243525914117 268.5354195485981
253.75182086147854 786.1744620681525
370.14692544530726 243.80246961895978
44.88225572995195 900.4786123137153
426.4412334210874 429.3838536456697
180.2080377022968 500.1824488240965
373.51303529656303 632.5613125759204
65.84841944355007 400.0834831198878
98.58262932554165 741.4312634323973
512.1848154117724 164.1653197013265
232.48296747125335 867.3457089344507
177.90158600436675 383.76216678462544
57.900608216100295 600.5622119654421
631.795290108736 813.8911760296875
589.3275804098832 188.00135827950027
194.98572774314965 579.0090058525248
484.71724171508123 519.5841694149304
655.9069611398014 949.0375146429444
137.37116289277543 411.7540157402793
856.6105560447223 812.0718940545923
707.9716028790145 810.3081532838779
768.9611438219528 101.53406887337174
272.6201320019346 41.165788511910705
481.0691825706878 621.6216812092442
748.3190000134604 459.70684345563086
318.227468600451 184.93158630048652
565.2079603940233 958.036275114124
651.0426676688206 162.65913906961748
791.4869400279821 550.688096958031
884.9933037279108 916.2165982732076
80.35670149631696 75.34196866424463
291.2823052900515 575.3246383990315
648.1423395716931 560.8418847960451
675.5543376382833 221.38970934631746
544.5465791407452 516.8332969026393
717.111531871389 362.53691520958336
795.5655928005272 271.57406786041633
624.183447586213 616.8889772717317
768.8205738541102 160.1559011541279
888.8689618618166 319.54584291406167
971.9409176455463 244.51789720758777
550.5109864632477 461.1813860497575
285.8840677806201 628.3373532014692
959.6324513371926 511.82602053977087
388.76224117835216 361.8602847851612
320.6019378880501 787.7560774007437
788.8765455703282 616.9528135561434
542.4978151213265 353.95349889677425
155.88209890807792 456.59066678869567
232.32772881888306 400.1889070729302
522.0551826472598 761.0256072867676
75.37043546639856 480.97069126515873
546.0999191348728 234.31528588510372
141.66260119792253 880.7703363062082
648.6959075456174 763.3781576868275
166.94494173080633 203.46586979065148
951.2239390328702 188.29396951643648
855.5184907746763 237.5267392470319
213.91419491311035 813.6415945827965
456.2684241498711 266.17666172902085
826.0985560566297 141.2685622813162
962.0411057736842 451.02278458162334
98.23920190222448 320.82837923371454
373.65635458589423 951.2883527995172
346.89796998131897 844.1975055189888
600.6273155490983 464.6277407708662
747.5394529261077 930.9721920193906
324.48998899250955 387.067075075035
781.691194822443 373.7052943402391
787.3477692125348 888.0469594639676
549.9642882833965 90.81950166507647
849.5723148357781 465.7294346773012
77.90555772841263 530.7099928107946
447.0708504864564 53.80741373273912
968.2557992025587 316.98546384105833
478.4374957862308 913.7380134994955
167.39055430202814 944.0103390482886
264.65122437559575 163.4510907239096
908.9633133364166 35.52808813919198
434.67383020613335 124.31336662247988
455.63701149115786 205.13796163702187
865.1401088403628 604.1679090347536
300.87849630155404 691.0508006555262
156.59916829960875 27.958802059437232
434.75572523647287 742.8612555860819
464.77771649685474 569.7293468077077
648.420862839074 441.3527028608739
681.8120922383437 603.881993308313
687.9957730724516 312.43846612447567
495.2203231481826 815.132074610412
102.93110827625397 912.5706705828621
395.4638776852956 202.2001059621209
41.29840015980376 649.8501833893819
866.6314573408587 510.4743903737702
803.94385832532 746.1141224163784
578.3129673497666 569.3105941627176
400.4744411826976 507.1568303960301
296.3852322968757 862.5539191646928
810.5903601270268 328.8033481068917
164.54905769798333 664.3809443988274
217.97384021935278 143.49860260391674
105.13022934591027 688.2848507153285
393.1746534687176 819.4695059862232
491.18103879902657 369.49932116447525
821.7749528927933 51.97276144669094
642.785133892126 41.704494019796826
78.2607628873659 124.51220687744342
546.4672756453842 38.10337312386801
907.2097347296938 546.9957842744877
603.8522426095317 410.42020677729977
902.930803376911 411.6879698693444
170.3001657846315 712.0049348333632
379.1524357998115 901.4695747637011
372.3070245306762 455.0654372631701
970.7172137434649 881.8174148577671
216.75658431730116 690.8964999908986
667.8042026686194 902.0935176189522
460.404848228548 676.695161887937
375.6688322549444 707.1278130837204
551.749327729351 803.0917496447939
727.9921077938775 127.92710230664517
285.008609031258 748.437779297998
33.071246784199694 963.2383673014416
426.10431995267885 954.0888726996143
867.7989889838398 184.39562937581164
32.385970018406255 716.3715375035109
884.6139880857297 715.4376331464036
892.8100041687863 89.0692897826622
369.42843807908986 156.4533438034267
933.8921332027256 281.07577473187285
691.9675176633579 689.7131315635912
114.36221036762309 964.4122269190929
558.5408037442706 903.3543451207099
730.5121248164344 641.894746826667
33.594173863639035 787.8942113464791
558.121245418648 618.2123035742705
313.60121127671204 311.2847131421365
973.3920933956917 570.1097109513264
513.2586559924928 429.6127023267527
973.5533305343777 965.5309574476694
412.3229215087178 297.4710199558399
231.944952034269 931.8582720605735
103.1715887396525 270.20030280110564
715.5575033816207 881.2593009820334
714.6148581336333 267.0346198628344
904.7093268520492 781.0527208753019
584.1755538476825 328.13708734361444
869.7353498078714 364.92347706571235
38.74503750751359 288.55445456238573
644.1296978780686 352.3763821485249
206.43846026639585 52.37400399254993
793.0357624005217 834.1021244742943
322.1463007577212 98.71050211833186
797.5277852345753 422.5081489580428
320.4398624658317 446.40533961097316
