objects
274.4537723179122 590.2433509083111
547.7879816536646 180.98442465197047
82.55818035896667 655.2356753505179
34.570497907996575 820.4303247081555
704.9076363934182 168.41490727823907
888.4955307349417 554.8457820439543
167.5733404200911 870.622104824541
699.7467568777811 702.9674486481687
924.3595940061022 647.262820802559
656.3870400164036 675.8439924479734
220.40400784090886 854.3775014693268
460.4481624487511 157.06456566813168
127.64554670441353 491.0495132449896
228.42096489616807 45.47221549238168
896.0073592379929 422.46304740937825
175.68264120603564 206.45262953769017
225.85585514213395 919.7823737334287
397.3325288542813 739.3340926643318
48.36581409282837 879.6799857446914
144.04212812863605 573.3791232432807
656.1809014681254 26.56729217950073
766.6354234273839 56.06975235546295
459.28924634706584 218.4507440758251
380.84888365032515 434.3684340196054
824.8599615569973 670.8342984135579
502.80522002147524 968.6077977674568
964.8778768282579 29.360893723070483
191.88099794948388 762.8554632756886
477.1405788167483 778.7283854809248
466.715726173213 831.4796006771677
215.9225111841744 286.0827145767753
797.0385282737358 623.9272109080707
200.21907276940377 336.7889304943575
852.5396310974935 843.4851429221587
278.4269369344837 221.55361846556744
125.57209415443346 816.4710011806665
735.6081679394092 547.2005491582622
612.3149399789305 438.3215783832221
361.69279135361023 241.13133770965317
258.94115555208384 498.5919298972965
485.29317173587873 461.57636295416785
841.4846788858615 259.3380048504001
709.9109854068158 246.86381597391772
838.5641200753374 573.0776436210667
860.4191928523268 178.421303990777
133.02075828257972 399.26945046477834
768.7051835074577 366.2368401417659
64.1855543854284 531.4635193765811
433.31878269159034 68.55675549531381
629.4615233508213 97.53276536758655
57.13174412608521 55.80193427222214
85.31551926564948 308.89247419432365
780.4297899172786 176.21859525296335
919.0873133144994 703.278120540411
662.1107662111938 606.6900652584213
823.7534935378453 470.2172881096552
825.1495771572734 899.7646722238234
415.36815625295037 789.8211503332514
753.9469867632283 839.2190075091451
767.5584282652882 484.7787125456333
848.599196573623 405.50204031957634
767.0186733592911 427.35534772220797
265.07200506333027 758.8910826926636
974.5591051780314 156.25257831919282
538.4205440066472 602.3737330025186
491.89773828080325 918.0531268777748
274.5699913012169 33.46641936588911
944.5305505142554 275.2895380559035
933.7257585020863 756.3985007892267
436.18787655715363 374.77943617296415
725.7770695018806 459.25121245532796
270.0556185371802 93.72427578584833
424.00730600385793 686.4920847839493
535.3137316783467 282.11927259371464
952.3376826792455 936.9754624029026
555.3648375291906 938.1495616487099
855.1524418489221 27.262568974091764
554.562295008533 834.278601663879
327.9037398646415 759.7265978811877
597.7939211619239 312.8255441783604
761.3025819855968 299.75484989966697
333.2872433504942 332.2468014126284
689.2467103591127 947.6760699714077
219.1226328882398 432.25047806124365
893.4756737873289 885.9319084241935
611.1462692062048 491.0667650824087
868.3788197215139 775.0329434404731
212.4755065877187 565.2821986555589
37.974867883622274 711.1208466633565
98.74966086441098 718.9209203894941
508.1386833026441 349.85203206429486
671.6209915956645 867.7094742744578
354.3446278483344 499.49601459396575
356.25853354193737 704.5698686627196
694.3319101533476 823.4258151805722
513.9839813260437 105.96992181580471
292.81290679852555 841.1348240595024
735.0165757150055 790.5543487748737
487.4395236535204 394.09722209551444
870.2478738352622 302.41690273786406
301.89628985928624 681.6820185479139
646.4107946651602 371.2854405833946
56.744876490731016 433.203925182694
720.9456255750564 386.90678107764427
697.6549070461962 512.5051656529757
611.9500451624915 219.68868500077912
543.4491072851823 711.4134431057377
652.5480492430825 299.23615466817205
326.3207069035148 164.28143533470566
460.1174521997419 593.6763788057266
770.1693782334149 944.362276137687
160.67890062884098 937.9340594039771
167.82398995473085 49.7294071391553
679.3247287171819 126.00828194755597
233.39223724502693 135.776823667323
883.7596907470235 83.9723563527012
800.9168916687207 231.88027589078817
226.44064932186987 669.798463591801
612.0494738230967 548.1770046688845
836.3381021497294 122.12911718434222
503.722405287513 663.4677107563782
800.3646320304695 794.0231994017672
407.8965021337164 484.6517267272785
287.04209797430445 457.62496124768444
368.6608115573628 620.0318782836586
417.0461512948759 534.9350046512186
833.6983135161981 524.7550927919427
183.75813290148443 100.46267220517399
441.42331480151404 282.0688201255285
100.06734072287593 124.35727590259543
914.6070760487821 341.53621609485015
26.724000194710673 929.8775423992361
145.13689402412632 706.2176095386332
108.86472157163757 230.32862332452527
651.81290577264 247.89854873353673
318.95244886941526 612.20153613444
347.4186330089772 43.770727382839596
943.2090311761692 601.0482366202372
699.0529696072929 752.0983366666374
937.1878534434695 94.31037119405939
786.0139427973078 577.7682252782416
37.38820146780077 371.0858760531816
926.5197855076609 811.7568413950589
404.04206376323276 902.4803321179801
534.3946478090394 766.3098856264565
354.51415658467033 959.3313433145272
946.9285165795632 207.27695091216134
923.4745318977086 143.28092823165912
52.543454618276066 581.0728997269429
734.9996015685751 653.9638570159238
562.1882599447101 526.935198395686
314.85158891755844 412.7430265785328
954.9914429502543 522.2640084872662
891.5481825970074 490.9847490069826
837.8442765462246 731.7995759705383
169.8989962941009 634.69737714185
263.89926536719906 377.3152214967858
964.851188669484 875.8138512206161
383.83881366063713 120.96300370700912
953.5859691396543 435.93906010159264
