objects
419.7977896771958 370.6005111643936
566.9191779470061 130.23641239242616
251.28633213293585 963.702216518827
286.9116439469522 720.7491908362092
256.04379054149194 485.1073356408538
172.16524502696623 357.9129256902821
25.384088191590106 719.0854098314574
848.413672346495 710.6485466677419
168.5916792417377 229.20137869076746
100.75952235636002 185.69686621721937
380.6746960969147 208.6524645146644
534.629157659562 420.28852137131975
917.6942373991576 39.87592695513737
140.59859684193842 28.14742114307614
575.8398917949118 717.8653156590584
306.72629321298155 606.0937469481803
427.2056382407903 183.19512301253377
873.6994421276621 915.0732440904633
510.417813061914 969.3242665879991
323.2463331198033 752.5412544304761
721.598454670402 507.6458901177901
765.4781132452044 329.95512632989903
230.9878802348765 290.00887265057565
615.4067303854856 810.8793828116426
785.5217422645197 521.3317531314866
908.1668181347607 771.1765997090498
570.9685396648824 558.0725748763268
404.54230097944884 912.6556443567403
503.00355724228626 827.8291958621843
651.1826713778858 244.6563771788091
542.0317582994192 272.6458872399901
195.36733717265489 708.2576527856233
225.10160659160456 113.46877884634011
315.12713772230103 380.50893032591847
152.90953082526343 503.7061378857395
747.4887950195395 90.89597891398896
250.66624934107142 645.9579722529247
631.2095968131372 644.4497862877729
334.5036467585542 647.6474827447627
662.1036742041542 326.7924047467609
870.2174053655975 179.24940247982047
968.2184495121113 201.14079781375395
313.96630582298224 918.9668146191153
893.2442480294756 338.88436961380904
248.26224141994723 63.3549307207865
624.8741492637763 189.3553427819721
696.2718443577598 869.5181678867117
33.51358984944455 586.167502189976
820.0776997923397 392.00177280950476
337.6387559033548 493.1454500596976
960.4196888234726 136.44721510062584
142.0863831238436 943.8997351346685
846.1061364005163 332.23607527661295
694.7674814293572 789.7768802376509
273.854741399158 836.1094784625274
101.17501541765076 80.44194493431807
145.63582784508387 156.13785757045832
797.2947940294027 444.7887095564314
329.63115423822416 804.0686544146254
487.81279544144763 769.3639872685253
38.77420743804316 805.0073750486874
158.70151748100056 867.9783951711372
44.50589810104252 351.65139163435515
211.2720243187643 551.9482971488658
246.49310314330057 337.87473878825773
79.45062368943135 391.56981691780356
677.6265743720252 57.776848324026744
52.665343907872014 114.2605029006584
938.6742563737121 968.7789810181953
869.0801243249299 58.57890618680287
676.6297477343726 164.18962016345586
398.3062168288587 799.8663084095953
512.50781971706 369.3569678218907
960.3774685668566 605.3828564090081
95.06573040637588 739.877635320887
472.07080528335837 523.5891950243812
774.7029140552249 894.9254360148084
456.15117423833266 883.8831198782256
294.4910347260606 534.435278629437
883.4070853773577 828.3995068412479
550.2867080587909 26.567286228557418
160.8138033569206 558.6175513588491
943.4284240885953 491.1903245459218
264.609420598674 181.88353183932483
94.60475753835637 503.52448884981266
626.3324097440528 488.0242946181875
38.876170747414776 892.0752302886825
884.9448521653571 414.56140872465926
742.1054333108412 667.331649974689
427.8849901070771 693.1736625006542
412.627173466454 462.18816884645236
48.38128531045349 967.1406618443198
847.316285164981 110.06538874681351
856.1120813549388 662.4334859645196
187.41343761414575 656.7936302133938
930.0609673084173 277.36345642979217
381.9823938452564 733.2821214407287
65.95535723287317 667.9301365712794
921.5061491830669 718.3480125696595
471.4839528286712 716.0583565723717
263.6214086873059 433.57467651942227
455.84550734840093 964.264346152261
969.9133335474593 396.48926515328645
351.07580255478825 151.67571297369287
681.4768899618286 936.8329686751977
928.263446507066 915.0652353343241
903.8120868088477 583.9549725930001
249.4357498811293 879.9809944395948
224.03390228250035 821.1531807111382
620.8038725969715 553.4946481164111
89.98714233030361 911.7844932008707
222.5976737427555 758.927738173401
294.8860885545002 318.52477838536447
875.7314961043988 252.14626805519148
522.9235501960729 876.6743479815522
532.1569976559939 683.2087825400672
416.55810327529537 281.45665564810514
110.25666431417388 433.75095907063707
780.2759746991467 696.9578453778878
150.72760068611518 106.88330410662527
588.9538596167412 602.5663617860795
572.2167904549225 649.2294143423126
573.1275668807135 328.9623219695206
27.02295612651554 41.817148876388096
787.3628959300623 839.0022355761508
706.6272918547822 418.86690817912006
790.2771401980178 586.8809339330236
511.08425063205283 168.91129356832096
479.98410306385585 286.4786502546045
916.7809293403752 867.9057564473333
918.9117586373466 111.2102663765338
863.0309165074862 490.9930699359386
70.89826446034257 272.91357350026965
667.589050938629 390.15789931287725
375.6021887042034 609.3029819906325
58.99465991864645 536.0036794849715
41.32185310263284 160.73972415011428
559.0140778754516 471.7322151968182
357.6726381073516 969.702877073923
401.6493945656523 414.9781441089824
813.3315759203434 250.76356320770768
671.2055955568727 693.4045675506236
744.979708094084 554.5092122759244
345.0795808778123 243.782770130202
469.21141340511144 78.22221639875943
515.9915007120525 575.4011329900001
25.93354213421132 252.3338955204659
449.466837302078 127.92438906512116
485.2411348550822 231.27469080910578
352.593128629297 45.46580270729241
676.2976783935623 618.7047598694672
789.6235638551941 785.0360600136435
618.6337509093325 361.2044534788473
358.3952465150468 550.9128914415481
601.0628663855769 42.58787447399087
599.2760548731039 416.528680273347
932.5250993141581 537.441392503018
477.8000677922814 335.2502917702587
963.0323901808889 349.1994251838257
901.0284626532418 633.173035596054
