objects
336.9629779588667 218.27730783411056
879.5867925412277 458.3594669024806
878.5326272736726 682.4617808618962
117.01491121283465 492.7243142852267
759.1432458210572 877.5058443001284
284.2070949506619 225.7973993017625
614.648397734846 959.2769960259888
270.2131772106788 607.7117878668978
118.56817843981122 644.229010584472
101.28076429651834 874.1746637184873
906.3726838380219 767.1740365440381
726.5834710062405 662.0507281800537
928.2155155156718 62.582902980720135
285.71843422203403 684.6831948112762
264.0354307061621 375.20347495806203
195.95822616036855 807.5948970598649
738.0772658001894 605.6210321985343
880.2420261455968 39.27735665666602
424.9664702379103 107.84405628023708
300.97366980080716 327.83060663318804
454.85947423384926 632.2342843039801
899.4040639398711 371.33171491604554
565.4166798428918 373.1637922018197
757.3882825073599 800.4321782158231
210.88544769633242 695.5543184471221
591.036189280864 856.540018410227
810.628141153088 481.3694139047373
523.5411605560741 962.0972785933138
893.9013217220626 910.1240738367427
574.7161979289093 457.68078402000583
221.4211847656344 238.73006314993648
587.99673742191 204.26675428847622
856.4684199595424 784.1314230178192
634.2981068073526 392.9596500401369
740.372910616981 31.298662388170136
397.9634093104908 959.3889523827154
941.2212734698255 345.9887408376597
532.0390506280495 680.9056254418646
615.165700093463 275.65176045680016
354.18313125406485 159.1837298048832
718.7774926099186 442.2567426748013
252.24020717707933 947.7283936343747
39.794060505079834 848.6507452455445
863.15310371391 164.96592011745946
283.00841148008374 155.68354113983108
938.4955714341237 121.16835575891784
705.2590019798455 735.7641631820617
420.73062328779224 164.62582043831955
542.6519157246682 74.73179633859131
660.7187624952459 33.512722728707665
812.0460982128135 29.160563246384914
106.18543247428155 784.6720460245973
300.76300445426364 763.6698575866868
75.19722291142686 87.5648602133253
803.5176228744717 951.561135516503
433.7501302803628 768.1296285911475
971.4189543536503 927.7909848396382
683.8535606340052 814.4302856123102
838.630165936122 72.07181267468218
162.25890240171486 604.5716459224005
90.31591622926679 449.73566022144314
226.52400897989418 179.1518173567677
182.22256838087142 493.7922560732769
535.6407238142984 531.7279891174421
197.2925962854414 285.3738310555709
591.3628668151888 564.2150072933059
765.6646385442959 265.0273347133009
310.7715356297675 33.60278616635816
225.19432997331467 649.9332063115584
563.054145839404 157.92689690742085
919.390357116174 828.5356000967107
250.7871400066919 541.8679266366637
700.3677712894975 386.2639740669767
216.34862509792228 394.7035477274805
521.2352633965804 846.3576635629001
70.3072715167834 338.33586754851746
144.4457672487018 695.0463657025188
314.4197325348337 382.3732418321604
48.40875830058681 594.5801942740844
361.90050528053814 645.0241471184213
970.0929935734597 227.1832916740856
341.42431510687607 580.7060204926802
643.1117403735881 444.88640711506423
419.0673052202423 559.8866882512614
645.7053003570211 598.7542027748367
578.2800210705645 809.7869977794077
499.45316795296094 418.4233344558672
581.1131816501419 701.7890359582733
627.7841465795759 154.5406327615022
801.7241364294424 603.8688905491194
241.06901040240854 771.1119435644492
888.7574907924721 960.5139377756044
864.1292906025362 569.808406258943
896.2825436043664 295.506378391089
112.88266668110857 207.78854485636015
439.1096303637099 873.0388597588808
64.08597093932951 506.7864119043316
627.8106332325005 753.6217606375209
434.2167455476685 456.4392751436247
27.25294396374953 950.7325633559548
727.4751068898233 933.135356169447
385.7953312494776 823.5424115651354
363.6898226106143 921.7969869000532
826.1910940822467 674.8847133034186
645.9196352354405 903.2025955423774
801.83398584756 423.8425289476125
664.833278074913 507.01361727975075
416.09449030051474 407.22536056353323
876.4520920118246 620.6333368818857
366.3536316829182 83.25799620678829
826.838142214111 245.13573688939027
111.14268706289424 549.3122671112847
659.4075506910818 655.924938521136
150.29662882784584 164.87030299820074
201.3836343750874 554.7805699643566
938.5970976924159 590.0301225077462
668.7013739260319 284.31083200704927
513.2055309691661 634.4399054294418
922.8600175935096 237.63836175737478
518.5911644198594 363.297067104037
514.4748998475391 151.37314211979844
162.6514348080094 237.64708220260715
776.3507802576049 737.0322269427096
343.6999052451351 971.0839579932294
114.77014739597664 31.448279269209596
376.5540464176373 734.5549004770645
176.05163498915425 886.9959704557707
589.8000957879531 37.42841172435101
260.08467272388253 832.6345096177885
380.8015620620773 479.03924119306055
314.55072643382863 878.939231293951
750.3581834744862 143.06559475873584
116.1843270911261 124.16523468123712
623.1667741305918 88.84962820307607
939.9035700835049 884.2018151605001
667.8694714756111 343.9928828897253
567.0032555047753 918.8275129659356
781.5518031830866 214.88971655683034
487.05822955838505 739.2860743941293
413.83960090935346 327.55555672772135
821.5214996809489 344.79409889091954
304.2125065086983 466.11821619303635
664.4553079460861 229.45811285797012
499.4203000780025 220.20455445504086
549.1977844011226 322.92940032655486
970.9901940632695 486.4790568383052
683.850784011042 159.0130213357864
248.9780311990025 94.22792713144959
465.9223745626336 286.52021591397175
487.37670059828514 516.7773731704829
350.2443464965498 291.77380719743144
169.86776997241424 746.944668478923
404.11449922660256 691.0676272887742
926.2624605266951 691.6036420150957
629.7204841255315 813.9467031085135
723.017291893752 294.9019750901046
961.5108556187299 406.93104749288864
757.2673125939873 975.4990818840708
467.7502293621473 34.189302687733814
149.99620320843025 458.8360607839962
