286.055 826.441
359.161 951.988
896.949 219.705
568.579 554.995
245.613 391.994
787.598 566.271
481.934 48.001
662.172 851.004
413.022 684.351
72.7122 150.478
620.716 646.443
421.823 257.801
790.999 846.3
681.795 559.807
896.97 738.162
566.303 114.244
431.081 362.86
519.378 678.876
465.163 951.991
791.136 951.995
269.843 47.7151
764.485 46.9866
184.692 479.129
257.936 252.211
107.674 831.093
294.745 150.752
451.374 844.841
331.586 328.459
896.932 450.36
375.925 48.0003
152.862 238.204
173.109 647.001
724.874 462.956
526.396 240.461
625.357 202.638
278.773 654.864
150.297 928.144
648.88 47.74
48.0096 253.844
220.316 743.288
556.03 450.115
827.845 131.966
806.589 395.429
707.257 136.22
650.446 748.194
72.2728 462.735
110.097 561.758
893.482 556.374
467.336 586.531
896.96 342.817
896.959 951.688
770.476 221.1
101.926 725.249
189.327 139.649
48.0112 951.996
283.907 516.442
348.676 432.531
48.0103 359.539
571.095 948.107
894.561 48.0403
361.486 588.57
467.832 152.107
636.083 380.634
48.0063 48.002
534.823 346.258
817.56 667.948
557.362 842.989
688.585 288.401
253.155 951.989
896.967 844.014
