331.751 118.02
894.753 736.823
584.749 791.633
698.881 153.878
762.362 712.937
803.76 170.112
517.721 48.02
896.649 842.796
488.396 290.678
85.2817 263.876
477.845 812.136
270.584 426.841
794.75 813.89
178.612 680.27
658.165 333.243
635.571 436.807
644.616 542.744
558.538 604.658
639.361 681.481
124.577 159.654
71.0314 835.981
283.974 693.914
451.643 626.904
724.273 613.268
373.385 947.985
403.421 736.372
480.221 524.821
147.829 578.807
810.279 49.793
190.596 251.81
382.938 301.399
896.471 458.558
411.71 48.1762
231.231 153.908
626.091 230.946
802.895 408.233
826.863 550.987
738.164 492.767
599.691 116.491
415.325 192.904
895.605 117.087
539.687 389.15
524.177 190.881
165.703 785.571
379.398 462.656
48.0059 944
826.868 303.875
479.35 951.438
690.927 792.061
585.38 951.402
241.342 528.746
895.668 223.103
268.013 845.546
376.098 842.01
271.121 320.795
51.6266 534.075
128.722 48.3095
896.722 630.759
78.577 724.794
172.271 891.395
164.534 426.175
236.075 48.0184
48.0122 368.689
896.57 949.11
311.846 222.757
267.287 951.559
523.508 705.093
362.813 567.358
733.258 254.149
703.939 48
