790.253 952.049
294.879 436.414
484.395 297.824
371.204 782.212
496.132 952
897.38 951.909
103.763 523.635
896.92 243.457
575.378 47.8518
620 464.235
469.378 47.8416
732.021 195.886
558.905 666.97
895.931 349.455
162.3 753.051
785.753 846.143
125.744 247.145
442.591 860.569
897.106 76.4538
684.713 380.285
281.478 951.998
48.0021 613.783
363.378 48.0199
464.635 562.076
265.338 777.935
570.555 558.009
874.95 453.359
836.598 641.441
387.692 951.581
194.421 166.029
654.918 622.055
48.0104 433.474
270.362 541.586
388.345 252.77
217.676 363.633
740.672 686.648
47.7053 322.392
793.44 385.553
372.373 509.423
411.421 142.769
572.262 369.161
397.676 404.939
355.199 615.523
164.397 48.604
751.463 578.291
311.333 179.979
148.337 647.975
827.893 747.69
48.0904 174.313
514.08 468.356
831.44 159.718
242.418 260.551
264.243 85.0127
59.1054 777.216
254.334 647.26
85.1078 911.21
894.479 845.949
521.182 141.721
568.754 874.793
193.91 892.209
734.352 473.681
319.474 333.307
472.736 728.336
592.913 771.525
677.781 75.23
797.109 279.55
697.797 787.235
193.407 467.068
659.079 277.105
643.137 951.98
