892.963 431.203
201.71 523.959
511.104 636.551
454.407 203.052
615.692 653.796
721.688 654.64
801.041 905.738
424.627 941.577
48.0266 697.407
725.48 145.817
896.723 707.782
588.375 243.897
276.231 748.734
293.002 470.09
716.109 291.436
254.933 951.593
124.019 201.465
680.969 433.851
563.34 544.21
668.269 559.301
649.152 757.81
545.271 736.893
896.415 952.006
85.6189 863.724
623.435 344.051
797.566 223.531
212.652 638.657
102.921 562.08
299.286 577.488
47.8185 373.207
619.529 142.597
677.795 48.5103
786.913 430.073
235.684 184.634
415.457 301.637
705.426 951.899
629.646 877.739
359.312 156.237
575.084 438.812
470.131 493.126
816.192 776.708
897.151 259.959
415.996 589.747
165.23 733.461
519.06 324.094
186.043 287.424
725.323 831.526
896.584 845.795
893.662 601.826
783.794 47.9791
286.002 79.6756
791.238 574.648
166.386 104.421
530.872 950.53
338.406 374.306
897.285 153.959
113.924 456.651
424.296 833.006
529.929 841.777
318.668 254.135
479.483 100.08
571.804 47.9948
815.766 328.072
439.517 728.13
60.5245 109.896
891.769 48.0602
349.414 672.226
387.159 48.0016
323.718 866.501
209.352 405.138
