objects
375.4396895712096 170.50059252427826
958.6929309780526 281.7531926599075
244.00194599994958 885.3752136634841
295.09080302592946 516.3670219175774
529.2894389330343 283.81616880732673
814.7241009140946 742.1028509551331
832.7696127236009 293.8992378898174
145.19240187163942 490.74597399447305
453.04969777016294 48.53417825689817
299.06037908779615 317.9883730617333
135.0121225738886 910.345777571935
455.82457271612327 645.8793049640482
102.8482194384324 473.74706021734517
612.4905449175485 835.4500522527326
317.3217017253193 962.8876236888342
818.4104395836692 23.02698828202319
803.6620522573578 318.6697525668757
480.1828891762177 906.0090456593322
862.352872220218 891.3581326278995
861.1147514830752 701.1921968192537
760.6192069520589 574.4307919901327
340.6352489313614 394.4377857618584
140.1949746381337 133.54833705858883
407.2983386204082 300.33836210399147
895.0577865421592 893.3587979775693
759.7796050094885 634.1281913704197
231.28567848917737 117.55585802131833
869.4962497485576 944.7798492131666
21.012661348739357 772.8912268290711
128.98169093688182 236.3806910302385
499.74767068929543 113.50251585380289
792.1791124904206 826.842511347165
296.15804481878746 889.3711858764065
719.0054802572748 49.26603409830279
381.37819489565567 735.1275890497789
451.00538738621094 181.75144447211707
919.4069078914658 253.30282632650764
31.504570323777187 726.054289634137
758.4183590260596 375.3027003658078
530.5836566864061 535.4272767641562
197.14048951257445 585.7897556267254
562.248879655531 832.4852426976465
418.522532836681 101.4498783170942
715.3536951942458 641.3105316770105
394.3531639784215 199.28884823153916
853.7003280514851 59.1910348151153
569.706972073673 802.5757175119862
699.725583264903 977.4656416990008
450.222645130846 709.5092136626147
359.7238024164275 101.16735910565795
240.30190760451043 232.9462669268568
342.490096711101 531.948396058904
118.23626632781932 630.9729775946722
768.6362864528588 882.8881397296794
412.8798492962941 715.6853638380031
686.9335116543307 229.04588853857564
944.4908101954628 814.3149040115536
352.6535592544807 951.4001736018464
89.5786375282684 723.1486644447837
645.1327884998991 978.5871236628318
587.414543470973 718.6500316200129
893.1008143031395 671.1813402809114
720.4213101258385 776.4055399498773
19.87773844112035 227.13079349903032
105.08888471677845 763.3458773576327
609.5003582497794 73.45111041752389
26.847823716694222 675.0025540888188
181.81675147888865 159.8992830153439
830.6497550448539 662.7488926002833
77.80892716390144 111.09672602395267
503.9165300444799 461.0357967003851
909.8770495739602 200.67626913230404
942.3904124874241 596.4995730488671
75.81271315784703 510.3489306773873
667.5956106968295 490.06758329806036
378.02248662247507 855.975392864538
53.012106026103275 188.09507007407794
204.31360096274932 93.12801580643047
914.873940574359 62.649177058954784
23.398211210550638 443.62659070699516
983.9603707924218 655.0774414454831
452.4617063445898 380.9469623639782
101.92583695448684 43.9542365883238
615.8291246009792 392.28096096440424
952.0192891806248 647.0974537988308
578.3996817890364 166.96767636524902
786.4864182428057 933.1596237754202
94.66508502677047 324.94546085827585
887.4556643977014 819.2870322372111
642.7985728678219 65.2487399872299
898.176404323997 133.37210276826238
800.2674733346904 394.3761124143184
529.8339822065616 480.80726860786814
614.3416031934211 762.3083336467736
192.86882224468596 862.4854149916057
860.6937296275253 855.4740074569072
294.08056614185494 38.14212227759738
714.5713723656802 743.0268480923614
201.81420581273971 498.8473302233671
959.2213193087666 778.8264522839218
264.8004447089565 95.49761642136875
377.5617268583628 344.3430011033644
565.4800223747744 437.693431558974
329.9830437691216 221.06305300627946
769.1456353366385 65.59213603390535
639.0075227377032 593.1877105249091
730.9179990054163 909.5408440968334
33.15686566818946 613.6010332870602
373.3165347358694 254.32917763133796
841.6177727399444 969.2429795717494
142.81207371872262 273.2657218071468
160.43506041809644 828.2090780474095
957.1617919878578 964.5538063016694
443.7689688681147 883.5121256131492
746.177727519022 499.91605943837055
954.4749797150816 916.2732359788325
440.155126578484 476.1450241591053
200.14748701520233 377.7284863913649
840.515812702149 588.7123909340679
830.5931291723805 365.5658023413045
598.44829140276 938.8033430691509
405.8069730145768 832.9057329011654
327.19706895933996 918.3608738974774
568.3173724289242 294.8245985348398
361.55168906789953 679.2957542137049
837.0581501972808 180.41216491868505
197.25627599648323 656.0760795680787
903.2474331036167 425.5841008900066
642.9970298426281 714.1636453271242
542.1297195178091 720.8088369975441
491.0934212951029 202.5407221886287
734.7136672164477 452.9864265493235
853.1927665229022 436.13660351377814
824.4701350894617 235.4327455592567
931.0095994223657 377.0787920157939
529.9642172740774 607.2698242766006
205.85376633486712 775.0161063741622
877.2580415216273 105.4437616272502
307.8267211979119 465.5004301092703
663.046360286106 106.00099581485863
832.931432778068 941.0918602853823
889.4707688873048 589.437441393678
732.280859819896 874.9652463437878
142.72577753458756 77.11875653931499
136.95002470623245 359.0782764096064
