objects
936.3568026990555 835.9383168205432
571.8410990027295 114.49359035852012
876.7210224277826 982.9733344522093
731.2995111403837 432.99802212691685
751.8164704111941 548.3651654909324
574.720252186024 563.528050990785
216.96182624306175 788.518677673483
538.6107411846532 906.8634482470188
43.83310397320056 881.0148841713592
182.02824882519104 385.6420727551062
710.660389295717 899.9506200965233
339.4298318253786 897.8973566465385
233.03710615105234 862.4834911816536
632.6067731624076 968.2098935443539
182.40560570197798 102.0206781994816
301.6308316859523 562.4765764202897
314.9466360377648 619.2274014589707
879.9337860293736 212.55065382653277
903.9077420388452 405.8959958039412
316.82342186737884 299.33057256619685
559.8725956215674 263.49933741549296
215.01931290182787 491.23465853482645
832.8821934473918 327.2908398784996
334.7828461968547 118.15529461316903
889.6266365040178 68.35271113655351
136.96540700481825 137.75563400867486
919.4026442509189 85.87968425185427
360.8068431659597 179.94503610902456
222.40791414471977 286.50499369254635
808.7845448783014 580.5462193146707
177.22197935438663 270.9682438287376
755.6881540340363 273.07213288184096
28.503146167356956 26.686027098732115
410.21110908309714 123.7669052752522
291.2695685562298 384.05291189106424
757.7393645195465 949.0116227965323
616.2149307616112 928.7357126706881
851.0995874802279 813.007930925037
261.0612119972056 424.2752974862784
499.5096747129413 476.30062311828425
273.8509864526424 713.6821288700914
90.24114973772055 527.6450091711728
167.11416890817625 147.1899524282611
93.8524721583185 884.7282030213656
679.7297722429819 824.6257365754672
34.589412179981245 233.30495437955238
75.4208117150318 463.2050399783167
452.3509912793563 577.7308840993122
79.09871313528562 821.8653049684146
551.3871964060199 38.57888983875515
488.5042200687747 64.96773312262175
350.91028827397145 768.5898129985477
742.8717907656413 622.3118814959894
184.57993960821057 68.93862334912065
548.7077712462952 437.1139735192761
348.0872401151703 692.8321483085799
431.8413255774977 729.8598019055842
983.425455165294 763.8699656752605
853.8858000767508 548.7509319632005
609.032106334543 509.9718530273502
635.8859436779653 31.475236560431455
813.5015645310993 131.34562822917428
635.6922366344262 585.2583406654168
99.42503717895482 271.36953209756877
833.4462629853425 506.3964821060787
642.3680093565997 552.730520559248
826.9585512748993 454.55972967088866
33.386850864665554 153.54912962325812
800.2794715405414 831.0154836216107
913.2139948960556 712.6820721053856
385.87947776450045 30.242578280244764
849.0985828674972 32.188025090115
78.40132815554217 580.309344119492
248.1747063774414 346.7866426291743
256.5404790152956 136.76533322729796
178.9528139091385 313.44587418141714
810.6185537632027 101.47611549667069
772.5973818849604 484.55635476173603
697.1184675980232 355.8046756067714
929.8413854262658 685.8139236980844
786.2394845201967 922.979596760304
101.49901273282 363.2862820255692
174.66436275127813 343.88380687289504
607.4364802816981 559.8751405818407
194.4714710469525 541.7841628891279
176.97496904647835 727.6464782888299
278.74548390718996 617.6673884863328
399.1454144032898 628.5977829870417
475.8769268952554 533.1254027442974
322.7447796925701 414.0984308899145
603.8937539335944 47.16353204884907
751.3597310205938 409.52706561469756
422.94673432159175 391.98148526792113
795.7118318510452 533.2443873939862
857.2109683305713 186.82448277133665
934.9988985304847 355.47515871216706
803.5184936074264 758.4634184852827
853.1186300047378 628.7367321078744
396.84274184642317 369.7698677459232
200.47894726906455 141.72826412219848
700.7859124600428 707.9427117676181
856.9747011256376 274.87603754946826
150.78655296591282 977.3565990787442
467.5674746078446 391.11878988882324
495.5674666692289 704.2199140720036
491.318807968228 934.03739221928
98.66004634578933 983.4626255300358
509.7755761038325 651.7232098768467
38.80275188303457 101.54819611736713
692.8954305825785 213.36314878919254
326.4439752503496 821.0963888360733
256.0832623398571 940.3657236962463
253.00611021781359 283.9060557805797
925.6390998941363 755.9580936429309
703.3702962580899 403.12014354408444
468.88579702442524 238.8121856209085
912.6561230598994 504.65716510112503
525.4964274916159 248.18890143246372
221.02198639058352 213.39133650807503
65.69672721673894 675.3617584428588
706.6191204736677 795.8135376221165
693.382164466154 609.8894798391905
636.6763692724979 381.22826064486054
274.4444040621776 780.3102861211916
343.94488940575906 566.3888983636559
388.3197611390706 957.3715397273982
225.78519412550872 157.66177229869606
663.8946086708369 879.7602825348525
734.0006788586708 55.307551444418074
627.9929017613858 222.31021605253383
781.7970602927336 247.5425332652761
353.48801406794666 927.3206150336553
278.5826752668461 450.6368687319951
34.473813697682274 775.1805245904418
134.55553211325397 458.24786590265126
719.6493977671092 757.0651452854657
100.98618485540538 29.00874484140983
376.6797735421774 317.87869355748495
92.936586007176 320.9575072986205
663.4695877674297 977.0678219916299
139.73346679329228 55.91445954011235
770.8001889874034 362.77892479288056
210.7455065644834 51.54356803325382
669.8955997903452 326.91186993434536
212.23102566553212 837.8380715980206
