objects
88.20301711085332 398.24217755096953
343.4749387696239 897.747682072281
93.35832472092822 15.559465828382995
515.8473693187021 959.982517996922
886.3212564522385 769.728434939178
845.291194771909 202.01947633086132
856.2530697734464 287.35559294247383
811.4505253698507 328.24603873908757
898.4522372795291 807.4618519799402
442.98912362617574 520.3378762438105
519.7310450880758 761.5158944999396
721.726430457533 83.5153621728961
182.82430054984061 290.8199911815811
299.4845561612544 750.4687352010544
468.7424759095659 212.3793670699052
293.66186160282183 843.0269916683759
856.9313622803026 497.3764674069173
590.9049691114302 120.044356913507
900.0891579729391 549.0335606644345
177.70064605846133 713.5350112383574
921.428639657074 622.4516147910034
983.0646763300529 816.8172539824387
978.900640657544 448.7720685534484
808.620811967959 746.6696370012103
899.2293189578585 328.56508387028396
921.6917249178645 440.36991135164806
418.1185028589665 659.3691865122253
450.49637119114993 129.51734176362095
113.97039113525507 718.5077144769616
572.9175761270436 644.5627764063423
305.2697340683618 345.6031786854555
594.4621444721021 559.0906321706866
233.98007338397676 197.5849063959513
241.31531191695333 315.76300199112455
497.23103963445163 798.3069590680255
606.0785523499276 847.9094176529719
957.873572369824 33.62439580131167
524.3085565639986 88.50236352374365
350.52991292390794 864.4561098257475
941.8467934642104 461.12146322799384
482.3489640203846 710.8492551502367
592.33036433339 195.8211219175597
250.80329282057448 404.2263151672333
736.4165295887109 422.22525349856573
588.116915528853 781.9650625987487
957.08930447452 127.37050168704734
952.719960182789 182.9690662074604
161.17863273158702 425.7456805832708
354.1735032529977 229.03637802274966
726.768879868645 480.715881459249
680.4406696783594 805.5520259692975
303.03571199914256 974.3584236680567
203.20942598602937 489.6998639721316
254.41796431326597 108.46560357436455
693.6425506018342 529.7744180401302
816.5858712786807 421.1526973736005
812.9001280416501 898.5460494353022
458.90390621238384 590.170894560214
462.46739720256215 743.9472745396631
752.7949825919306 246.0271128848934
675.1935058065383 957.8142672896312
737.97408041829 731.2640746953462
689.7228593563634 327.2693055204584
54.16963352861332 710.4632540541586
615.1484198533204 388.34167000770765
180.81699957130238 803.2025467187183
784.9572986290245 64.4297045858855
751.750272664912 30.112776185982888
786.4922645132413 199.83704986563234
432.1681455177175 175.75180894428235
750.7388482375683 354.3437163806679
429.45893599740015 30.405370324704847
89.65012888909546 957.0065928211748
706.0969134607897 617.7780842857557
203.33673770564624 625.5064284422895
712.4460575789702 195.5541726930208
268.9942950665493 788.5594835408988
408.992400407914 919.0029632850262
770.5289864851981 878.1429383584313
282.24790200182616 521.5021419182276
873.6900783956203 167.72711772414772
929.7777538734668 248.98293639922704
355.3099035548957 573.014700161727
333.29110516087513 961.2422244004297
373.3706125742332 392.9915514414574
531.2806825796894 443.74506160162423
199.88875717846054 117.70653460640297
700.9558529804176 127.6715207598509
90.77417218634548 866.3227671928418
741.5027357395585 292.467218392418
771.986642466748 676.8375552658804
27.302974570593634 816.9374214077953
577.915542222258 437.96843538393483
525.0716271674303 579.648999668761
136.00668171920896 159.3196218370116
972.6418622963272 206.52334180996127
416.31550381005604 691.9935056496003
126.59302744999889 645.6958720330969
635.4445098162598 120.27431755909578
542.8802263029199 215.46583547039234
43.97495237303075 161.7186691638962
692.7215114494259 858.2962986794338
330.95786132270916 930.6198454612029
367.03636894256726 811.10638080723
423.15716737314483 617.2054930414735
440.45272493073924 780.4353005111051
884.076761153529 476.1026861444425
60.27270030369189 287.87673950346624
886.8274001880613 397.4459146865007
62.177627131372745 78.68319950336745
765.7305213540353 109.79515337139485
501.44019364733117 146.1159917416905
382.24332667453524 360.90454552657593
634.5333433823139 27.28227659200583
403.1866389304366 447.67120953138937
454.0406569966564 317.66779923742246
378.47733749319383 273.85036347166283
427.02104316468717 76.83718332224494
200.8091316345215 872.1976982567267
449.4535556502818 236.91051023032466
789.1925509020834 128.27353174163653
330.3136930358784 828.3961414859793
162.79194477767186 458.6292405901261
676.3378558386489 450.4702684586581
109.19555559840704 251.45325305923404
71.29294322138624 650.172451537215
151.27202149037143 291.5422351101876
118.89692907806574 32.18394971911767
901.1361487555245 104.58460799499831
353.6631368612467 181.10828502406812
133.7466147643791 72.9293226289106
597.8249563679161 601.1591856183165
541.5475401493994 814.8247180383024
91.95716444328059 523.1243913151088
47.56128606897037 524.6286893722628
813.2923015500677 943.2162776381738
884.0672990559125 262.03879514272205
753.4441570874618 184.09668706057556
466.7410240791762 938.1318477263524
25.463709932441397 696.0951556515349
781.4481025036664 396.0440841991848
436.3633455679973 839.0181557953098
894.1825968522544 978.6008424064744
575.0865785590454 711.9177791773219
324.4622354780279 151.23854406454842
