objects
775.8533902540746 920.5280932395415
544.9413671310858 159.12173224687317
184.46153922365642 729.0787226763995
136.09638862242898 285.3319520993741
617.0204735687112 466.28118059973735
639.9582635833752 81.67254216176138
397.9226850300541 507.78649007627456
539.8137264052405 697.7673271263955
852.5189071248009 398.1436488419759
723.3773222307793 551.4267732153811
695.1803640562821 416.79263634218887
967.6681688051716 104.37232923639085
932.8286729400444 320.7586171350839
354.2902945939016 119.73511263155557
512.2456481049597 300.5043468532648
504.5383029244304 515.6951556326861
670.8816155556149 197.49607061276086
619.1136146061268 622.1427952717139
344.5088891756989 911.7259341312827
333.9540877362679 303.14173618112386
796.62527895058 73.58950677413792
329.3396257857532 715.0290680034941
971.1762920730756 272.0415512323162
242.31081412859575 183.68360682963893
750.6043502726926 741.254871516149
404.91258266012755 31.8917059300441
531.1806473390516 74.4055381384357
32.90968391692717 827.9533143335334
166.27223957708227 405.8100808031085
264.7249180905716 53.04563657651918
61.58697101022899 375.0496116704294
407.3125360240756 800.090332707387
826.2792394157574 741.9032827544197
888.2379251731088 967.9748087660918
676.7569936037331 302.0796081132617
420.5526964136444 292.05476482404737
223.55450099366485 439.6471314106957
89.2470131513184 225.07058437084302
337.3341514891461 791.4057038320582
798.5286847634732 262.637268138133
830.2695708015801 807.227550580131
123.43587165311189 971.1931557244586
91.3954250204732 646.2693692235166
926.4066108257135 927.1695726780135
743.3513203515291 374.6709420136887
467.14406517941643 470.09820509966073
659.710448416287 371.6142209156093
626.0416426396486 539.1538918442056
877.9419672919654 61.99830286518687
61.028688776898164 727.3150728648044
716.3754471783113 31.05134166368751
218.64405308929895 923.8509052361289
673.0731617333796 657.06066887684
207.4126962856928 84.32243728083563
177.06883127020492 242.50261227786442
505.8804772155335 812.7381200657351
58.760161693771366 91.86468974497576
587.0948179852085 390.61639968920304
315.5541268575876 545.1912186765676
455.4015833573024 594.0074560907256
258.06157140636395 500.1592829514223
207.99410316667112 332.42574132121786
709.3532720703768 138.270882139729
597.4423400816595 906.1519569904298
60.980701702998545 319.0378839298676
385.9635216322712 628.9296059381961
552.6716267374042 554.4932453330031
430.6134022777179 130.77704174608766
699.8975036211873 501.1455036382153
35.489840680342475 577.8829698819038
133.73553404038444 830.4361298422369
331.5229408189024 387.8259566638051
934.8599191631928 764.4829453283796
787.4571697940005 597.6449526582817
880.7015470072918 262.5358440972998
446.8000485679021 223.23676543715342
593.4766094558846 285.9202042594814
271.61899204065423 946.0447773516145
954.1418301158906 852.823345583679
143.46628561079538 151.8684460053936
273.2178185353906 807.4647347843568
870.3193541710255 856.4115673578369
381.6212030780194 964.0978839261132
806.0041656380556 351.1254311164018
485.25779256287456 113.06919170606092
331.3296578467368 213.96909828911626
831.470271468049 465.7303136110757
255.47551571019224 740.3565784339535
415.7610911850338 400.6038696785699
858.7959779452516 322.7331557225744
143.52162666228878 37.46835285357524
853.4179285952016 624.42439289632
958.9648558932794 43.51060108164515
971.8964230967347 604.8201176476156
259.2374666850056 124.6007081853377
521.5593905567558 431.40910907351264
753.7770411038614 307.14968258525636
381.18342131289427 247.59448136933372
494.42197561114097 736.8034096695038
287.0733972148334 262.5014088034783
828.1834590374064 197.89425032438726
663.1645539301635 972.2576398335619
724.2934219725219 961.073749108434
469.50516747221803 855.6603534997425
503.6749833694536 953.3680195259276
376.8673723853291 683.4921815009826
572.3429356524056 799.8560892574751
841.5298288120061 682.6764218653921
644.7040761926899 751.6223502145075
164.53286594424944 888.0116991926552
704.8455134946897 797.0023811300332
206.62127971551766 139.8564800019137
151.15597524703284 345.9116610172468
793.0965464049091 421.4549254521931
907.4155209829594 539.6744364866631
839.751139694304 521.0265955689476
764.43800865618 168.96125419244905
715.4814742108829 609.1395534401446
292.7889547538576 894.3625282069439
48.73723935618578 918.4741414427245
287.52114187016264 633.0105093878009
577.3180477833553 504.0163218746596
529.9391955810556 631.0313279299442
611.9363232225542 676.5468891607198
905.0680155576994 110.0506988624424
