objects
589.4968925961433 957.3603803136539
372.3361540990402 212.67252611089108
444.575384432963 546.4993112833671
930.9233705775388 591.4347364088585
945.377191586774 489.72535367980186
571.6982569569055 522.9401828098564
689.0201727554488 358.07543441043913
678.1562792956427 959.1796833837244
376.64332417640327 733.5851326429264
169.7753327456973 922.7694749489369
495.74220495366825 852.1949994724391
589.3353661782533 242.77787240692004
760.4882831214013 911.4479927821058
789.9063831065121 797.6931908941789
645.8152085578627 290.49256718768873
741.4607162940599 205.6934032124781
421.0250293119868 652.3378880544111
746.4134032307902 66.03977958712042
700.4433852145933 661.0934248132799
589.7809190280359 441.85700470034476
477.4181859098163 915.3972855395317
888.5043287143674 917.7519521478713
906.7480224908621 682.6752611332182
346.74447783353264 502.9304150801113
706.8620469370117 117.13003110070485
746.7115412780952 629.6265194305819
253.2005332062739 65.76135734733289
936.8809578538661 337.6639742155216
101.58170316962415 289.1717067305221
819.3830741212744 326.5543008386045
466.0271723305846 147.75697798965118
476.0113055019698 365.5390960371655
47.406518355423756 901.7390923503408
209.56413605303763 528.1358939303329
753.4956284645716 314.5353624184319
99.00087382614574 508.0664721459092
879.5539394033281 62.86990593198915
28.787182516088976 610.2177654418946
198.36329988522843 326.5808557052017
683.4453072895068 44.21711560356257
702.3886477233664 582.4028784878501
888.4603398954663 553.8524220458994
400.59579298256796 937.9527204818658
537.3933871956384 772.1934633760883
142.89997375339013 838.2977264731218
561.7029637832987 138.73051177486343
316.44044357367864 736.0904440624888
602.0330169024887 383.55774409590543
855.6477051994602 829.5616894688716
953.3257946726675 831.0120331090338
42.80727851257497 406.84573861340925
150.51761593611246 627.1488723446042
241.29377307922553 727.7562698015637
230.76573689296265 905.2075633446358
246.3352573294759 124.30956300398283
146.22998879830547 223.3187462090504
513.4462598296643 691.7475694394351
184.96866043424308 72.84885632295008
925.9098939096025 141.3549038662015
151.49866756632974 768.6014695438649
848.7586655365958 172.59604096558988
433.4414866447254 100.60723083960255
626.3909642092921 600.7942512476859
924.017738613417 416.91845970191804
249.0290415343641 438.70887093515563
807.6378364471326 430.42888277904086
321.5314616180905 390.3883955534042
445.4963300796452 227.80955711347747
351.8158183447671 44.8082387512118
909.9268475212716 864.766788150913
857.8544696224848 388.9872401483451
707.7323654666104 874.9422711902108
971.7624891998664 904.2796139145179
655.6592520635987 704.4085014370152
228.71731981489236 972.1810125000393
240.06798266623807 199.9826051245011
880.5635350654311 460.7870532579049
43.178268849539485 70.95107428781806
526.7980575785007 341.3318487888089
32.47189149678099 233.96815696859025
865.9357974305527 612.1844046565643
566.358151301443 879.1419530460678
83.76960566893187 790.5795226295801
589.0898641878398 690.0485011114607
697.5763656016528 512.7731112197081
824.191547853382 740.0441913168146
643.7737703638394 194.50495941004314
712.7963160172707 789.3374743533168
243.49802939834777 265.60823376464054
918.2484880664157 220.58583897651914
150.7462682189785 542.639562008816
415.29224747666973 376.1622055054564
522.9812526538549 92.04181363700455
315.3318018363542 619.176293698985
644.4552113188971 463.6993655732479
463.8950649592765 429.77830558355896
92.3742290394214 193.37983167586276
966.734995573037 282.4586857478686
819.5997517155793 544.7481884327732
32.08987735115063 505.14965118803735
44.987503377035495 680.089816782189
482.6092337420239 589.2044543024133
553.300015415449 38.76920566008722
261.9978969343199 809.077913289886
936.3270767297134 738.0562927178568
50.025940374099164 734.6883777039574
379.1084216023737 418.75348176590563
372.29860294166593 828.1480982324993
540.1299847607688 636.555545897606
432.50466526141 759.9740461741616
86.55994710877647 636.5479139111657
809.2534944493578 38.33272439654575
229.1737548745516 384.39054843908406
437.64593887983204 31.326950761461205
637.8842324023299 826.6129342607297
48.25306368427108 339.57145529253364
76.8015788013314 562.6664810901414
91.86098078557906 33.561724617761335
794.8226167834074 672.2177620552438
304.3859787821946 851.96497532162
640.509241855253 77.79417950506415
820.6854302870231 489.51971459971446
110.01136380219398 380.018445266258
96.81701129206093 935.3174970373875
943.6262148664144 958.6877756814208
