objects
311.7029854078335 572.1792072610065
534.5742160830083 645.9134036289907
265.98533987491584 121.89005401953503
222.84718427766944 613.2983329129436
309.5857392223932 877.3018854987843
630.722541223881 361.1711738175264
275.5908517372643 791.2331150293161
881.3638365397773 347.9376906450334
550.9168295409534 123.57653398911636
608.9379114660696 761.6634729686358
98.46714122653725 425.5527409046586
655.3543851704213 252.65468182614188
630.7253402569878 631.1766138701436
739.340428361915 324.06235650911486
923.8135839585387 821.3406653408501
425.32692386914374 773.0085216489286
745.207244273783 131.4005849119598
227.55129151591706 729.1050587878179
49.49466195543674 824.7226978234036
577.4298025985846 846.9396171843889
777.0103547722842 958.1474666480336
438.32540602586306 233.83780832367182
239.25063059060852 524.5832518953587
212.422891731765 190.56183654824838
163.8538559474954 299.1324377206701
47.71972528451856 322.3237403726419
129.54350779525026 597.3042795690686
953.5658335728805 604.3027070574052
734.1255803163816 404.7777666691854
284.96116248878764 466.1521228949779
750.5355393814673 859.7853334305353
632.6333227537233 130.53440913551555
803.5006199544704 710.5380304582283
40.341237261316806 161.8819625192653
793.8378618087582 492.1782322126462
932.9165699522498 233.54503263064368
119.00375969925237 951.4788854337356
858.6942537870208 155.4801923781083
173.77010881450167 828.639736075705
72.24755637914285 498.29545415988605
430.8079089799309 541.7181462171365
42.78410518136271 719.8522987513328
496.79381596559955 184.13006335604672
889.8002465320361 644.9635623055896
770.8003421849066 207.05052297205123
695.25679620971 697.2529346275479
476.62192927457056 457.5504658120468
959.4271605435086 956.033529777604
578.6207775420343 241.29783810967973
427.87007352944596 914.3659882444023
114.7893843346988 97.70714917659237
620.6058442103546 530.3917672831931
521.8810429011967 345.620845183518
311.74860810024643 724.9991831312299
269.68755656282366 387.93476037885233
832.9418589383275 404.98993224292684
189.4871382162948 388.59674329696156
661.0643144302712 48.18659108835559
444.1679888322129 376.96042516136407
842.9859005531401 842.2218109695604
347.7832583874399 943.7464150139256
186.10442749270294 116.50699693680416
689.9543951640502 779.1510433469776
538.9652564524337 920.3919140489121
379.4574874637783 118.79448999492656
364.7916327769808 430.83323824656605
944.2137603449642 465.3390175993954
294.74741387103006 317.60865266645084
912.7651389051034 747.7195809816366
539.0919874259091 521.4685325221805
