objects
850.8032959350194 137.48176881138446
180.71157815890984 784.3650999459273
593.1863502766256 505.8571795343551
527.239198813179 593.274840719858
750.8701039558208 587.7657832416345
548.9963954743662 54.08605941794592
950.1713938909371 491.9784493998444
564.836542262115 837.8504995735528
576.8203420810303 924.6165015646076
111.05255930631235 125.22058156399325
696.5061919496167 470.2727951079681
376.69586999970016 252.55223845192245
599.8886923662886 205.5105584572023
648.6524796416877 857.8239440464088
39.8026338817797 70.19393420813843
399.8291710955329 778.3218099467778
744.3667313915947 854.7069512611018
647.8926631113105 301.60082817182445
233.50811072617188 560.0849076726867
328.0386025185658 337.17306680747106
236.0314125656596 925.0575578563707
221.7115213921668 718.8229117817845
953.0548664004664 665.7851186544276
136.04432935401005 702.8796377550321
700.4246030721478 747.1054264773109
802.5374874113141 449.9266045193341
444.1574674879016 962.5825178028624
835.2841975083456 593.1086437803677
113.97446465552586 207.0876067686346
369.6002219477935 961.3668026010349
234.17263211455582 405.8149828760186
805.8223569200086 777.2654651156369
626.1043596677522 747.3151440976646
120.32318293995709 359.06259842691264
885.3732607256409 403.37331592581586
301.0025064643731 74.37035899555283
355.2054840010635 506.55432657267056
923.1809558514356 863.34924259412
533.9098790003686 269.21484850739097
568.3321637329674 345.09162919502955
289.6783221535388 754.7959621010557
347.6566419615748 611.3326133979728
184.2926106848318 461.4241208816329
944.8402222056365 200.9329301249066
729.7566217098396 285.9920475622002
280.5765582325188 493.49227990822345
504.0664472606947 159.87452801618667
462.70399675275945 236.9055390746031
250.8022585685855 313.7088956877647
740.4976285183311 201.53243765383405
881.4147656788385 47.47465537234804
781.1106771088291 380.5399314425787
768.840775048292 924.1912131911002
238.78428887182764 148.52479150825525
491.7204738293196 500.3807355050123
737.2400909896833 57.68221722678581
696.4553897712303 931.9511631485524
589.7413981744309 677.6334461664011
52.5910495004771 702.989905212301
436.32752267721054 638.7055241371137
810.9011565494148 693.2208029725058
962.4393887377228 779.3264610084809
58.26062116020974 954.656950914137
857.6670675217676 927.4989082712029
173.76057921746707 40.3924600788137
419.11546853437284 562.3082716161919
213.37342968915476 247.70212551575582
435.91843896255176 343.37825160454116
500.57508903753575 770.9485731414727
423.8388115227597 103.10837832194197
