objects
562.6328396866088 389.9951544428347
784.8630396254131 669.1996972197552
600.1953087466828 815.8904147741819
276.4490454864001 79.75785487637451
218.9008560809653 615.927713028739
109.19666003701053 463.96275076794484
470.0243730919304 157.25770727196004
777.6186667730111 292.756489880062
204.22960927735159 301.9978035656988
192.70290764338745 534.3681165066728
598.2938677549846 282.02338652784437
458.4002745469168 548.3183270887948
669.3129007607237 672.6351378806977
484.3655767551983 774.6612768233921
854.3681314078926 131.64093014330874
961.0059655986863 136.82757101530635
107.0139303930783 705.8356813209733
237.3533853954716 951.7459839353776
158.69441053231606 959.43328801831
961.8003349391954 800.1956046888051
360.2275640484152 856.2474451010866
383.8335609919796 596.303052916777
189.44907331525184 103.29658192156518
284.56500976401776 820.8425366307033
863.4163561124055 756.7988861884982
73.90098107983212 817.7990697815253
736.1033259602161 751.1897411172844
738.4822919276955 133.91008827031078
279.53931899175353 412.5056030699524
156.80539344058087 388.8294658475742
858.8541119432615 925.818865201568
459.1911533835424 464.1358162815052
804.6717555853796 869.6507038447455
863.4658234620165 525.2524463549648
127.26746843914233 892.0294590387194
368.53535696889514 725.5933903238316
920.5518096905577 214.74483198250874
276.79019614485526 659.0158799404916
698.5956568026743 412.6253430788149
578.6439356958224 144.20577453842998
145.38484852056246 624.215652714199
363.37952960854204 117.04910498355707
641.544520155167 573.7584775759572
514.6696465774407 92.9217895554854
79.8823347806551 169.92736319687873
671.4520735759443 909.6340951254275
827.3820173671221 384.2108939218244
461.5603288050556 272.25133483578344
828.1229027245294 50.41213638560956
619.2528766636035 450.6952893733773
443.286123762924 74.64368446634832
57.9750620516829 350.14558509009
355.20129887241245 203.59810722662246
431.347153958859 929.1499238870456
213.52766449067178 208.53656490463868
340.739754128128 346.8559961212873
544.6206296058483 593.8409827782988
561.1142918699455 705.4907619680466
675.26256002316 223.51018892454505
648.0300073158128 748.4282370103897
879.905188644508 840.8652375482717
123.2138723621117 74.71254211051775
754.9426633474993 926.2514039862912
863.6431824778995 636.3622617285255
605.8801805125687 61.48603401338001
229.89968261698198 714.4022423586193
303.9449536635424 276.842576054878
765.97132106179 495.95678690474483
42.502709402114384 927.758636111901
277.9410984530079 555.538823743879
