objects
844.6451615769422 304.7569719773565
637.3997093388543 309.9778096461922
363.5832453845136 352.1896479318958
381.554351790588 847.4596191803681
327.5821868297921 510.64977885354193
957.5475933632417 737.5295470169762
526.6153906746329 515.8650059979125
857.2736218223065 661.2613866345689
416.79820648373214 543.5364986667056
681.8315587500929 515.0744898319899
493.7342475137104 259.28028033954917
173.21452988029 295.13646238724317
913.0170872284174 527.05093644659
488.40400198627225 48.80722166650358
114.50347093502101 204.2262832862662
561.9630543731876 909.2628261423793
190.2706535438768 386.67861284864915
598.5093605670263 812.5121516722783
149.72700053954387 883.7049778201787
603.6827637193907 137.72391245519992
522.0051206023182 808.0350113051347
110.90047151969871 685.5919315869068
742.2501522966849 450.1236324525284
301.89470559109503 873.9351668770515
249.81351899960663 474.4023211753632
94.3628232765536 933.9508379262086
761.3838667053355 548.974435020614
114.79394454087034 561.3162662131023
319.8788010243841 714.9152830644086
908.428836620403 840.632270099202
932.3986421138073 356.52504701505745
751.8538349547813 896.2042377017768
461.11441114728615 434.71363728070344
477.30233612452594 889.5386654563569
695.9532534379554 194.51960545296595
342.3831862519822 253.7895006629979
406.0431844907068 765.9389773251349
256.86778593880535 248.13048203238503
165.93658419513844 770.9032497617242
84.26106234858777 397.00193545094635
753.5493346005637 38.1210055580415
246.52627020358915 766.735042048245
830.1712633957288 426.4095895558843
524.6089538683119 614.0601908098372
284.55122986880457 138.02052342059542
490.28304195870965 153.42936058414807
686.0698714750279 846.233461880669
536.9611596161258 429.62681221133397
202.383412648113 175.80699118103882
898.9331518934698 203.62849404936782
363.5597291817141 955.41498729427
359.2514256779062 174.66404684520666
387.20109492342 467.2804414773963
788.7164254670463 731.695436666047
651.6449206913818 414.33229434061576
612.0310893640177 657.8435722780545
583.8397827202509 237.35758679324402
456.47651576634814 357.7092689234665
290.7022429766101 947.1865787391633
380.8674314257647 86.07959732732724
661.6830513600546 758.5651013473156
939.604177869993 961.1976690303815
170.3448735267719 619.5913786514926
962.009821102632 590.6059079490599
871.5430915831915 78.25461821605595
245.1028819675634 676.8180926100513
129.96593065368592 486.05153447176383
461.9582449986296 719.8241895609747
397.2089948830935 684.6847318360026
823.9606707779783 932.6708100234912
