objects
747.7947843453351 730.8491313044652
747.7459381792827 220.0859778118657
708.9575991848213 480.66056587017323
347.5194392599464 92.97999373928292
860.3909387670762 701.3530106319625
126.29888782539466 416.5694342723726
667.4217005017958 844.1470409616292
241.79704885600745 959.9706329310676
305.48576352324477 284.73245081041
625.2079804859591 585.7118684136937
546.190742843949 382.9866204150519
634.6016185519845 388.53302654929587
409.5859459641585 236.47685752704444
278.22245698756615 753.8224946912668
157.65581609806878 585.2637471596249
595.87142478659 682.5802175995299
544.8155228713581 234.60825211365255
471.8935130072539 622.6162107596331
265.4462242143052 392.71356453534474
63.64039130018813 852.9818078922467
95.1247600379769 627.6325410070476
839.008984463944 102.00738774087324
814.1427212043715 635.5107981697922
810.4751008806888 923.36484809304
822.2318072756353 412.476972971005
197.96063804812002 651.5934710678623
632.7659736129559 492.3545137238197
216.35886295098857 499.27097523264365
310.1184945897003 515.9303896347548
936.5182825208335 185.80881629830668
260.02127648841 65.68792278381207
365.1884982016506 621.9012446985739
46.380355040290894 449.7539211962613
473.3748667591647 822.6348438662332
622.7751265169395 68.98643799639814
784.1156869071272 837.6796248021824
115.71294166300441 84.79415315464868
413.7635485057861 458.5440819697643
336.24479947979995 916.6556402377358
546.4575393539349 308.7317080722667
437.5356548707359 722.5570589560282
219.80665936589696 325.5920016317497
521.2792435314593 88.4571853461797
701.1643153860923 955.9241834409503
677.83427630693 146.99120717452908
669.786644112338 294.1653170219821
107.43604908088805 221.90731517692717
907.9415702709882 271.93394936247887
108.03524456862267 491.3233069133132
937.7732225894009 415.2144869867299
922.9453271040455 344.4750970423611
721.4193137007078 89.3264074718976
101.71198602046552 348.76923258085037
193.31208463633652 856.827132046762
900.3199867582906 781.4237446407411
955.5381453189871 66.88440332404295
697.5967241035139 641.9182253082377
473.44423729651857 932.775933709736
112.28162359639119 768.8546688725644
92.37718725314335 930.0812736781118
366.3354056742718 849.2142746684381
409.0704805034146 563.1602601057851
371.25884896751523 772.9490036764303
388.33180741077626 365.14924037086206
180.49023007279152 150.644329574454
619.1535536255827 751.7068568670866
579.6549568809372 936.5859787901956
956.5612373072129 909.7350148089373
482.798886134017 532.684989504341
913.9639832893597 489.01744407573443
