objects
541.554512056502 647.78511600206
365.4947041809475 253.32150693904026
184.48204170835965 437.7674395273287
867.6195127927076 851.5308820845624
927.5075163070452 810.0231724462279
61.14357685636964 155.95373349197968
245.58043000937653 573.401960329194
471.88572717723366 68.96840280802397
422.0207090374981 829.5710740545207
341.33004782550836 895.6560285419922
496.44626949270895 425.78273686011255
907.5854867241342 344.03756879954295
236.62108919880887 958.1567972017449
949.5385624446222 270.0461906810753
705.4475688154 917.9412771901726
819.865347230513 929.1515130179615
219.1998023309386 317.843064678304
128.58648709790776 691.5991345501154
827.4197445424713 492.08825445127604
713.6852874870175 775.7037153575397
38.83770319530334 730.2424356869602
576.0742010833243 293.5950176496949
319.4332398341282 749.4578686222168
901.2357417733078 419.26409493385796
568.029731041961 212.08708292669553
950.9238099330173 107.86277461173809
70.28990263742911 427.92891861006757
586.4875644908717 907.8782342153129
855.7005778439303 61.6387669843755
451.1865388221746 948.4998427708929
687.9120723250077 530.9576989001913
106.63734435159023 842.0736963374935
902.0706050908268 493.63344745158764
492.34597531955694 543.0096727860295
555.7493187814218 741.1319881313169
622.2791727625747 696.4143004238057
75.60762380290505 946.8718918515485
566.3229841602481 507.1524678754756
467.8980505403335 616.6465077260224
497.9097625314593 818.1709472309618
729.2921945705422 201.15465243253755
93.3756307501299 263.1331041293376
212.11919588149573 743.0105064879859
668.2878156818632 132.75200692036555
88.56629049337567 70.92779545037213
800.019051747872 253.14373600909494
923.9477268073631 657.8086160173569
783.2437311600164 725.4249692162816
478.38007729364904 277.3623665338011
199.05697996414506 246.78228210244055
715.7055410453355 352.65114301972955
260.4113143834728 174.06731358254586
403.1156977531928 418.07005056468813
753.8719688996758 583.6397915440562
954.8573303776196 919.8411440839145
861.7649812300601 168.37774261804503
231.8895238931729 879.9003543185819
294.8786468517117 355.91337187493434
352.57586027966175 679.1116432418811
648.406687473593 377.6753619586839
634.3611589848107 601.1492733529883
567.6635369500941 122.6411958444375
216.38540398292895 58.850306412302295
657.2631510337527 223.37146504489004
766.2119741753523 48.59928927981433
125.68801297666599 337.43068992609557
310.1068576332003 114.98415529519825
282.5266812278187 640.4393802879208
806.4274948526612 329.16756494003226
270.07740921413983 438.7486988875309
