objects
821.4922597253102 58.786991629138214
470.6747898358563 767.6641140450889
426.52998819183716 96.60618503062662
136.7517002128551 51.419975035054776
189.61659472215655 392.3014811003333
671.074136280314 444.47626267869754
131.49136193968673 644.9445895116686
945.779848297618 304.83742416300134
50.860583208778806 205.48654287764737
830.1806175100365 644.7322342361481
666.2319485992791 804.4898716589807
525.975438020904 631.5492360764724
361.06032296243825 603.6936837780747
247.7450616278433 730.3979978764404
596.9465252713173 839.4487908293014
714.8773294172174 60.8222607497934
194.8296455800807 183.76043563772174
357.27862598074967 739.0465787026765
136.37948561908274 923.9236135652997
931.5262009516167 953.5827953558212
574.818715939129 96.18076415895635
216.94079957339108 510.0308670939464
762.844902098428 365.2088756475935
707.7204687583494 929.3282141152971
206.23833965084168 809.2737007216665
497.7063132324677 38.34867174794922
766.9157144260103 463.4366345645858
380.9356426202798 194.4111760626311
104.0704053130048 135.85789593308073
628.5260708167497 569.702952340389
251.61614220748487 591.3386265782456
421.02879182552994 352.3241873399768
496.35151705461556 357.8896306932268
118.07731166421587 826.1741688575936
519.4742317409801 488.94430996715164
749.0913344001974 672.889296202583
48.36432177510399 548.5354621904838
903.0248553858542 608.0170077041792
946.0791307116788 839.599102736969
881.7220615677296 725.9472236990556
330.97300458540195 853.0140725231342
461.3583566440003 887.2955678523454
629.9190531273791 693.3444819397557
39.60279021989045 50.44040623569633
315.1085674791171 942.6659271093043
383.7702288791459 491.35747096583634
933.95021079656 386.8113012302687
718.0657575771678 537.6161668595385
554.0583445958935 308.3991608098266
900.7274046335798 148.97318115827017
587.1014613654341 234.36129267107964
669.0360219041747 367.8648705495136
260.7508822696713 222.55261746664974
86.2737062638151 740.7195772054666
901.1643579404963 44.41429009619432
838.85232879517 473.3741011481154
242.4840890137096 879.3355021645898
638.0344482724402 39.69756559372315
42.1568369647895 939.4075829865632
302.22056959538025 138.0964942242487
918.7140516995786 488.2475730676977
744.6698682754213 267.7669166436921
641.6716110059394 285.8304571546119
505.6419234122429 177.77274648519267
856.9259606050824 260.3308948941113
343.56666598171563 336.74259422239174
62.98049183435165 384.32865375594105
432.8267724337195 575.5011407310255
122.75988879767264 291.65860636356075
400.42449593719266 830.8864964554341
