objects
331.98205408983193 365.6059666757427
666.7336242520188 412.16211840982743
891.5356750298376 348.1087685365745
70.87642705160832 951.6374142158174
732.8135394957164 287.4701266288793
818.166468137072 360.14407468899526
130.41471257896785 461.5451743668918
97.00560820547022 544.1139709012831
429.9584743384673 429.07513961859894
891.6276017776005 866.6711716615383
955.1998992654968 763.6759558041574
829.1790630329226 720.4932476166349
897.3313642419553 443.0783777475041
557.622489871701 293.7067205954064
193.95918186871597 829.0785753556507
795.164557706145 128.61843020697856
140.73309575265256 737.1541838771711
653.1130357480619 889.9679674587314
502.0957446048749 628.338581077084
729.2362174714316 458.29486352484184
460.3795074835206 709.0935520314562
234.37480929352654 519.5919463413492
682.938941623092 638.7441736651757
617.9359375005221 688.5614568237909
63.5643914209556 85.19364351800891
459.003046161928 815.5630661113867
304.68493025366104 192.42436513075864
367.3557791610833 636.2523474097061
882.3960431279141 791.1635955381051
874.7667883826991 940.5640603289773
430.85241240174514 931.0955677406467
413.45551068664383 165.37629576948183
248.14214269670947 393.59424555852127
884.4227158096327 603.2718109341307
345.6091630199979 728.1431217978445
280.6182737435473 893.3275575157996
78.99581267501333 262.82413467002283
452.80062272573576 230.4149718814122
269.86960142366524 690.6557511305946
937.223709321306 524.2526736394003
536.3052621445312 950.8633822583104
886.5040511654403 122.72537579133866
184.6336560488961 235.7516648920295
663.7568599866473 71.02350807928636
610.7285324360136 824.4005172522394
946.2715438536216 68.23823774942721
884.5750066281415 253.4688725879468
186.14184787522083 593.5086947067161
946.8217972448078 299.96845762681147
549.8250907113231 397.5457488703767
268.11081708331244 796.9278517705018
557.3843060553594 544.6949821723854
808.0018241168187 45.854282795930295
658.7625355861502 526.8395298299396
531.2466191028532 840.8613386721843
154.1757462991781 97.93531973885231
800.2881634680506 556.5501730307765
837.2104089471379 489.61341815427136
459.32983440133853 83.6618705592648
51.60647704697542 703.473080483173
196.14458963416615 313.6580294657579
235.15139945614874 156.2996734651917
722.8304101362238 700.3608005793523
531.0079992259887 202.48913373304572
296.3106334037379 281.9826982967288
952.5051102115581 199.70241116695325
495.506518109846 335.612990278925
327.7039549038924 531.7085920174835
482.3848013665332 546.9693450324469
302.481585605615 451.66724132710175
