objects
863.4946935304415 341.1371329606304
112.13752689335445 833.3381774017089
558.8188776759898 50.331066463688714
384.2341208041165 39.73271078794342
966.9922032450042 247.02426747376964
144.78370541961024 731.0221408932231
187.49913690507174 109.52036061398708
605.7990774944492 133.77586761367485
393.64724397013106 347.9141805595326
536.799331716812 165.69839796061265
451.05140115156155 81.92876239059461
840.7072362258906 767.3172806973176
67.23213154287575 704.5093001095186
250.6379870850884 789.7343273838924
584.3215367695587 720.8311189390521
297.37624642013316 636.3834459254596
898.8195029269594 437.98224164820715
293.87097955944296 464.30826639625275
172.930322545897 818.5471786216044
421.7609862367957 865.465152946775
540.3234289001589 308.233206434169
344.7733349004976 787.5997727251151
717.9326655152805 817.8226094900715
603.0443037202435 498.47219327860796
359.1414275371242 671.2189175753649
759.7268384317088 945.2550199093762
136.2559483088881 254.50685396365455
62.30787844200141 902.0959020337092
421.86397591904097 796.8475106879821
651.1191963475912 368.75853249404304
607.1679326694529 882.3133637528532
93.66574058253576 489.1739246277508
375.7092543035669 573.5926902586491
934.2605485673928 761.769171417828
348.0471289341151 853.6132238300636
480.53396393808225 333.3598667012584
547.1239231441265 923.9354994794102
495.76135353432437 782.1081959737543
645.1972421047382 959.2456068514626
497.2580884119585 665.9358473632922
404.4204308519528 215.74654319069697
703.4377168581194 500.7387185733236
314.0832434794179 35.846837347689835
804.0288159973773 257.8291818542488
851.8335196878247 652.1978681694744
535.9965134597469 498.2273109076301
790.9645631600418 606.1981507508705
68.19005446592573 34.42147319845366
266.90604081732647 566.1449616510749
122.51060797668117 601.1258599035106
196.00259757397959 480.6465236163499
179.14366106754053 677.6214619078249
201.5271452264882 270.8101556721855
915.5428153054878 300.6131284033279
34.26735254809394 572.129928543934
421.6140448743836 470.06918958558583
435.8220771141399 142.18379797570105
311.3007357491514 188.89068662495174
34.24822027645731 775.5427108824064
832.7271647280751 115.64838988835515
892.012625241922 147.51765770507404
858.6281334638661 491.1541501263322
244.44249530565966 896.9575861982944
961.5028999734845 639.701219902031
229.53690717972876 960.8532651717107
730.0981807519397 583.4446913790847
882.1533715357805 828.4245808190176
498.58507239903577 425.61448151594914
361.48430849900296 430.95818558427845
656.568358897242 200.95041474662477
681.9685901519114 691.2521804869963
136.1344687997139 920.3093913462698
691.1518053217743 917.363979786058
586.8842181551194 218.351994943014
47.08366533351685 361.8463746523123
72.50598122682801 149.79695454822513
856.7042485560575 49.877336561990575
273.4109229691056 283.4384146261398
964.933822359862 932.4545468121554
626.5408623232602 48.06656563644066
890.6553837404803 242.1533763342105
63.05359429414585 218.06230655700793
729.934020951866 43.63622114898071
441.35703565646304 709.1455501937626
761.5719899997152 330.6304267545195
667.5999775057605 439.27324472335226
703.2725613503142 106.83265171496392
772.0606218933156 860.9798165196198
907.0175618529198 965.5849431565799
139.96121424632207 163.4804704850686
729.8453445560806 219.90632765518805
448.53216398280233 947.7858434883916
765.7822242484781 168.20293343849573
610.7420168115606 571.272399495911
275.3060629765648 131.26625013668178
