objects
578.0012940847732 587.076598042968
686.1949029432598 427.41513620466856
909.2790081434472 193.2085436769991
384.8654578589593 565.824553249353
855.5779343847869 321.34898553750565
940.3434325583453 662.4475794102398
251.60990016470998 301.72953983252944
70.5096154908721 904.64846071697
55.42727800880607 833.7225374219735
483.04786697079794 69.62303336241693
263.7845558680815 220.57835070418108
120.17512859208237 576.9819109482186
619.3821292557859 366.20654183335637
500.0186727084622 601.8267395513327
952.3867367130747 418.806739120982
173.25510158728386 882.692185809352
367.11986375963886 864.5295275686924
351.33789447489903 416.3103445065009
814.1382799315392 556.4309341730958
613.0336964497432 714.4577716702298
560.5678418706277 847.3895366076647
118.31761251503717 203.57123420260675
767.4897204689104 103.31093015054239
414.81035254358824 328.5694280950885
397.9818573515321 48.40237669556899
343.28369966860635 485.4701855599849
184.74209830383577 234.8098597881758
563.5662018024806 69.55818188431235
302.4086937560114 697.964258031433
672.1418930761185 654.0551997033751
302.7599531253327 823.0888676375828
443.23125426860406 532.314456531743
155.21581090486748 803.5894924263147
114.60466391946024 125.64274837987332
217.42848365988146 483.4193810906477
782.3372015270575 818.4551644655802
174.72219345364994 951.0842678537201
832.2102931594447 401.8117713097448
270.5365714395625 420.3998461845846
527.1147009644894 455.94424885332614
813.835805525399 963.6389532211815
709.6135057619503 796.5705994171651
904.2974051616953 731.177636175615
659.9928141283966 541.8537334876353
298.5780165926449 579.3804270869394
756.5025589935 432.9754985459774
914.4758167084545 852.9384737966512
746.5912695433456 336.8254997729442
204.89995733842613 694.1487770534366
864.3863440755588 642.6823620091328
57.74387573330084 333.492352085946
459.27655354902265 182.74524458913822
84.5367102050009 718.1863938159881
445.80742840208427 638.8266283064502
730.5613324433365 33.9863129880766
302.24374990422484 887.517487357806
448.74248818905915 808.7305280149859
711.8677681534582 906.2795216159673
250.3264649927997 929.939203054436
45.64329595190415 767.907540716788
225.71792293306572 90.08247271370183
604.2944552261524 198.53828872017002
685.5191507658565 718.1718327833036
856.4465808986644 117.3735104643469
918.6833110419351 104.82697899145865
633.3814785610907 68.3318962910133
815.4473990222616 270.92142667751796
801.72880796863 483.6239293766927
133.08489738364 32.25481779881754
326.8769520406904 315.5876590702027
125.16484170239033 475.3845776631558
679.0894201556025 227.76777136856262
376.02523060812416 120.81241114998576
184.19404586294377 615.3113764486817
411.3861680699273 255.122897950327
172.29153086805434 528.1623984951849
821.1586307588498 177.41805446816306
248.27538509799774 630.277565390443
32.74772303560694 266.38203031616797
914.5629928166248 932.4433367293578
59.23871613399645 600.8684299895399
884.5169572570172 556.1520899391022
712.237209512097 581.0988241091719
35.75564052198758 678.2294711426695
113.43136281591791 404.3593771795091
520.6254801964413 216.15978403458078
962.7740646554544 273.2031528165112
45.5232650556566 963.0648004642026
487.77118375935584 952.5137792888438
374.18027315335587 697.9744387919513
744.7504818504135 652.3930298951238
925.5306511006514 40.66467146177526
63.70917306571452 77.92260903102763
771.0359535266504 216.89934908064643
657.7241085137028 163.29370068285363
