objects
591.7211525375669 357.46288067623726
316.3608565556154 274.53351759925454
278.5044244618026 435.14164836957974
53.805706246325144 780.3046401335392
296.1203454371808 943.4538141983988
222.33767174913018 252.92006028579902
572.7771167316218 942.3020237463925
170.40312999427317 645.7962284811153
547.4322486229887 736.8555260373562
745.0397271469457 94.27509107731177
69.78560186954716 475.2486347233724
634.0225308357534 860.0236395065441
473.7637094029283 529.523916959084
616.0863471116244 957.2010528750741
895.8393874466203 150.36970018991485
574.4292489520143 713.037535514353
546.0397995470408 185.244733363332
575.8931296127555 53.74886009735886
307.20565454819535 679.2750352564502
187.6725822150624 473.46153957496074
120.41193764828532 231.29478362621742
898.8129670308286 75.37258683804143
506.74014632144224 911.940133677017
692.8372178093566 917.7884638666884
37.4977809490616 380.8039169053608
870.5577539392192 943.3124328778748
882.2755547102412 476.10633943309807
319.39329443173017 594.2173780759939
478.97981656013883 177.16706201808907
906.5434782822063 295.340391388618
784.2125110533923 135.81613180285717
844.0330309952329 609.8010004699213
422.4934941774924 333.28830285655704
568.1625295859974 293.23860579115143
843.2289054759905 63.18948372742939
195.31301711474856 428.40286915602724
145.37482511703737 981.3712623376083
266.66685254954854 837.4228982719678
525.087130689617 664.2600691539358
870.0277115119503 414.30272012733667
83.03925530416583 158.09581015810573
957.8681068888765 478.670733977945
510.522895719395 695.2071364182932
443.46413296833504 457.96394627369
402.9505244781483 379.45613030500186
788.4736819679497 695.2222467031455
919.0006281896423 333.22373665248995
920.2100935617336 238.74391439088106
807.2506400007634 538.2616975969826
31.74060412336107 836.3192991628471
775.0242620138059 863.1631177829722
476.42229238535674 119.96351774370666
600.0442294543899 650.3329512926649
348.8291542901142 218.99487970308508
416.28881789971985 564.3372134891085
669.3970232225822 259.36088645010847
335.3128369057479 400.07162935305456
250.35474254913748 717.7279354316098
228.0623827214931 830.0518085723459
854.8903951183465 248.25605728069127
709.8689343103578 956.6185580442788
962.5346829037989 100.67087881133004
958.4086545149986 907.9452439396028
807.6565792445814 286.40305194330756
55.11827626879409 645.3275898627678
535.6820494229211 875.8188061029051
955.7361795102593 550.7199717829596
472.6654503816162 626.4935613544488
813.5005383189695 940.2542360048207
660.824828007612 300.2139040240411
886.0496417216889 789.8012465496012
877.5467280221251 368.1586804572896
344.2171929503284 550.3528922117295
604.7402856473028 496.93243183035753
54.12349885452299 696.4827523079351
505.7541524570783 254.68007755771688
253.96491594119865 490.4272564256367
229.8233833404336 447.43422470657407
618.742069763256 20.894880702952655
82.78833050674298 53.98278554766338
671.4201759453771 373.4296929832238
255.8835818133529 259.5367044637378
268.0987652258148 772.2192720367013
850.7592991181733 905.8786443906702
337.4758343832704 833.7520622537822
190.05743296377216 376.3044560677089
588.2356427947046 182.71320820780144
373.6190221520917 170.02503058673514
698.4208471921498 413.17672974599986
17.74213292275091 316.02342386979444
614.3101771690663 418.28880467257164
873.2847350875161 570.2985329916006
549.5604591094618 141.49229246773393
429.23518687800373 641.0605496486381
978.5904561848797 773.433402415425
435.54147673919493 100.12114843913636
318.30429641511176 887.3007540928305
163.47688752445367 773.706770081626
89.46669779955211 303.1036013799273
746.6888884856417 264.49603989741894
398.57809325368635 691.5983769803349
645.5009691986819 166.9321218195327
776.4087785562255 446.6460515645638
728.145724841688 914.0312136424772
763.2431433395511 732.8617348663037
