objects
803.6956424866486 720.7802539164835
912.7987222376407 419.5885812765853
52.62261793026575 829.9628902480146
559.971373994606 547.1709013135135
878.4563451032352 519.3817034308722
925.6171939832776 870.9745349885007
200.68591456364865 851.8357848099513
879.8441992003116 870.4232292821475
276.32106935089547 366.51061401344845
568.0225719385013 913.2977588547274
856.919162834876 239.17761822623493
243.5428348702089 455.7472176034469
539.8731602110967 97.22987446506072
741.3707637281491 244.62419094404177
704.8157580093693 468.74403776607437
54.19329596832422 346.81001028242935
18.9419444747472 551.0546775772924
831.3697880171587 433.917404145403
499.7031683265972 961.3141194216144
346.80035987637785 616.3774078667909
875.0083377770752 394.0733419089518
193.79123867349503 507.27451952399485
630.2882953064255 186.93018632911225
349.87210573814014 554.486840001325
793.0833730562708 829.0134839300266
286.095067986382 313.78152232935844
776.2756776895419 542.0734368512573
600.948653198663 54.316174221617146
953.2662369308255 920.7815441761901
751.3492867117299 790.5079051047986
76.54519706965023 886.0962240312323
159.61577077077112 966.2949856541306
166.27822118526348 45.26618117685021
972.8559949029811 390.3730579963019
184.82139753241154 86.3392634877739
637.9834954405317 485.6713558669681
491.83904428338474 70.9020906287368
406.2872416290813 690.4686505068947
496.10163855293644 689.1672771884772
459.35814051446533 359.79166925076714
189.7628682629524 370.75555450300135
522.5398798120694 906.4329188594867
901.4898749760811 806.6946739289094
621.0697319058743 102.12248761905222
310.59068497049714 967.9523558494566
429.2797297712259 863.288458629753
481.20503658471983 429.2807079492583
675.3108188400455 800.108871199976
272.2435164704899 603.6050981057364
489.2562128783943 587.2976605616703
324.14703096366327 709.1920619093864
929.2322503481341 269.80345103895945
632.2692326476727 931.949932783701
455.08779402397187 52.42529991216884
807.1192609501852 872.3523488341075
453.00242938221095 533.6214238150402
332.63703746073816 194.16633353941293
576.8990852125054 462.5586116876308
975.3966075616501 472.5385028345242
808.8924563901764 764.9087597192383
958.2473840373656 534.3868619778699
846.9721703016738 554.2263819678386
291.57480109069274 422.041371940368
36.991677613436735 179.2694952402248
892.2070880544776 274.465475895608
43.329845962876064 100.73275412716121
967.8529103356158 847.505558491682
536.0340019254561 403.21825236732496
820.1239359141414 971.5528882128116
131.6807015852067 916.6968299482932
390.08177366350856 784.0447509333079
280.5805393112875 214.39117363776776
453.2427362296461 473.30129920790097
365.0669772896979 425.5685205393059
238.41807517195807 686.5955838443755
804.2592028461466 267.7424079269124
72.04926680757934 248.62764908355032
915.5602624682592 749.2880853138327
618.0832660826308 804.4135830288405
720.5659266322624 598.0812909970787
776.0249262734711 69.10251029164556
21.38244986810912 784.3999820369337
84.84548256327332 947.3500141521995
791.5314444329705 345.4303838637992
85.25363643759874 126.85790643586179
361.93837484755073 33.50819900760232
164.96776018327483 683.5629788502104
547.7422755527664 366.99232032267054
42.53954838176797 444.9918175491259
168.4398464498371 432.241850629346
253.62767033490135 927.1329881765247
230.52401345326558 207.4247356101962
378.0385232107191 331.7346682359603
858.0401845178465 322.740946104307
470.7359603730164 870.8169555412715
716.8509313439662 303.51915057310686
840.721593043774 803.0884465369522
743.8794736759169 472.0797939524871
240.02731290400177 492.7332504890909
212.20140087612234 605.314441619103
131.69269592442163 113.82575970913946
148.74983482236868 175.88101226525654
674.0495519274378 745.5933237403402
937.9418398362554 622.5914758171696
474.3598230884203 208.30477564711103
