objects
24.279060224992932 387.40991058377364
464.0110750883088 540.8598945326615
536.1711722324359 644.9382860550419
364.49040335208036 89.3188775875679
82.857893100082 707.6277886072545
187.6428342483888 322.88894337257
658.7482077492032 820.738607111392
343.1811508969486 809.3063233315927
729.2734030890934 68.89224876214287
373.63758032890456 942.1351897924405
501.82578974752016 62.046437296311126
575.3086960560239 125.58647555141508
189.3765741016458 649.350513158047
931.3806036455551 101.93889915599001
414.5463475607217 950.8845400849432
861.251875282734 886.853497351722
704.6974985565251 876.413453014036
237.52394720586443 167.00813009174811
576.1087996372286 752.3416659817899
772.6329277081129 19.835440202857015
691.4438402437403 431.861961386671
843.2208485617215 445.0791630500238
469.2368747624806 675.595017222352
696.9777008945895 26.570615004768243
434.65150498799454 690.904746740287
335.46666365238116 673.2239734507496
973.1871356208334 880.8196686250562
212.97338744166868 400.9487276519435
915.8123487586653 148.49470133727056
773.6647931058642 526.6810723346038
656.463040747418 740.8595508049993
401.7972040364653 258.1647242347426
619.8417262223472 243.46473627471855
730.1771843869525 500.8809119017005
722.8674799091125 935.0462774860129
165.75539613084814 487.2002540739287
259.8124301171837 421.0626124013274
438.50098411885347 852.9345768087354
787.3573429403693 94.87234403574315
855.7634116790576 615.2463258542841
446.9480200492538 605.3894386717286
730.234470840712 641.857867450285
893.6565559364292 428.9240754906761
165.74284550397127 854.1045592607996
933.6881237369579 48.516290390831
580.6043882773724 88.12036526161184
731.2897484874077 337.92550011658597
599.4052864788717 873.5689986771553
675.5708454272294 666.3156019829046
766.5136911208657 430.10683876580333
197.285826756366 774.3648154581505
921.9216238749901 623.1047450287133
557.3787924904278 614.8138726797393
460.2499102563755 115.67845654067588
712.6302524103872 762.7088844082194
800.4504011910731 947.8211356638495
817.3738468972888 175.41146647666557
523.5447112917418 505.3632817598984
176.09751728544043 134.61181395682135
827.2709388100544 581.806571039638
310.1753470174841 262.4191688269667
360.5142422337599 359.57151514611905
532.9475744135019 757.9072326493578
69.54709730285498 52.34501227524886
391.82258847799983 901.8109694777642
747.000084955467 814.0612079610972
952.3600389719635 474.5714984970816
385.5174189170906 592.8736219098598
883.5716051498671 104.58398987119885
797.7383023138373 208.03933675918347
303.18167883373377 912.3556857787672
505.9199104536314 213.9815726054636
811.1773283099161 318.1722209690825
452.39320104057623 232.0698584927046
318.64844430615045 380.80497844251755
368.97005007000763 493.2885746855011
786.3162799586725 467.6324761514997
520.7823611012516 949.078897598844
276.41211043651725 782.817000588958
496.2436755987037 552.6478408386585
644.0068246342231 343.6718146552385
155.79699894121404 408.69084767413716
980.7539206522613 579.8523215265025
906.4576610019227 260.6645962730032
135.63104283069745 151.62981809597437
541.1538062954605 220.94085051461195
137.22259023924647 622.4123104012269
810.9064310726482 639.375571554868
880.7356241607786 942.7799341262919
23.039306243240485 199.04607857372417
630.5741439137716 453.41154184551385
689.5794345035147 107.85063456623575
378.36840273973945 409.4731200143564
20.783874089189773 65.02265408292831
705.5097011981737 613.0406495077633
866.9161629529277 674.0698930942739
866.230167552265 500.9786977228579
609.4877437390495 121.54805780134997
23.946617500821596 700.9219201563722
398.84146035313506 545.3092947824586
573.6032639440075 268.3533531969262
235.65453295099917 942.7306434801905
364.93741084733597 632.0137232568281
874.6097489156695 344.67898760329655
147.3007349755159 728.9360342965388
