objects
150.43368850699196 722.8919340687938
772.4728339594116 650.5125136664046
214.74976925063368 937.0185211112289
950.9450800998343 434.9601495886916
89.61544457701193 576.6896023915674
248.113304325198 567.739016207682
900.7352448155708 811.572915396312
309.65063713760685 837.9978103052222
852.5259074150994 215.7368855847037
490.1077128451526 28.188201697006026
870.393821620765 487.7626424597438
395.3147303226551 661.6461939996309
630.5283957778075 396.24912725199135
801.4904260897406 267.88426074980043
538.256996323672 670.6184508667334
425.0127639713676 474.8283336972653
397.7438113852047 516.01299482962
313.48783877574033 506.6372907417642
184.1920734361669 785.0064865188485
262.6605841582518 394.3302083574574
24.931377153986606 119.52603005624518
223.14928227566307 112.67754432071374
566.8764400305374 947.0349562824573
506.331324153287 847.0897958642751
124.96500733351586 206.79473392743665
486.7180498061281 282.15096872087463
814.0181992620645 841.7636687602139
821.1256772126617 913.3935028350188
406.3615249047582 875.6117619016368
40.68796448961171 558.010635617525
895.609962250612 633.3594132568847
90.33131608541234 267.2049061931825
106.54641287570784 780.5143540770715
709.621375182069 926.335914986522
383.48662834176446 794.7946976175627
523.3693020120993 499.8397093411186
887.3562108872926 923.4857090708604
326.3603688256933 683.5469452024839
42.36462202949498 502.4266140242297
771.7820954795092 885.9758475512009
584.9222917533547 144.36727732873285
907.4258891637173 283.8522322938069
425.3924733628595 198.39211901643017
294.0160146853701 185.5856548779905
45.190451587266836 876.4732041577654
582.7842025051218 195.2777834065711
875.9424253077826 684.9385510999065
449.6509489962092 648.044485727662
495.0570326370205 182.4844721821977
390.77574143684126 974.3726932180685
141.20617190261862 866.0313090303135
71.95217539115146 438.69094974266795
975.7703831240169 85.87531826415682
781.3085197117329 374.7804490174158
685.6791428625987 174.53850731390457
565.5763044728791 448.5267209396493
180.15363225595632 516.725053680577
206.81036728151804 286.2666147363906
323.29103344042153 47.962752421763554
201.49988862568082 658.309472790541
541.0400891527163 332.3096593412164
101.97323579193105 391.6892895352047
916.1672357391574 569.5139377311798
858.4367447135072 546.0146202301106
809.3118110806266 42.075661836608305
680.3864734222973 463.2051817955196
780.4283512923955 323.6570596788399
969.1071713418412 723.845198746091
354.01286918527535 474.64218990345137
623.9005070538736 782.5356621307047
619.9196984973563 488.83254071049475
317.50572344093814 363.21113762287735
204.68744778098198 375.2015928033071
160.3917854697456 421.671956506466
600.7757205859926 724.072433225771
722.3750002710691 507.20500533803965
455.42674064439916 836.015697184648
602.1516794858911 659.8456155369
942.8900110102546 341.3573913092746
28.444674330407512 939.6707098548699
253.5885662285764 741.7004032770002
636.7508433480883 183.68878724016497
33.648187578640325 732.3263421622609
248.59310718756004 649.593501106756
844.3342832328741 328.5503005813541
483.83926202543387 953.6933474662158
170.36756848786717 24.50679571589857
749.6690557586438 282.31646614490853
202.16965542845142 464.10179017438224
441.63634563455764 539.1127428635159
341.48083069596737 626.4681609039005
458.7741332380315 116.79088200444053
687.7798874737109 415.9972692173907
463.7050054003714 770.3663387123089
958.8370406443665 952.9185178930846
156.72123432770078 298.6842398735405
616.5447488156518 615.1994250437797
53.99970743218249 640.1928346526731
356.4810200093939 156.53131101138766
236.60779244982746 842.2842204256165
407.68817724314215 61.592445628347626
53.14205577142886 30.51141746648579
291.68501523130135 953.4560895571333
500.10666455936587 570.1263340400448
443.6733248022531 404.3839619401765
192.76122942041457 224.56890515912437
568.6089418170975 796.5858078423445
310.8203185102675 286.7151166767295
638.5116964936813 308.16114255696573
718.6268879191248 843.6766458541113
