objects
905.4774993084388 618.1638113676585
247.7543207839006 104.48386427225957
219.22598604054454 356.6417566420603
622.0403103400113 584.6528919144723
764.1264218341543 67.78566437780887
55.38500762005705 62.85035217171035
603.0858808349685 177.99802818039262
153.72249602265387 702.5132907608926
307.99625928124635 572.7800896765817
484.74544177958876 813.7526181263793
486.8193522611783 562.246662496483
317.2901773476784 126.9418486415336
760.3983424564096 554.0036806916527
475.6129794760544 901.0549435854349
28.713519303399845 462.31959481031265
460.8795068200694 404.39853467387206
646.3807381248738 685.7572683801949
648.6856984055792 783.4184750760413
541.4704999400161 172.073789284941
806.7803467794707 208.36317849377542
436.353017250256 842.878920577686
660.4599219370101 73.51155650577698
426.03574789789184 696.4679075386099
87.40444729617164 27.244737850755637
599.937752897195 305.94324828832714
817.4156826106051 967.8681192972404
209.72374938586938 481.56219219678303
290.60986168041836 297.03625021053085
720.8022005694878 181.4360524256878
891.2141417278928 183.3743602745647
616.1771517573101 895.8140979763054
517.9356874283908 626.598979200567
461.800963032592 623.2575939054775
853.9788441738481 758.8798902867677
725.9795083157042 443.16404019634
907.9000596482863 66.9719083180432
714.30475435758 126.29790291737977
963.9314906074572 689.2869295951419
167.04468704849162 97.61179609000196
179.5997531832182 552.7196596107074
274.85786161309284 931.2540426268283
174.60558883293095 171.34428646989997
814.3882163961492 880.7581590771746
520.3210122809505 56.43585885441413
94.15645021377595 193.6091009322676
668.4871704907715 611.451305791692
54.51520401836823 380.6334040952796
157.27745579134321 432.8366832338679
462.1427342194595 478.9922765958237
377.3627891568598 397.40064725808566
605.303867557563 404.67331594180337
683.9075432248115 732.4485801144909
542.2782492137435 418.045174265706
115.66043263716537 662.4726720766342
642.5069935324656 142.40911096818684
799.0557052888391 739.1836665527367
538.213977900359 248.69375435065183
347.781096334581 923.6989603500655
700.5261392921259 500.7573776168492
422.3475209597415 509.1026971642168
68.32741101262334 790.1906980308386
301.6577315063232 61.03652989787422
862.3728486034239 135.1385951752313
615.3174819725448 837.9057721688959
399.3033247407036 274.702874822682
733.4919823375171 248.90833800190293
710.4763943122903 936.4957331299851
333.55522501467954 676.2545166337196
958.4169521834307 902.4868075074775
548.6318135977416 764.4494152431707
580.5307466639298 951.4610719516315
64.89788369520383 925.9861448552165
719.7963054175848 42.47131375251574
383.7764646775439 61.31419255163077
533.7267564011837 904.3785771124009
120.13380715913058 924.0399633869083
309.6563243326765 209.6737636203473
569.5575290336204 560.0456006248796
825.4269997098747 599.7736598748232
419.37096551948275 760.3019143311114
710.7951958035239 839.9625622404852
66.79150683405891 314.91572513666824
456.3895153025401 258.5994033035535
933.2577144479897 521.3712738320295
38.51116914341482 523.822291065783
256.37762007761995 398.3676454487693
375.980031031934 227.4476719728449
116.80865278117331 791.6742568877385
271.7032204614713 690.076972891431
122.2188815212716 62.9283433284276
226.22344593177527 731.9778833462493
348.43332298158725 767.2546892172063
633.8258555611756 530.692649353597
762.0138021449748 945.8227511333009
581.8493909930269 113.45223621053837
832.8985525774308 256.0650731461608
110.76134460388829 527.0980727640193
838.1208190301061 48.070481820924314
503.07099108767954 956.9184425066944
283.3088258201833 511.12339907425337
596.5700806641288 658.9062939512319
772.4798882101325 804.1038641080589
955.2695109462477 640.9164793571684
937.4053078180043 830.0251228735765
437.11561158878703 325.2622611639408
68.79687220558844 435.82240750003405
237.99172756907544 644.5673474493353
265.2753408205384 762.9808039684455
508.4739121375991 363.6172095939744
958.5496123840971 585.0273594841843
