objects
754.7993507174989 949.1738595527048
445.16608211374364 215.5270552976581
523.8121881771325 158.27904245627786
935.8965289620579 921.1218958110339
241.65272991466307 419.5966565635624
290.4037385224194 594.6228892392983
185.16236816472878 744.2963201061203
102.5894472396698 935.6707131947893
248.180693713673 769.5438079935604
768.5302424792136 743.3554314652923
940.4696407779498 782.556168019247
861.8555368468866 587.7646195161559
970.3800274534162 394.6972593237342
717.5887251437288 347.69628132310004
752.7073050113187 69.80222629748592
353.3328551734081 857.6822631540366
895.1560816581173 449.8109820248967
863.8464891531893 157.1372637605193
111.0184983689153 805.4621904149368
890.1529023175182 711.663335623801
345.40050627448966 706.5191754140832
663.7606076331772 667.8743392849575
567.2297578588091 877.2856764888431
472.25539147826225 809.2724761888105
610.5814615760886 656.5673710489125
42.75470928257634 734.9107982274328
277.71910823292126 88.89138698769548
193.73545629944437 310.73437716592844
446.54561043597243 330.31955557260403
205.96464916331755 100.37486220579885
283.26306085731824 163.74646851354544
802.418207983362 278.349838771598
53.52787894598407 358.84352367907525
280.26667456208827 36.69662016643768
667.8426649400272 528.5171079149773
430.0278265144957 439.62692681830924
909.6283302437643 614.9685048365875
842.8433659687795 487.9018403389442
147.28881318967046 431.77252693934065
826.7901072579898 666.456589907927
145.84362339084834 678.4317422181473
50.83995212841408 220.10159800857136
183.88729793168682 812.8340855623311
170.95318661004873 945.5353036087052
551.7126060187421 255.87916518602623
527.3693312058748 313.0823820967697
202.18314223679036 631.812860589372
295.54755271007525 447.44419191694305
355.1834443296518 512.5621788340405
677.4902056302699 130.81087497602613
824.3235053395183 969.7210156191214
530.4365175332912 450.1323250021695
698.5348662473007 930.9821866372298
423.03822406845336 930.6386896310087
129.27368274651096 261.93841473976727
790.0327497932199 464.30284971595177
324.4969590018435 378.9921247117119
33.07356074441506 304.1560146438145
166.35775663533306 530.0402779410887
104.21705286159245 506.475736326477
350.97985325508864 753.2382300514591
608.5285924403545 395.17318598016243
423.5553146034706 874.9140711105032
404.70103279135117 290.06044130345845
58.07521222708001 544.014120821091
517.5637415712639 503.9064734130335
479.22036468135013 661.3734385668527
205.8827611156448 859.2868105799354
414.43598418547185 579.8041127918533
430.79357868639136 74.75638337866985
763.9944942471111 374.7836592654569
161.06624491141264 873.0409076332296
237.7105772824719 486.89027034922356
975.2927846728863 197.04131571005038
125.78377999830194 155.5886703905827
185.36481249068925 251.29225667726377
737.9841317379378 139.42059921249518
613.3480593080344 791.0141393307001
593.606617006515 299.3765872025083
81.5423427409857 62.48570348811969
107.89586411191036 385.2688695478756
836.7623500738086 377.3292403075138
505.1857374804083 586.8372853588062
926.966200774766 489.6442689318437
206.36747449966725 33.800377290511335
350.5199565075061 316.9261630515397
358.86299995132913 627.5579736061122
463.12980679062264 744.1000268843666
623.6591781164177 63.24463604722241
104.32022954470128 556.1095877278682
923.45440993679 367.7383023714067
890.5899664649806 895.8620826031074
67.61721920361134 436.83706164152204
568.0007747116093 608.2176454767061
176.123527134246 362.51716655538814
314.6001033160986 249.10708153599876
70.41468206331534 666.316966699451
38.5142511425597 837.9974435899098
618.5429013601946 952.2414207838272
919.7305140129605 846.5199293344925
756.9944637961485 616.3194415934119
565.2827202947703 817.6948579296875
835.3073473395744 818.8665983972171
189.2959474121848 484.70702818677364
344.4901265819733 908.6041680052001
53.55610512934584 104.66514068748438
562.5511393851697 485.8879499666923
626.3197951049697 204.93605504418397
889.7566790154357 92.25920365582411
267.8451423266489 523.6143122146093
