493.623 785.381
137.824 264.713
576.997 263.664
156.699 458.707
734.796 238.531
128.646 703.252
901.989 324.138
516.921 339.891
282.41 787.022
319.614 696.358
112.505 44.0109
134.539 873.531
900.818 768.112
480.067 248.923
467.182 44.0023
773.488 343.824
419.125 325.681
826.607 261.454
760.163 650.686
219.543 533.495
837.04 851.353
262.557 621.596
498.383 688.737
492.027 433.631
745.759 445.852
44.0163 109.83
410.707 732.519
559.049 858.348
614.2 351.977
666.733 502.51
337.972 40.1538
750.471 894.325
277.739 956.119
588.856 562.135
323.728 327.125
597.906 666.477
63.3096 394.129
901.866 670.117
805.425 95.5928
902.739 107.297
238.718 146.168
707.602 89.6789
369.462 955.988
466.651 943.011
835.082 493.613
336.404 138.141
188.817 781.305
229.362 300.357
651.647 890.529
429.341 169.247
565.177 44.0064
232.446 869.19
356.614 605.607
380.15 512.636
165.011 612.215
424.259 854.614
626.808 787.537
563.761 956.276
753.544 548.039
42.3121 242.671
900.924 421.017
675.904 607.145
903.279 924.898
44.0124 751.11
686.214 708.839
337.664 424.273
155.606 360.713
330.413 872.529
840.104 593.997
239.83 44.0375
44.0154 849.119
362.44 239.188
589.156 446.723
605.07 169.767
900.868 203.506
244.462 401.129
517.371 125.995
67.5177 601.503
723.174 800.202
179.642 955.996
