405.758 378.199
551.412 875.014
900.954 800.559
88.9584 853.924
435.7 148.545
886.283 643.982
326.096 44.0019
604.903 382.198
44.0081 220.48
900.365 44.0189
664.301 140.978
167.932 795.888
219.42 155.102
237.643 864.771
43.2289 380.443
523.267 574.926
341.01 737.198
105.817 949.455
240.415 731.326
900.602 253.993
324.981 556.312
662.659 462.234
296.826 229.585
301.067 326.71
44.0099 599.513
197.436 643.248
202.787 326.972
620.478 726.316
43.1703 86.146
736.671 276.446
901.192 449.993
387.445 281.976
413.727 806.97
581.195 212.713
507.843 784.518
666.976 639.274
761.782 664.672
89.7809 466.68
44.0009 766.833
619.301 553.977
465.306 955.999
851.77 170.896
571.818 108.545
276.563 470.82
137.503 551.109
143.925 92.5501
228.092 44.7542
389.167 627.614
639.965 290.685
300.698 956.634
474.223 236.42
900.949 898.56
788.884 943.074
123.427 710.861
543.04 306.192
436.918 713.243
691.987 956
203.598 956.025
900.693 351.993
141.289 214.711
835.324 727.602
807.516 421.198
663.126 834.597
565.127 471.789
808.251 578.375
184.595 442.9
295.561 650.013
469.797 494.509
424.337 44.6175
531.398 689.388
746.126 63.7514
334.495 864.644
502.186 395.729
900.841 546.261
702.927 369.965
109.799 306.854
714.912 548.503
650.118 44.0085
754.196 180.023
374.565 471.388
