337.802 955.994
900.686 361.643
589.238 956.226
804.429 245.151
139.163 144.46
835.697 42.9516
640.907 637.875
344.846 331.325
111.162 773.916
456.639 812.657
899.296 955.993
564.262 694.713
321.232 495.775
900.559 264.805
473.69 458.408
815.753 410.958
555.061 593.006
636.982 539.227
745.197 567.137
184.64 836.902
477.596 114.563
272.585 796.684
642.12 754.256
292.518 700.734
265.807 891.82
476.364 651.396
394.626 246.91
719.743 417.823
635.534 367.697
550.407 180.165
768.524 955.996
742.13 44.005
218.497 635.127
834.621 531.916
302.138 591.978
902.13 689.527
281.557 406.149
368.244 772.956
810.754 823.21
99.2814 488.897
378.405 653.558
209.785 470.625
900.358 117.028
825.447 629.488
375.948 103.56
644.113 42.3013
516.363 890.703
482.229 290.851
141.233 401.265
735.198 664.622
804.946 136.037
434.976 943.182
232.211 124.938
692.826 127.364
199.381 731.243
463.864 555.919
737.231 762.592
383.495 420.081
143.173 576.519
725.251 870.579
42.3911 128.886
168.532 51.7822
81.0789 317.25
43.3155 569.363
643.148 211.838
315.785 176.149
144.275 242.334
900.808 459.642
233.996 281.266
570.061 440.618
546.137 44.5039
553.243 796.184
747.535 323.841
40.911 842.245
44.0064 407.973
43.1553 226.885
580.151 286.907
52.7615 936.872
901.062 858.011
41.531 704.96
