285.766 404.087
518.673 333.677
803.481 203.743
291.261 693.169
234.622 242.372
901.099 314.206
319.952 498.739
513.015 238.351
521.951 796.096
225.121 523.47
321.91 206.194
896.618 774.444
902.576 413.541
162.582 830.678
421.729 333.283
139.087 570.42
685.808 632.086
798.544 784.531
712.302 239.687
832.822 43.8281
589.468 614.065
44.0059 569.177
704.424 955.995
56.585 666.369
900.646 216.017
415.085 236.853
44.0126 471.177
901.516 113.724
576.545 414.112
655.344 472.417
492.452 602.868
128.085 957.856
402.024 42.9775
452.276 956
225.117 956
210.522 43.5727
605.693 956
609.534 255.329
816.666 463.067
423.531 517.801
109.03 749.408
109.819 210.89
204.6 738.931
649.1 164.793
900.82 513.297
479.973 423.74
43.2866 130.512
42.6577 821.615
802.849 955.998
850.546 867.601
370.767 891.692
139.013 109.528
656.098 871.857
213.861 338.159
298.549 594.373
731.905 413.874
381.956 422.848
753.72 871.39
739.741 523.79
425.7 810.531
93.6648 324.252
140.138 473.509
384.841 722.253
685.175 75.12
210.854 637.155
817.302 365.237
394.917 612.521
322.764 304.327
680.458 332.375
722.201 723.081
530.129 692.267
497.029 42.7041
327.428 801.425
394.83 140.718
779.967 613.167
492.819 142.453
579.196 96.1069
835.656 693.826
523.128 509.776
898.477 613.886
