objects
482.8996305454755 521.2264194736504
257.7984313045044 211.16193930974265
903.8821698522681 35.187032970640715
92.39463857489096 949.639306250998
174.03355481813904 903.2888135714135
128.64766072103535 476.38566811698695
131.53977205052755 569.2240515327178
557.8200645307359 481.73666181777844
797.6314508212238 533.0740457417462
651.0720572973744 875.866668284011
266.2825781321778 607.5679781479739
172.75594687437848 71.42359201784718
564.2007985768312 74.36695037995521
893.964755070289 559.7693182093982
167.38184295637907 137.75380373544036
598.6703723359044 217.84270041306928
166.92204712743344 525.9686184156839
912.9691589056356 494.28256594078755
200.76804973192154 247.70183126795217
709.7547419633485 324.4903618362791
685.9377605584755 149.23499428712546
896.9660251546882 326.2145878752266
730.2861750307655 531.8977245402967
714.2824551989213 948.5656144248632
861.1640231155307 221.9317819515961
349.3399199888924 107.76174855029758
678.7785200886276 724.1337836023341
430.09012884144954 461.4304458153033
41.22668532497139 689.0148313017497
436.0646119077917 902.0693662503883
580.9258480687305 421.8164472081381
234.1516731351821 119.85413966334653
173.34437839165597 700.906256972954
204.29017917640635 371.33914977368204
560.5326467507168 882.3181395566755
383.8051203050702 605.6562186309231
562.2823856817444 785.1577042876008
639.8816752386595 503.1239727098082
170.62050231954552 430.20280984496657
593.6375552057655 299.5775028477002
101.5674823851574 386.78541742854276
920.4321423226511 117.57194121501117
453.27439127289506 164.6531272212723
434.16710116773044 621.5566931571143
630.899292424513 751.4578161921269
279.8064857499721 458.1097048750107
956.0287351256592 574.2755698230536
246.13149330428323 805.1639195934345
868.4912983439673 435.6912669418348
858.7322070238595 679.6347892448924
306.19901739513006 768.3759593491203
517.0818598614258 104.09146286356851
128.9314314551444 180.11712518176176
750.577138872549 80.49918876533114
672.4001607072048 218.88797080052365
858.1819698130445 382.46396039338885
97.84626816092026 811.9125620137312
559.0767395727654 699.5406074171314
94.07533215341532 223.97716804430982
971.624074881615 313.50718570646876
701.3990326608313 776.6652134450796
380.51613310056774 308.39501060359373
375.78278952717915 474.614408351553
523.7644790927353 960.9362663175823
906.3291075301399 250.10777864419074
635.0252331351872 260.8248965970172
309.7360000576529 637.1158871502487
799.9223893618644 736.0424418983997
666.3400539284538 71.30199990373383
779.7363828061021 610.5822552316138
799.3320235774253 369.1044709700796
792.9114500678459 820.3957754655912
321.57679560025224 553.1504117919897
774.1333117374196 679.9069854581836
672.4016119799555 578.349481674493
957.6436591494507 641.7484306060721
200.92686488431272 602.2223205470314
476.33191800714457 653.8164209272503
912.1116758751303 683.4364982021617
790.402534993988 908.9173881472506
121.54544727943447 325.0270601765544
48.09221135991628 792.8259361431425
514.3828826642248 406.9479931166588
851.2802510742463 610.8553594536975
647.3557504667197 936.2090171855403
67.7560794142229 275.465928296431
944.4771447447556 363.7984042243573
227.8431774402955 486.43585967638853
79.97640068204377 509.36119544622204
323.4696262330764 291.52620277003206
231.51120440470518 298.7107186698297
76.99423513496126 32.30175975967938
460.77858923531215 260.5065080373731
268.3454158688291 371.68469977757553
56.043309382774154 855.3675407713627
384.9665944786841 419.8337680646896
701.4543217536226 471.1228948318761
400.4832955948808 832.3623606151202
282.3057768426378 145.02466907058147
520.1868877389443 219.08677118167498
909.8225797897493 620.7110784811754
639.1945146736308 352.41200275589426
376.7687837221309 368.6537914348539
827.2368677552709 91.2574735991584
566.4775814489999 630.7531094861936
645.669465620311 660.3240592194979
621.757919876796 156.62449717653587
597.5237758350157 30.65128243587972
723.7944541360149 587.3958099454296
847.3876156730762 26.687813457661353
367.2514673400588 186.26445769192526
719.5345487000596 681.0902067413565
491.1937188731811 28.516363552364187
222.9535783871664 883.2130293246937
428.0461185050065 379.0474082016312
389.7596418859177 529.6852825241882
762.7568720338845 969.2489709704431
105.61706946017142 618.0983617046514
954.7554253108515 936.4876372496802
819.1977006971416 962.1306948984255
776.6610562993311 178.3624605625482
162.15800051708237 755.7806824120283
334.1168837540656 904.4815063182722
240.3092710186286 657.1520521112163
327.4493621938242 819.3763438956266
337.10490933203056 700.7946452552724
231.94793181650434 709.7466774635191
399.4929779795873 253.5367897827712
392.6114310746917 935.0610944486682
442.5482593737737 761.3858901329786
70.7564129897008 434.21217254291093
955.6409015448835 192.15333943956918
718.9333359782224 865.7812934531362
250.08796921425102 548.5368967154866
881.7975201021281 940.9654634231786
