objects
322.0885016759844 755.1146181200777
621.7273158436915 130.08618728602892
160.61565050974383 967.3687200338567
897.7218582438211 422.53911190785044
666.0807746831683 889.9075803275512
238.833977185717 478.1628167640576
390.40914760342815 583.7239462404848
446.0497337199474 754.6165537555352
323.94494824837244 44.794398949627606
215.7840389463429 328.87006708982193
88.21989504798836 383.8248850999394
231.60608263492293 772.0149164968634
542.7077903811436 471.9787617755119
717.4028972997525 85.27292506750081
922.7009650296827 539.0086869920372
76.63585653819922 943.8744539562142
568.7125588351822 651.6183192555774
454.7876892594957 54.943151197346
341.1836632587808 900.6860909198442
342.83864234962897 561.0853647768623
145.70753804062645 180.4907868808262
213.7709319748504 106.27523593831671
751.6807532908134 584.8813593617449
161.33892890468584 41.82652719841593
429.5949461392956 396.65326005173375
714.4145617155103 926.4023218634925
77.1452977713126 291.06979715228397
605.7305515560233 318.06087458838095
733.4937151734138 161.227267008235
147.8963935695346 523.7239710380071
417.7576200323574 122.26654744526091
751.6227401942296 399.1195182932729
394.2933680744476 697.1777718639331
165.5714823605542 670.5569070986845
85.81428001981747 729.2322422501666
919.0407843177732 690.866283258273
946.796813462641 257.536298299881
811.6909243004529 507.38735548101073
252.42341188799264 266.7090391842521
289.5508770001408 201.33915291600323
38.51358623102684 655.4568009278338
823.3894385503952 101.87877789548264
327.51582424906115 254.1872212156824
254.65466798025108 718.9464166151307
361.4215036408 81.66905631451348
701.8425488128044 349.1602647404873
781.9645667490498 659.5200242295675
600.0421428087628 36.32446887119157
881.8735274570105 358.75333681752784
31.236274982954637 351.41088675465227
182.40566931628177 885.6334315294789
830.5855797032749 154.6913750664908
611.2436269360444 452.60298391689196
569.4219417662599 953.964994835895
484.88562448225355 333.3876132947699
831.5115330511707 811.8128762592478
889.1029736047958 775.097691615618
638.6787148239775 182.7599279015955
853.9490193321743 539.9185324306466
356.5324071707516 177.07573704527937
887.6290186372443 114.30092833176276
709.6262488425298 443.8218531126119
950.4359101757079 357.20841184825673
119.74798231086882 464.16198289715385
450.86337135312164 571.8176059425085
707.4931815497443 655.2163964686694
458.43689203048217 695.1377376325121
29.428783606647883 442.0622009248209
834.6295064674443 690.4240786487157
592.3365063770187 232.9663571813082
295.09597807090677 386.62046985022937
241.1441653794292 930.6803586603878
612.0578808324274 894.922858437299
378.75637468641685 27.228877360932355
610.8255541693992 513.6031326303118
757.252045668336 880.1237679459533
47.77307097169651 869.6759490304659
862.3886262201204 290.18907507132286
686.2870627680664 775.380493044583
412.40778542755675 295.09514361143925
568.9643726119147 708.044853348262
640.5725608497683 408.7642448490957
654.2835922418905 251.07120841855325
792.707410227492 283.1966843116174
643.7955185140418 646.6767019911387
894.8532245953203 894.1756260453894
50.615923899096906 505.82651428939147
623.9378843414445 962.5801359055636
358.1107696810116 389.4744341502022
789.8808764861606 728.8893003656756
276.58706118556415 829.7803495315078
366.7033359002952 822.5608988025286
198.8085570066579 245.2982745216719
154.1976811621987 803.1609126919406
442.6445875483348 956.7552634624594
963.8280859891188 306.94901300014936
224.5972711087509 614.4077088393885
380.1734173490744 639.6235934008472
444.84893257554114 475.44915290725817
894.2472004094336 484.79060270552304
258.08643034212844 68.91292269391643
96.51899246276854 212.91674636887078
863.9953037453054 54.8301406830881
502.4429418966196 761.8308388007947
528.3030180502976 252.70884909238484
179.70220482407598 411.7444551334624
510.3189888271257 106.61933538411967
543.1766475097726 349.73065449478054
132.94915497529485 277.65236439235804
686.9755949719279 709.5396615260944
443.68924993269246 224.38129295891702
894.0609223816474 961.903657751112
97.46893169048218 82.51161828389033
401.530652083836 522.8865220833055
477.0195614696022 902.0100075760096
29.318925797995036 749.3953057369303
775.077119991224 29.119445143177952
523.5064653736066 582.2619585414615
699.2887917236503 832.9826704376956
678.6786342130692 583.152035252347
573.3762538177007 111.66545880457635
251.65302446986183 552.2555388291173
126.10934977259396 615.1424014487787
493.9232535137013 826.432205354891
807.7407490433345 448.0843000819789
262.9339385367904 650.9229302370177
734.407277229871 532.8909925372128
533.7845252306529 178.37907727507684
902.4863157416253 216.1888153856762
754.3164378421627 218.74228968176197
828.2029206359191 949.9255391937703
931.3615424191931 165.046152429546
115.27776347693302 838.0607716629521
460.7025929153929 633.7752828195754
508.2234316196036 432.7310687370909
