objects
749.7606084969514 411.816759604533
110.97120323450635 943.0930396867483
667.194590110225 92.3802039804539
792.7411728108146 457.5022790881162
172.6725626213611 760.7403933971304
219.9091030073158 238.48482652003418
355.2800111875697 593.7293069675934
931.1863836273585 196.4833816369452
152.65359147736092 120.95431899092154
896.049354013076 273.031925271396
885.4446928924831 71.27089788503794
773.7251535682963 343.8234271283601
56.48385311365432 599.8883075896904
505.1593636597869 556.8041635508056
511.1660063712127 43.520105088066686
253.47269701196979 876.791192869187
919.4996417247346 611.6656876105027
493.3485826505977 714.7323885718457
177.18666331191633 485.6238688290192
464.24292643733423 359.8125071632004
610.183384364611 895.4027649475022
267.6336615092628 311.0182055040252
824.4230070214587 831.9352785748534
661.8710784094561 801.4552209188291
450.6499307214727 59.16795821063765
642.8172158173447 691.6414389690674
47.07408457446071 363.4021009088985
674.8505542684608 559.0712429933208
558.960847119776 797.910119744024
612.0880694465695 536.1863653479755
757.8613629825704 879.5342235112519
683.3766819168844 289.59404216102
829.169703859442 570.7935383204367
669.9704134803975 165.55502366260978
750.1720598326539 590.4633279619148
281.42377445171763 35.465061440176704
35.94301190308904 508.909135477431
417.3294628194686 286.3862900715652
240.9072430657291 508.4556228446269
353.2775117761624 489.0490762350025
965.7155418360176 398.28497876078666
372.0281534931582 87.22337315415109
953.659030407117 51.503985911934926
124.28905234472042 567.2727591542961
388.5361106892053 194.281071350427
219.988610190399 795.2445249662709
565.3359250833698 691.3951641363385
722.6954585765666 531.9322427898976
886.8389008794666 691.6555051767647
565.1133619471409 442.8848725196089
397.59358232894857 543.4937233493487
970.9854142131694 104.63847493105294
503.57293204212857 309.3174735356335
448.99051646278554 882.9470506332257
599.9899665282292 95.98700126449924
473.5092426351946 412.46566731085215
520.0641339317135 491.23641467114146
457.4862274270869 187.16256790525196
779.2707819504 187.1173441875681
303.4161421074733 960.3084374628479
305.1253644722189 562.8751204536338
212.38216231039473 405.8897536574593
399.21973354663254 900.6406109109193
692.2237307396865 44.069103732340494
507.4074678995423 883.3187121694049
74.75109644927113 881.6209189399805
688.0587959263419 229.06161095324336
187.59229437832846 78.98453840782194
572.4593860255692 614.9326420738626
834.152747515179 160.13699542192407
958.8569878854055 555.4409015456343
733.8959544977055 109.4531049634733
34.311580170641584 262.0311529773171
695.6145116870397 948.6494750466841
173.46291206066834 654.9096666748255
316.5196519823316 754.1297812954841
411.2982980318889 454.26799066855807
867.6571130300114 204.2068476733578
694.4022891006152 417.03480266675734
202.92513861927426 944.8827166816683
125.3054465303704 168.54876316253495
504.44504800387006 660.7096926253957
115.8291992638822 295.1656126185477
417.76087896203785 705.1617902144138
455.444492868294 947.7135214335916
194.7862427027159 555.801697832107
880.0974298551597 468.9720171647319
94.12185307004778 34.28748486389527
81.94568652017463 659.9280066792202
817.9299703259223 221.85235492404254
57.6971240530944 437.2748912809894
940.8045596775913 741.9061538185093
857.8250802889062 634.4697013028182
256.16867588383263 743.9289230147964
289.5805184149879 491.5027009165892
882.5317498885445 855.8372415664671
309.4523503905525 142.0958508917822
323.6611521518713 818.8864949822464
159.5006406702463 387.5269238518141
261.51301338646044 674.9573008555658
717.1910690582513 339.69728845330275
602.8336645991756 837.5555614053362
787.1748818314181 929.795085775445
803.33922919318 631.6752284757682
54.67592981551219 789.1826386506335
680.1189999043847 865.2869204921518
312.20780126955697 393.06580023639987
553.0315710913613 358.9367451933592
365.77365057857475 420.0434826600622
812.3345364371073 400.43589421790375
850.8442326008112 754.0272228339103
573.6425941066602 264.21099963675067
409.7996658009887 611.9025563945464
902.1381634300576 366.0569337348673
159.47427746073944 821.7180472647128
540.9566244513154 210.5462832261401
438.58742661279786 135.4498413355763
452.2912887325355 566.7785818254691
908.3108503676744 943.8555841875302
491.2121398067129 779.2329770967906
118.60178829504893 487.08516817878706
859.1315727801267 319.6974007046006
63.38320547676807 162.04416741499315
813.841039370648 290.01868411987044
661.8822090718152 742.5799959779187
950.2339411229401 494.80282620314006
579.8434247759017 952.295254616223
823.9029915158225 888.7802549410679
949.0910658602743 342.56699138443656
905.3933185663302 786.3162389704823
815.5769453154845 109.50964289302436
102.89434237824598 737.3430618795684
817.4494980388241 695.1461851635327
207.3157603969814 325.7336018951081
527.7238851913716 108.6152339438083
