objects
376.2695611754353 712.3431251602509
530.5041226044735 574.5055430130759
134.47484618375975 363.5974234754726
690.8442771493332 835.2649964165595
191.2408232577921 841.8895043359838
244.34360826193932 107.00862351149095
447.7700338332345 258.2417896664987
653.420292518213 592.258484306397
47.54759631048715 106.35625780582777
869.9372567203461 910.1573299986853
357.65054817164145 309.3111328713876
437.75400709448905 341.1676729547317
718.6193075196048 302.6708816279208
346.5460246588419 531.2010129100927
227.44828814639362 292.78969534613253
710.7575719674957 470.75113636637786
822.1625240191837 741.3999119520497
615.1090453129631 84.96431246001465
454.1230786556943 421.5930365142361
419.7425728790444 601.6512853994577
933.3808788164085 725.6180756416663
867.7145770947543 355.37922601487924
812.130287316489 518.971010143955
653.6872493265171 948.756075600354
162.581755040379 681.428232644986
276.8802189773995 610.2574984864814
530.6641426958023 883.3416748523615
309.7977252351029 795.1249263667975
318.8834876276886 904.4126951001705
954.5617876962874 474.42003731571907
43.84653501733733 563.5658007113946
67.01488641277538 486.51149208384595
653.2708803811217 375.2391218929212
450.0125083462755 80.46836394246778
868.1202547012105 101.52991136301335
617.6677378304657 214.69751941688529
947.7105119691041 320.8549429748217
908.6928468738639 599.734758332346
104.75993234467603 928.8955788569692
229.15516542679183 535.4601655594007
758.0520900716338 229.52768981145584
149.7501284870727 119.79232117141333
847.2791538114303 218.92821988665548
44.92722745248146 349.6804733077787
373.48607365980297 427.9612562040974
598.6012800715961 836.4501723461894
254.32031965316668 374.46057761939244
150.53278295127444 226.9371748712608
676.9048211359394 723.65379324841
353.0436295369877 199.14078308750834
345.8649437129326 101.13554834353128
430.97462184218267 777.4445459328416
588.2867094542917 735.8076652610639
960.1044531071539 898.0088886676964
470.39852014307206 158.3509575837864
820.1140531565705 644.8114351471507
607.3782986240416 444.3147360676879
549.6215752456317 357.5137944160321
467.91378163263647 667.1736258787473
238.72741376843584 935.1194289835546
