objects
447.37787844867745 706.8866686746102
800.2947494666073 469.19195968671454
280.66519642090105 219.45993445241083
66.4637011039048 223.38093891993873
779.1521741497364 675.3565609359288
771.4544433351148 252.38632964950887
485.41753101351685 542.1548273391182
943.1323302675833 580.7516492244945
152.08167347271856 708.5780403328314
551.3586217769155 423.21746396632
603.825811024905 897.8797715270464
670.738176997923 113.20485422321383
399.92324452280667 562.7696772638935
375.3678169057163 859.5115054882609
613.5958246504056 371.36454295770415
297.9822610332107 441.52091934533314
787.4502622003565 581.15586899457
423.46480862628147 419.23061023661165
603.9033799912518 227.48116764745373
900.9155645914101 800.9385334373386
586.4388589390896 729.8695726591441
656.055891597572 555.8566552768067
709.233679627556 441.8425514628679
948.1593481413215 402.93780928895194
950.7482471719098 240.75750735576432
55.707668069401514 737.734622147092
263.466474155397 903.4512871113177
868.7953311944707 356.2325039579395
750.7470744684449 367.4914384416804
726.2154726804412 914.0734161329822
268.98433803419215 618.0517717949344
132.32201699935567 330.95150170557895
478.3427105976403 176.3380447489993
195.18492443244594 537.2808012793583
346.2952909645986 694.5785202346136
187.63651588010168 199.88987912903502
876.7713348424688 164.90642655856283
245.69539645399516 709.208667998462
158.21708814673698 411.7984642605261
530.1010454395297 307.9656863634857
587.5465195488534 50.61358347513366
801.9657730529732 807.6525078893965
227.64479724968848 829.5144263961087
171.24319126677796 892.1287961124789
469.7207081910758 798.1860922261816
412.89311271150217 106.51400799500175
83.57542175923908 940.5920923978135
83.08854025055038 44.183509549268955
855.402781238834 702.9404232594713
832.4549554915014 74.17272745974154
490.1389964670445 68.92628929288614
950.7289112843994 914.3714370331786
290.3839073338748 115.61570533363789
311.4097786333378 791.4983798494245
593.6627457565895 137.87507425274526
622.5318669154144 819.6241394264127
71.80250259297418 826.1614025176585
491.53622168007576 907.7600095277259
810.0189872766329 929.302018591937
450.78158371370864 287.82823652781263
