objects
431.22773941368627 321.72796409049147
805.5396211167013 147.21930997433557
128.83612417116393 945.2666313548483
250.280511611312 762.9878698639073
278.7032377332977 952.918357742647
824.7283514129678 940.456025287832
130.271351608993 444.1159291752006
907.9375536384716 105.24556218717328
281.0264872748922 351.34463694591267
506.75367423219694 500.1253015007448
519.765890162578 712.4903623293535
444.2141886812821 729.2411350862805
914.2484996047717 383.8615267094597
305.45509128877626 438.90019290882486
286.26491766264974 47.04156535339775
104.68854079526423 171.87701966716324
252.31967783550775 509.4522444060263
869.0211729695907 494.83721784328407
856.5120731704108 283.0417955765325
146.8217698600312 555.7289185468344
106.90566107483932 730.4172105661397
40.92455939450713 311.07596996979396
654.4069203679488 284.1574182132882
40.74050220329256 510.9948810722731
916.5341965580819 834.4307020614125
260.09838823996057 182.88341713813855
374.4262338190756 144.15842263492527
325.77707593061746 837.41041977544
461.98364416537834 626.1834902430634
880.3243294535818 583.6211973345071
174.83299408484544 350.88207438311827
940.705484085727 253.47399923233957
626.7605600027222 404.57506840163825
733.6192251605621 435.36083339085417
54.864763865787175 921.0033251373319
592.952038602121 140.17329525085069
585.1263749120089 516.7733195704127
948.2524481072734 666.8643850260275
601.5942870537481 762.2447981615828
645.7147033499407 576.9589357967469
376.6731244471774 258.482932158187
172.48468547023327 678.9490893886195
698.3894161463774 742.974473311422
245.00117095054026 872.6384149042449
253.31521402907882 278.8095352818414
821.2093842552935 824.9135700867299
494.0158058416735 868.2600158879725
583.2615366191341 958.392189801772
517.688418960385 791.7640368746656
727.5617086196436 196.69668203612224
48.04091936873944 811.7474377637867
876.7973406538724 194.08032886931852
822.502027634832 389.42541942554726
518.7331352877154 303.7257242155483
220.12606446964617 90.54959968305637
832.5825904765496 690.4834377587744
219.40667351300812 583.4502947997961
651.7908712289156 857.7676939414774
97.67819384235145 644.5369502415424
748.2528436525681 619.8657147139597
