objects
112.97650417929924 343.75520590713626
42.359750060970605 565.007270896648
211.0535618886309 605.9211059032291
486.0728448150404 873.9446519475023
955.9957326228488 395.5650836816126
142.1277304973101 47.52793309058048
859.1872619960602 171.54687795184054
40.48105473550309 744.6497728982855
514.1611017382721 213.60312839838417
479.95074227267503 292.21588711073144
595.4207599209537 378.40276269192475
823.7273406727412 957.3217276763951
51.092801131835714 662.7189798593637
673.7826846087327 745.3669313665957
750.398865886926 167.7963028168122
782.640794380854 290.4484011963828
793.7665411594048 370.24502207954697
873.6286234915113 650.5334837780906
466.16363265502173 747.7244740395563
925.097472114335 50.39122842171925
247.7977366419111 364.6897162632582
240.7827808177183 694.4446924590691
879.889554955147 797.9052299306419
275.5993472011486 525.0722832097788
301.4079938194789 941.0802194612797
91.0285721706517 124.64498520293259
699.4234078957716 923.6146036377894
395.79887515851726 784.4069537187581
634.0227707111303 72.99162311270769
523.9545795373831 527.2383169706366
922.9542687933798 569.7603841468468
328.4561262710034 173.08064894900525
802.3495962781906 527.8264463532001
759.860764796761 441.70649485431375
642.5550591548991 154.03456034885423
716.3926322764794 677.4810200465088
330.9858518644357 607.0456459403372
625.687221328662 491.3699697383071
607.9178812705937 836.1123194875266
869.1992313581816 250.2054592837209
238.4461202142851 444.069886349636
43.88371760856258 463.2439917052871
106.90183567206375 894.8622675243823
383.08757801807707 341.17287591658425
706.081917774232 345.18625825060394
652.0215149366827 245.10517070983155
423.9610164137088 634.5440523522054
454.8928496684447 424.7477002317028
583.240551406502 667.5640397006918
650.9940605273409 575.4170232757582
137.66025094077122 723.3357689746412
215.03578669785765 925.0677308324657
191.9723550578164 294.27890944695554
346.4988688224942 487.18058247156284
224.29193375797428 195.61242243427841
198.13375368236063 779.7459971746218
406.27990776824083 902.0125244268669
352.94149182634504 61.06065239072986
801.3811884908149 64.48989906731398
121.90713731944552 526.9359496929492
