objects
864.2726330726291 169.37731712518325
442.80611985123727 547.7355075216404
499.29499209597185 52.60721070595095
211.3152760960032 488.0887575109786
219.83526042239785 47.59611835586687
782.4702565611575 567.701631202303
771.0402617212021 285.48628162054536
397.70277723979854 344.67044440578564
835.0484861521351 374.37908971875703
233.40207640136614 769.2769223490934
835.7823636011633 959.7849246622635
884.9729442036071 761.1091911933103
945.9887279674168 362.4581805007919
252.0508464460586 664.6050565125528
528.5463759742394 635.8334381061609
909.2804229417266 590.0771262578621
271.07571499940144 138.7715621141728
95.12121953442812 254.4065606768446
379.95404099186226 229.75605241852608
709.5672631507282 345.66585965657345
594.7200589826006 231.9560289028305
144.14971088173826 916.7186860675251
696.3010548023419 597.9409494735949
719.4372042614553 822.224777590621
183.01193557707532 223.19899870152616
394.5715305337934 472.8987270754955
54.6039953538542 564.3030267261978
584.212293513045 96.54776041647807
898.0640955989572 55.83808791251454
149.35469032139144 326.90325202321065
679.1442642832816 217.22517761633156
554.6776168626023 489.5619291985212
958.9190612645516 947.781374872428
255.04685271464544 570.4938840069467
174.35677582547055 635.653884823819
117.90734661352093 491.6397337823078
551.116498549444 326.54732938171713
780.7863912089362 709.3568396698332
666.1929237147208 106.04837244809579
601.132963841065 841.3179615410011
102.8574602126717 793.630138088403
356.80494123490416 783.167461240056
307.9685700706302 929.6455541078024
322.8013230190762 73.66774792817841
623.7303785309865 731.9617418127506
835.2376304994498 861.9542952935363
57.07545394743206 171.23957562921873
437.12494905558805 770.7397588849238
851.4490227971814 475.62737831623826
866.6567747259055 262.424941779161
934.8269165584977 851.0930120285122
789.0740094660903 112.86937387463178
492.55191720574754 175.4181415429781
288.0587781356049 256.50922273278553
41.02232581090562 959.2155576409964
670.6091867538535 496.7587251377296
342.46641626709857 643.9533964045471
77.45162082563573 369.8859727669077
416.3802299257323 112.86087184459745
304.8105392542991 500.40563600575337
