objects
866.226357112718 241.53340048120367
718.9104171523348 353.5451338567562
245.518561662309 375.65946148813657
948.843736819166 297.5439185643519
411.6447602815471 175.41739598557479
587.2969871056587 396.85764356439677
216.77843841843023 878.5238487433867
620.80870026223 110.9712593096991
620.5483953099803 447.1336552247436
655.7721955727238 585.2412539888851
309.45908556659685 699.9368964023959
669.6144230948942 675.7080364889612
946.0537752793236 734.0612188856732
640.9719239758463 490.19689872164633
605.6326406338743 757.2963858738792
377.40144175136084 630.0835662404756
440.7681713778464 266.06659704928296
482.8893583238747 200.97110740539088
856.045626365797 938.861113557051
331.8008247013908 407.2571760691145
152.84217689546094 444.2875676833609
877.2203190279342 623.9708742512943
344.12339232675725 509.34121589105786
279.50966614916825 838.2323569731068
920.974250401804 839.7947156023649
244.61574510967938 679.3360803242443
833.3430058135566 799.5080879219747
114.24065831148735 824.5163010779937
677.2913437010525 340.42846442520715
419.8240563787028 783.0361625112347
216.15219534331058 239.70382556503557
316.41290895375096 742.9322827739686
603.9807922634933 586.1696065847536
359.0017279258799 162.69348619627374
429.162952828358 53.54062227125543
141.09414624040775 772.4473243163601
63.80047176503153 342.3354917665265
51.23974619097911 207.64256716849732
207.68805874312272 488.913766139502
817.6765625575832 405.9398232732169
813.8489019000273 216.06584451404345
104.94620566775816 554.1974729179838
940.641549193542 224.31012932280294
485.1233420980505 688.8178896718059
662.2179479204684 729.2251088643666
502.2011376365148 737.1895451917852
613.0069472307971 953.4345630579339
444.9856478359927 223.29687078163218
925.0307216176445 436.56763113055104
63.441406650942234 277.3378342275278
491.9029646033847 618.0815993892203
912.4415347791763 35.412792421835775
935.4049991622951 176.47597862814666
61.912451081842875 924.1630238008604
605.4627173251673 21.86849525261727
534.0669599902433 961.7147758702286
690.6618111599922 551.5019442332194
452.9763639512545 147.36765674471562
432.07465697295277 735.1247368671691
171.57242775315586 868.5024005743433
612.4718034788914 313.3097140826633
798.3517228345141 667.5546668642008
55.72858861266063 75.37084048609657
556.2214871456246 761.439857662697
461.22016138990693 412.3522758021775
27.0384744659549 258.3455255242218
786.9600255108909 616.6441590911522
326.68140025380677 342.14802963657553
514.3783564578323 105.82398543387384
526.8911324708199 657.3692656936474
407.8379533242217 953.4480556361534
816.580874249758 913.658231884275
404.09538615504476 668.5029612315337
316.98111877192804 45.34944869839316
202.82969371874566 560.6760338848464
227.89393535762133 333.24226406654464
43.45822211417233 809.2249447072685
938.1996074581336 589.8619287369943
569.2113223591421 442.76918354468273
683.0551706329322 885.1840557785932
459.5921318133062 477.39475912398586
468.19073308737023 783.6448308867579
557.4594879003415 586.6948404477121
575.7886379165266 484.6057053542381
844.2573942909737 22.59776836616406
286.369672204578 263.666915260986
802.8913399889492 285.49644880561186
180.56432143131462 635.6213159485644
279.82882990990726 426.61988468155164
748.3196738992141 745.4461048323091
470.4787915264211 839.7160522888927
869.3297613561183 836.5613520074263
184.10084556693943 213.50391325449456
813.4259347971093 332.647121198929
302.37730860078585 604.6053091546571
788.1355774017441 466.6477514161868
392.3929816522705 845.9711542537485
833.0412394377774 752.2613830256719
500.7078123894913 22.373911125166416
395.6629600402419 121.20485360055497
707.8229825804779 830.0419971111094
759.5828420715959 496.3670673250972
88.39060799659092 972.8089687780723
475.96322478402124 976.9414299726358
96.29980850436553 873.5542689881429
620.0381676319042 547.5135455750235
836.5338893688509 574.9449631867329
527.0155570118307 854.5380916658382
323.40476319254566 874.6345778824378
354.35269144597135 704.0883003809832
270.2625605645212 66.4012990019452
851.3748965733977 356.5978057795888
814.3925235066125 93.14068445598303
396.5477995937409 907.1952616389627
698.3285661735553 463.7493938145502
224.0327301033507 978.4363919372433
20.86593373175549 110.43902736198089
597.5436346203272 201.33377057823625
460.66482488480256 539.7454684128228
391.76476982884503 322.19300128992865
364.3344642832931 458.2112161680986
553.478275945648 130.2497237006292
517.0027904864826 266.9669316264857
626.7722706290101 172.5341541910942
288.28582085969356 319.7017494686662
891.2367780696867 702.451556736169
110.54449118411472 169.62285992712367
752.1026364047418 413.56916070686754
526.2230993906041 436.0528196107589
129.0889474663914 108.31328936010351
35.33257334616925 754.0736419644359
89.43112281600611 438.91779654122564
844.2797445210946 873.6152387226234
29.855061884064195 589.7497825207624
940.3795272688787 669.217655409373
380.12665533894454 219.46557800237247
955.9073319715872 135.42779530506672
390.49551307702325 533.3003166487589
223.34042160483443 194.40107817505162
146.56774860532568 530.7779467684849
108.76844442092198 240.54765835585164
26.237032265094932 44.29609204394939
777.3110347867257 375.7136031622284
804.8060265717579 548.3234306489624
581.5171597070635 896.9502156003738
353.2108674609655 292.2038430140191
660.1521493411633 221.3019437007911
725.9011959208227 659.5255634501891
49.72947118825874 464.40290812048954
110.94980295070962 632.6872705138076
