objects
896.5791598892636 916.0144302009377
28.2728240048999 731.8956657362031
170.07672830899995 461.0637979635186
954.2454329161645 582.6599067352635
381.436192551387 903.0720613613674
265.0400213336088 96.19118424405517
368.81229607098913 411.6470611442933
768.4474357103186 136.23732613310196
53.786660034437105 773.3105360504892
798.4804871792344 918.9499799485138
649.1345168212741 222.6844689913247
412.3777588086988 542.5550269088867
639.4867389431779 586.7855717873235
386.17559418907734 612.3040927816961
572.4291522909936 528.3927010965978
590.1713239258332 305.2936823332506
77.15561800449635 550.3221192589448
407.91568496315955 836.3709084202327
910.2751393657496 162.8013752006915
325.1089179774154 155.6076004231595
173.2043012351113 211.7160823442849
127.12232279024062 726.7721727507673
200.72756426055034 83.1154154101997
930.7523704564085 823.4148503583477
287.10815924507864 924.3033751823262
548.1959978366341 762.1166954409937
284.0715397955943 579.6124199813954
717.9881335139571 742.0995566343634
853.7496343783013 281.5452283458982
456.56134847656296 443.2981372662912
261.86214245897037 442.7539835686162
554.947475979933 216.8875806496928
949.1384308449733 87.12488998500956
477.29198849107024 570.0539362937994
950.2835613958817 349.57865108865445
831.0813624797406 146.67052615682945
312.59940194196605 443.3249141452018
712.191265605375 545.6960157630929
115.22120097393272 884.0647629274426
559.9832144393871 66.50166790219754
789.2467551926325 595.8581637311227
45.7068181202148 689.1687023680912
118.62200173053637 450.2514601418316
450.5675649379576 361.074542522772
927.0558529300456 43.23037779160837
609.0413256705828 679.4943322799802
843.2915928991852 743.7051896214241
103.47112116630595 603.1919090797514
272.0722742898157 215.51703219178714
84.26090283713788 210.07566066509355
58.31371447278822 827.292983905995
921.1088324987513 783.0353433422866
256.5131838673278 878.4328843616421
204.75880085491193 831.7200147820282
542.5287359758537 430.1479065106733
341.71307502976845 754.2777175035859
466.02344794894117 51.60371256124871
387.3885351648372 263.2973610302739
764.074487414944 193.78958845122023
34.78568399859414 422.1610941657038
35.248786499700806 314.21168769147283
849.4404844106574 575.9068150123176
39.89573406564082 174.20470413010753
538.5710963834186 351.212669981886
24.9091101483688 228.52175362808285
233.2694701393016 613.5819340523982
593.0628960920228 949.3389273954039
438.89802162519896 728.6575298427498
213.02787367388058 232.12780132133744
688.5902769313 804.7231319803105
218.7056420638326 712.2129763061685
741.4449588020069 239.9703784773229
247.904072277375 945.9961878507327
68.18289924619992 904.2793894329428
108.17844177379226 837.9947985647244
875.9251195040778 779.2663170503223
975.8069099616403 208.86110614083267
58.108007183140195 650.6997225249071
380.13155304009723 722.6910358028439
368.1669111392128 467.29123792352584
625.8623599887901 405.0693107552883
220.71748328778057 537.3406126158668
91.80963902453672 107.73936304563992
939.2567569820598 521.3345168218535
148.95743306543986 502.2904587236231
774.0700019407516 786.4322971744191
837.216774204343 377.5197170081146
185.12365624631335 395.1361950543356
341.8242259481751 285.62482048978524
537.6055297994812 976.3104341728421
703.1709017621841 294.4346521810351
941.9970678631962 640.6118016663838
845.3663118702697 508.605406878974
833.3569756222092 228.1376411604236
527.164959642691 251.2237418900986
730.7010450360006 649.784901689452
498.2572145035041 453.7440179279401
130.92332075636025 35.39075667804634
38.08641042376925 572.410626936568
651.4580944737668 130.57775773962618
132.14408294314805 353.56310362141
948.4887965516369 304.04836191313444
711.1341690110445 489.7947429933933
841.4885179259179 867.3271098927511
482.4829183118977 688.2857763719959
655.2610952626151 461.30704416444473
172.11437228393928 799.9090185386658
829.9486396285187 782.8812934786223
919.313852023768 229.23050260779627
263.73692130934734 284.3722380929039
527.3928399048492 911.4761851680372
420.66080526656657 94.61339134503729
121.28056310423239 534.5541548919905
872.5054824501374 127.9672620621192
931.8176411969969 727.1679835610967
175.39505230664656 287.71948147003724
21.398423601005696 105.11823627852283
571.746060875243 458.55221053282577
917.2261923342494 599.6993941955457
884.1930483452921 466.58341413925405
497.74214923591717 809.9333900498359
897.1849124574434 276.8162122257633
711.9534427223939 185.8498619403038
773.5144330903184 314.9556282129974
462.96227101294465 303.67859363509183
292.5038503950069 131.63193148400538
928.8759143239395 978.357925351627
224.00506185798525 978.5667811603021
100.80490018115538 264.25757255979414
521.408968445044 591.3428780415093
385.1528543681069 779.5414767905982
656.2020936278294 40.18253585997829
450.2222883024968 218.83760858043308
256.75463434004604 331.669852637656
351.73213758187796 814.2858539070177
638.3971861872341 897.0920335170606
417.1799074567996 691.5616023272728
514.4049045546966 109.98470657878462
598.967676449936 209.0258724077246
410.62699798516655 958.2252686758835
345.34654042008447 631.3864494136787
865.026747607776 632.6203930370655
33.39566470981081 975.1214174114087
414.72313846439994 149.9794633317171
708.4918650678084 86.43937625877112
681.3257957483299 844.8613380729557
414.2016103825685 428.1002382966345
371.5289271782241 509.1414169150068
189.8734762965027 505.61012606096926
559.6807110511072 685.5165512229898
