objects
653.0877426443556 165.53814220161954
185.9860556976134 867.4082815910361
145.6089700105327 169.8231592725125
165.71952552106902 517.1741389672826
535.0456817530244 770.4816412344003
44.16121141791983 682.1577446516469
864.5674528624074 393.4157677640061
382.9761951598156 741.9349610056423
154.6972848303072 633.3548588175354
752.7689583544279 446.5720463016016
628.7747608444384 42.4281821876613
87.18811617650337 893.8638594371359
884.7464546721426 536.760889759497
357.14963604794065 117.80112324528244
929.52234806654 179.70065189172715
324.6494185300853 923.8796803859417
763.3338497297173 926.3543152919219
115.55070224776551 47.78298996397942
417.8504549544397 815.3100820328433
567.960207740485 588.0430138814321
253.5538597529061 699.6966470599265
406.38476038049345 253.09872900143827
372.93052552575125 524.3154716699177
576.4342319636602 117.76558682673183
919.6924516664695 777.6910032530662
793.1469822758918 38.840798847923864
622.1498626369707 413.3985390020005
810.1171575594776 388.22292491984587
195.30196969332977 271.60821560485033
864.7064764402087 61.87440700584584
619.1387793066974 242.42668392074776
68.20050865103059 107.47831773930014
199.4420346608728 448.90408243218724
346.81303887283656 617.1453695630482
599.5175059535577 169.19269101010508
231.65947455384367 211.72344543943476
221.2694214494887 741.0717353541335
970.7455136553416 869.8504777364103
102.70876004180056 763.4610180275782
936.5877256580592 669.3433902912712
276.6457862382246 656.8052606853064
690.4116876530709 682.5555541792694
735.5610096941641 648.6968584607691
284.80852421102855 181.2186977895404
267.8185774257897 387.5060749367311
687.0395048916918 776.7200892702172
810.2298328649679 589.6043116046857
171.24688879140294 931.4495045925464
44.747772583094694 191.50449617315454
588.9157174081234 703.0634760376014
645.3957245432781 331.31813026259226
666.7998633326525 25.558263280194584
423.01622785003116 186.62515648194616
752.7311296580777 99.5093324693845
594.6879794371334 534.0516448147646
742.7957706315 863.1837732238926
497.255982770697 151.50718345866005
811.5603641093882 322.3426860254499
564.7071476432648 669.9547093344754
900.6463127616821 715.1212146177667
194.8505105434902 390.90711098379575
518.9495504734276 370.3625275016483
840.0079313170288 733.2165058813473
540.0202218736457 621.8168394652192
684.6163526086592 314.74065248809114
414.634257733706 978.0154637698425
797.7077869192578 681.603890319457
600.3157531086827 766.4256739268119
962.3311350332017 322.31926598843785
377.1877111736184 193.17160827612145
158.05485202396366 801.5653667657404
35.81663250552748 53.304989626413104
118.63155469023701 560.2346086099037
837.4011352532036 176.9658205966044
630.8846694848514 664.3392558525422
697.3529542643278 440.114449264275
913.3674646970543 138.77314043742302
55.12694757836994 523.7035202662908
338.1447037619864 466.3108660559851
524.4366317960595 661.9295385114762
660.0653579251156 593.2155389574667
975.8621886817206 129.11644756978004
832.2484086235947 914.1769069624277
299.1175744378006 704.9979688170092
446.9135150664685 953.4046665188802
253.33276574994105 52.05292014694629
905.4676288433443 863.4263920949761
731.5345631366702 787.5093256746113
276.2001521328699 862.7959416218521
374.24806856678146 395.6033702788412
79.60809165220607 593.7615568975903
454.68020175168533 730.7384305107175
477.6895049362795 683.2171625433984
690.9875677502432 245.20383950387853
754.107063523083 743.9488258961825
291.77255081473055 483.9119657651979
84.5469770156127 268.4757541314284
471.75165039250794 304.9153501503968
302.88742887069674 558.75129080486
110.72161983852914 507.4554568194918
818.9048600160341 85.88943930581664
725.5572144893746 272.4037891017183
177.13301147685252 111.57720987302335
828.9913707781913 541.9896164978021
52.366875621722826 301.6452365977015
321.0484937579461 79.83317747173058
346.07676474671825 254.6015917102274
491.07508353356275 759.2518609525043
752.9395211561841 208.98848375887744
253.32788335355204 132.35946313240385
604.4739787039678 891.3453625932127
582.6562728973291 462.3034811769728
199.30329582329634 335.95511477493517
634.206623275829 369.9799807010418
734.5266512934676 402.71543104884967
775.3903911259862 300.2660606827927
160.71153814450403 47.789330169925506
38.922061213645065 909.5554964750429
101.56070197175697 940.7725547856442
725.9465695958653 582.6070894273774
48.332364421056894 840.0242205329274
363.61987185294976 862.613051832942
357.0113405350575 312.59591675992357
340.8349195404371 571.9120029162895
258.158450777665 307.93091037651067
851.6039324797858 333.0019670061925
833.7072646691356 257.76325815644066
182.9172352754154 594.6208858136289
702.1239840818373 98.19010351497943
537.9180050523421 909.4536395638593
32.3161504865253 792.4033667001424
209.15773789827887 670.6990041519335
486.5700194256048 250.94215329918225
435.16344085167617 143.8739667622606
378.69804658420964 936.1026063207318
640.8628555965589 917.3389914065339
950.4292373451373 250.09116282464453
972.3524424318208 612.6908541884796
700.8428206537443 185.2313343740453
968.741629354029 712.1480271176966
738.0968989951168 343.6915546690321
933.5772457867951 387.6080198985072
89.86977627653931 703.3581740419753
795.6368690549508 759.3812635226105
545.4155879104724 731.5702417652279
437.9666777590009 102.22420087385444
93.5430169646113 831.5711531660195
705.0286344980583 946.8097718796371
517.1155645397125 522.9062867552469
195.783666004672 823.2121172020571
