objects
827.9731448868043 499.4197269178539
479.904736461395 425.8790842678312
357.0963114217201 200.6320481719933
137.3312131129802 736.1716929240081
320.13632033553665 713.4121225792188
535.9954052976946 713.8463303427126
868.9559898318589 822.0022614270354
130.02246807849014 535.7970354414455
352.89735008231554 134.9564782931767
138.84934107666018 339.30430174809686
541.4807522553508 480.94632335769984
911.3719825632835 138.27514716186465
91.25706029631685 851.8051818431105
99.65391840158979 304.20434409560085
888.9557112462319 266.4718597691931
333.1125337501214 558.9409929516364
748.845187415429 823.8121749572124
754.3762373036716 131.0100522342612
831.7952676248749 885.4082358240208
431.4023043899225 229.55024966280158
222.3845730982133 441.72564854911343
239.35553842044303 629.0737570034837
792.4851690037488 550.0035636475819
223.79746390504747 963.7631016129214
798.2827875702344 692.2767966163087
131.71595589018852 474.70238881187555
736.3466854908818 218.19839232329215
928.7614568356584 377.3154303893389
686.795034845276 607.3937573971695
462.910267776677 119.36018490190715
136.246112130081 137.56218448463582
249.57065280616436 514.0300654069483
339.9093617263596 794.2178822927524
347.59754061443545 462.8093141538112
157.32026844904274 906.6865968114417
493.21053537351105 851.7567853595209
955.66325672841 782.2841083042447
417.48092780630867 970.8089119601095
416.4969810120108 809.7541913945241
768.7678444525092 413.38611295515716
842.200319146949 192.3221635913401
818.153551898401 241.72552380520153
678.3786889016889 902.6933916418798
863.4674166820865 425.8839067251462
539.7244311356043 291.4796313724739
930.7056058115733 915.0090367868929
814.8800910911722 99.699208242804
568.8686910245326 53.927110404388195
386.3930716946745 304.9116336750403
886.0434345632144 687.9356814312263
630.1335483359896 93.76258467897905
666.2792677854017 808.5680043020348
27.78574361581622 686.4641861075468
514.6441080338192 61.44237318808412
55.020954634683385 543.8999571275366
564.4991430956765 238.09536547627582
515.8255700225519 377.1891492623287
211.71959987301 695.1070438421986
196.33864548860114 834.1912171067994
689.4124857456915 111.44471494441682
715.2040165996013 765.655048077099
839.4031727830683 946.1177982768498
628.4022512484305 263.121555329488
464.6465295546784 676.3706955951072
616.3282238213819 349.7237783287044
176.2136436606112 612.8318552302185
892.6837105856575 33.68899798695552
443.36415419718907 573.1928405853088
209.61024664849703 95.46198834866365
901.0865556114194 609.3515524023938
91.4642103084898 783.4128326541633
614.5614434102463 413.9592635753088
294.66890845994124 117.66967574112866
354.4511929262614 357.1864426407261
459.53427786148 483.38582646390313
231.1061134592809 149.4223252719317
746.7138588565391 479.0237325246829
53.25498217534911 910.800224357957
732.4234405293511 529.823383180811
628.7450191479189 698.064804491205
82.45462685694176 419.8697792254237
496.7826136313098 913.2418211353973
145.76754069381076 664.3810096408329
500.80025319015596 782.6225303333008
487.7031951738491 972.3554167573755
607.1604931059775 894.7111436535353
448.3554013496532 308.88253663691836
958.1370765100936 455.5511324647953
851.7074850163167 359.4573187332586
592.8426909946013 156.91871150914025
493.89062924387736 615.963058043332
76.31013677956435 172.01561160440136
966.3416749220319 597.6271894560165
582.4403950652545 819.6534762241022
716.8753834385001 382.0028718019892
385.0268062426982 605.3680018789818
317.9485117233068 303.21993713132355
40.9557215588182 306.4684846010069
177.5400643351893 193.73768897766584
958.7679435606569 32.289025406990476
610.3289552359496 773.1691249695779
34.10850568081839 610.2200518182088
378.03423590991866 743.3715132462945
962.1113950928817 653.4806008573047
948.5459988208829 96.42948936448752
249.23975005891143 877.926855624135
554.7515802419704 937.5629587677357
209.5761971369607 748.7758263435429
701.2943967668161 257.89196116130825
838.8671238974524 618.5661637820925
263.2934401572063 340.14987949325234
815.6504687770268 303.7896368460867
124.63402390139454 201.99459810647733
261.39252030938945 248.6214695318454
312.3253004424732 628.5309981509612
390.9550967012119 524.2623086249793
395.9605756432559 66.70031428409752
647.398070240871 859.6180798770055
33.67919371985092 118.29074720212945
31.279569581459768 765.6622751813736
285.48721405734887 464.127736231878
535.0772629192564 554.8450407257892
44.97207676753585 229.06684944538858
294.6505654451538 956.528675317218
384.1362929479826 411.7563093449952
795.7942855236773 746.9118671084583
80.60321883082206 363.2447724558429
632.207633864795 532.4353629548699
968.9197223147709 208.6275008656226
391.5065828099683 921.0884076728613
