objects
71.0541945650422 52.171673968369014
778.5492047423584 886.3627388390496
453.11167555810323 597.3100043948313
842.011741107524 225.4342670982454
196.619908036489 762.7510657053793
556.5624806453839 122.8790849256634
890.408750966118 904.445452408181
816.2039498870904 63.549592180544124
353.30179402534577 67.0130089419747
363.4516847207957 804.4506392980235
333.25335700104887 250.9408894222882
370.38030678485075 630.5646021280079
231.61222705365375 233.26214714927022
132.87168081083695 672.6773407164836
560.6024981747405 923.9766574538037
611.906118554573 296.0315660653874
387.485105390465 423.60905505386313
363.8911125761937 562.5358467413001
214.67808850018383 139.8568371007561
230.8942038732712 612.8211211065429
272.5882348677706 861.7658749990395
165.72916767748538 899.6941180558433
47.80807232763131 404.19767256052614
371.44254867008584 716.2788478488135
839.9641084516085 345.55992046759127
454.68390412858065 129.5802977209435
506.11103999495236 533.7595932227808
910.0425660327273 848.3785865594872
104.61171887504848 383.4928939077745
256.44251303103283 496.28415513713344
880.6142576225056 287.39516765110363
829.5170180311587 456.41214392996545
236.63045027500849 435.1653537258123
654.7875224963103 46.97069578667069
278.06061500605193 572.6912743488182
136.00715472933118 184.23547906877386
726.9221314384537 575.1027763721808
90.89065704007407 239.0767448322593
163.10195732782552 493.3590732702518
607.4171856934142 95.29893920629854
738.2583540186758 213.3695338250056
282.17749038097776 125.85908563611812
461.15764733521183 435.19931456119843
438.912925065464 189.60932283775293
643.0103257304987 475.56494811541836
867.0660090917477 767.1449454092445
481.9892768692555 324.8764462385262
750.9107990691605 145.210059805258
810.096362291985 593.7372918271774
221.73440408814147 889.7082940721975
117.64369195966196 795.6658209153842
760.0479877479078 638.6192293409002
594.4284825511005 696.4961575256516
606.7218103615979 382.86382431584036
880.4633125631402 963.0869163749031
75.47525454904152 913.2080433537761
460.9813728183557 275.20795939750826
914.6855303322004 357.382415992067
647.4280125658802 192.9546351946428
735.4430799614064 490.115278859481
198.007340035578 382.7958353143515
311.306350338648 698.2173070128983
328.1423027232322 464.5285163022229
679.8042949694844 914.7285142859492
706.8766574650217 362.31797147468427
504.81626910690557 711.5944199959397
291.4680749731045 366.7949160305564
934.116886204738 422.41202028101077
889.9862335004306 191.4789379288108
680.2629002109416 272.5640857375186
569.6089322302965 800.4728083379807
659.0063980590919 331.9702534497079
561.5879267889529 215.77541644098213
271.4830122830874 759.9939987755156
809.7885475186274 285.9291001887554
967.8169709134128 814.7150986367739
328.7764386291493 157.13008718125286
326.3103652071403 757.6470864684323
929.7013891728359 720.687717432521
515.5257396379103 774.3975300388389
684.5098621973605 610.2768586685752
346.22980449882294 370.94916082979717
422.8846532148936 687.2910525025675
776.3225214861321 958.3541268802533
696.2366746081681 792.7119435190413
53.44863746402403 127.80697722288812
346.51830680282967 879.2260524249097
853.1759845085151 145.65297307111314
225.72232029080675 713.7130670727697
717.9561465780267 692.3954836099383
88.3859515185742 577.479361600334
971.297005124016 229.96484335633764
146.71090360907314 592.3508138177916
401.23770468016636 907.0063432497084
305.1157211500784 926.823783608952
589.245293013626 453.2376909781476
622.8298967192904 809.7436249235092
129.83654246152707 955.2275368315957
939.4362013462525 967.6535660018143
654.4771310137157 969.4005805474815
422.2305331111731 316.43591139434534
47.394079506517244 666.9329003652203
809.4946595995251 724.683850864412
778.8269912548977 811.3371050663327
918.7072496750517 599.1385510054312
880.1487904465969 419.35361905703144
509.20539918437964 476.72064830023083
836.0066190324688 891.3203507958672
904.6487375906993 506.8116623499666
106.66194704303524 735.8083870219087
385.0937998299899 486.11677924230264
43.41996423169315 541.698397156149
861.3108885195089 702.7838461171352
51.41746130702148 319.26391601201436
190.22760979978722 30.475487046295452
656.0453849940956 419.62975683698386
501.4173237415437 96.96494711657334
586.3348428345461 532.7195667669525
948.9543042647928 553.3995884126306
723.0716114923143 962.7294851985797
204.48733489651724 298.2734544631209
46.606333430367684 784.2493104780456
956.9428019560049 323.5810898356386
509.2511443018065 605.5011567753594
652.2462182611256 865.3946297874378
29.139439644475488 242.04243633883513
758.8713399890854 375.38881008840076
736.2820897265666 76.88446486119172
705.530695248326 848.5952782493413
191.7304127924425 837.7917001551601
