objects
328.9929240482772 291.0151986619388
704.7510547810267 971.1964052029202
589.8723216507802 928.250401563429
29.286951833088928 391.93720450743393
621.1448904465436 807.254787787682
446.202766872115 401.338367209811
973.9085142696737 730.7531180558468
965.8939585964324 639.1649741334528
836.7271215792457 838.3873008722725
230.91850722055946 540.7530748359453
48.05615230580255 777.7500550424561
755.3188401599238 461.1399827412299
785.7190523453152 541.5246674980701
249.23623717134183 64.82947741135584
460.43080171793395 80.36795821404141
848.2576712533241 296.20724543041865
898.2026960904037 215.94405950035502
375.3860037483701 581.9569549916848
287.56582807193803 23.09866830770598
756.2369298413776 967.5559560376946
865.066059000603 427.4094123167005
548.640462796134 865.1166036297813
538.323746636008 445.57081896174253
427.8301869011759 541.9421182396215
347.4424692587921 190.4017715058028
681.1603104611102 742.3958217075684
592.3354111154034 349.09874384682695
374.6739975120164 752.205468213065
404.8323632842801 86.87015062848864
53.08545867837684 465.1428095060964
964.2668910754267 325.07034772122125
139.79050205207676 23.183594994905146
467.61504605491075 453.15732336844786
500.4551522850652 664.1727872440802
653.9756495742598 858.0986836364006
200.25076197158933 403.33359643828607
213.1260608125552 649.5659548587336
269.7372206471238 197.73745206392627
240.5706808117599 734.7363807481171
869.0664019821925 77.46895528772257
721.4286199039417 811.6555729288971
106.38296861409019 118.51714965924988
53.142137934342244 168.60329722286878
208.02243395326164 179.834792101519
319.94221743760465 474.12116211940736
463.6662787007323 784.769456639954
36.055476884439976 954.1916649372793
700.0936506001367 376.6590167744621
744.4928936642093 280.64566556261576
220.76273438721742 887.526530477333
40.06574212990482 49.51487605684221
763.3521989763923 359.5399443315144
32.80842972821675 692.8367099537
673.4157200338195 944.0098063587833
127.3535135916136 726.1260140067845
764.0337826531712 168.603050757572
848.7689415571871 945.5335917401397
131.91404441733962 785.4796973812901
372.2043024105376 156.10034979172264
307.09504677064217 850.4289964588453
540.5979860611668 958.3337873521551
156.1650605094018 299.11059929492654
909.5900648535917 818.2636942634647
69.91789124275849 336.9681620712323
613.5962724735368 558.966437411637
702.7038677244674 473.32750798317096
973.8444308384856 89.36458769941163
505.49191401178 344.70224738298725
425.1276140454555 766.8249226894434
871.5544813419139 740.4457581860363
140.39881907901793 923.943101868985
575.9337881297387 828.3778133425028
45.461373655396386 853.315810215645
890.3716238639068 328.67932735712134
942.8091395094403 455.4807725277165
238.14081159847856 817.8628369617661
359.37782835596465 643.7284461971881
247.5942097951298 935.8612766580007
177.14556632440835 222.6987939980669
765.2787850721986 673.6326048417617
