objects
319.08281388463195 184.71703953949537
888.5758479113701 270.3823615521761
673.733133113154 732.5251190838604
828.8662960081173 358.6067719894265
609.7265004990181 274.15133288897067
798.481185794072 620.0090872998094
326.1492539993491 521.8343112864737
715.3339898787686 139.07387083317695
225.4829725106377 206.18884828958045
896.0853059217958 828.3888195624191
719.1464266313177 253.26064595416966
324.4184403357034 707.1725537000334
403.383228848763 244.14878016660987
385.13475552801145 353.04786978130886
501.64458132501596 352.96354499583356
267.02791162575505 382.2453139069779
349.05201703540456 292.13469426324144
919.566361334827 623.2932463302756
360.70152041811895 215.1576164248193
400.2409141610211 955.5332952961536
551.6503047851729 433.1514798342154
796.1425444033773 174.995860379305
232.32361253602835 727.4861490348597
620.5880544700744 903.5529037786362
661.9361151073049 630.2152087873446
178.7376429330551 843.4724825411737
40.12235885236137 581.2440311072778
374.5008545320828 567.9742782044875
659.8554585674799 378.8392451307328
298.67565656308193 657.488046488283
530.0188567936677 663.7929635704241
327.9561695675133 631.5831078575428
187.41044625158077 300.809659123046
788.2718177861894 667.006498929698
424.963613910514 293.7283181148355
640.7713759687721 665.2833346116101
977.4214372010397 136.54481796855694
953.3559265165572 48.04819537275074
321.0758797520175 825.247111839646
419.0358377378161 524.8358370096696
855.1784086106136 950.3226581846636
609.508024192555 372.8807957508953
693.835445765652 355.78549046339356
770.2088389142826 329.5516726786155
616.653130415206 178.97261081184385
83.86479366528295 600.9720810484735
315.0657600913385 76.77175008610182
834.9328918531705 732.4828207532742
616.0126848990958 508.7711344240864
281.06264023007145 289.2508278171927
71.38744041690438 193.86366848360325
606.9320070515805 323.1726164336441
940.1524490897214 152.9086667408629
253.03803639067382 437.8996184810765
516.1421277525097 835.7489400967053
354.36395577308804 783.3167622178842
482.89123634271454 809.4397871882134
167.66891327463458 135.01409551277072
953.4978172228408 339.46077096677044
452.57153263042034 834.0462022004365
951.8047271183816 820.7602874340743
291.857114451587 935.2900925573964
487.63971871812316 628.6956353689109
789.9715844117526 237.94669995197583
57.63357669766373 487.8790463022597
158.565262526073 554.7428955943298
273.9775340419112 795.7528259873819
550.6954318378233 221.19320616221668
718.3985575447808 80.68549833753022
661.7413325794437 544.8209952151033
734.0546293548937 731.425906776438
213.61160898415068 537.5789575792096
87.04454011780163 930.3441632525785
144.23756829442968 760.5566322414546
512.2567383193491 296.6561120031403
525.7922620685497 186.20558655641102
890.2362540243798 773.5292030110794
462.9031048293331 365.22878091569953
792.8663718146194 767.4488497292101
617.0586497420007 429.55880185117337
