objects
481.76890822015736 677.7054966535761
309.16949921830815 967.6530022078903
922.9429466482843 910.2567154064469
891.9168957802083 828.6700270136408
416.2186015171732 91.17823768571098
167.10103451238544 970.2017184476721
498.1734915834358 789.3425174167671
948.3548490498201 95.38629235237416
436.49384324006434 755.3291896841002
911.838660083551 777.0661584984696
544.4249908814587 233.9407998547381
302.38364969806275 824.5731944212879
632.2133156426047 117.93570648029959
497.7073856623658 943.4835293028952
304.0846095050358 52.38930287551952
470.53104514754517 979.3678819621766
799.6673006657503 428.0041608077881
37.01668062113359 294.109104466758
630.152117634134 902.3072236700455
757.5676473521622 339.50672490301633
569.3553789422631 559.7796267005334
341.8927547002954 143.30565735155665
152.6055157923193 64.94746880153845
936.0294878391313 37.55681294030695
604.863835509085 199.59200673056313
566.3338355740609 487.50800479202593
306.36954215529875 122.76065565140237
561.9228283051859 78.85510763462142
204.77298828333028 870.817727381612
110.06712513795452 743.5423472478907
437.196809823481 371.7465845784321
330.2259365091035 429.9535306337865
442.232088581783 20.821549427274274
892.350966362856 157.12190895205657
46.02722023624155 542.2093625017403
512.2233566997459 485.89763485888
45.65947823381117 443.32776589489174
348.78926505624554 290.5952853734996
371.42195587752826 217.05174185845175
528.7034230947845 847.5033736373813
886.7570621860306 102.36014623197562
101.04738579354537 551.8769395841693
189.39851672821692 241.5967939753384
634.6770788347716 747.9440961441326
930.8782752113192 398.8271467802019
453.8674251350065 112.3352022966909
380.981850036657 367.82279599508405
590.586278427756 384.5890526793177
457.19379380694045 232.81817923396494
539.0784304318354 614.9237801766799
322.1290964755957 332.80741479609446
509.8741099228828 347.79683293180574
411.7213444428771 432.71937250294843
290.46510434005694 896.0227268736054
610.198215580628 972.4549275634278
298.48905826755885 282.66348210635977
575.9807389145619 770.1361586721931
410.02261727528276 636.4605270364449
908.3189070577425 311.4311245611602
805.7373013117852 692.9402725964144
557.1430275416142 339.98692641134693
513.2135329889225 39.04610595074054
223.8705489488749 293.88463436435296
874.2989240016219 674.6614953921508
856.1520149870536 380.49483695509184
938.7542151723551 499.31981019470885
941.8160420676926 263.8594083471231
802.0633801873971 825.6591012529514
824.1393043278152 197.71255606276802
759.46985556665 160.05317515732855
462.1149238740938 190.44251465334273
626.0372784771026 347.00737549505186
216.94322509293303 467.196343515124
237.59249259995735 802.4313491663768
931.2620779121663 847.2369480006456
289.46161679275576 395.7629647950844
30.823501502000553 501.04922547918244
26.101352004185625 757.5081746551472
798.6680089293932 42.509051072615705
177.10613374944523 594.8499012571939
