objects
595.0268437528367 424.084095221411
40.64559912015625 912.792286168108
735.3248905268456 292.89383287339206
723.9499261411823 650.1672287765834
819.0625646796402 802.3827930645008
457.05663335164974 160.07706088409606
952.4363904967707 810.4553017204576
312.40468673999067 406.07431779365874
767.2193308434819 370.3555355298766
22.461990248111444 391.56039014340314
373.44114070970124 190.3914133840754
222.77620710596497 580.1001916498071
750.5516739861503 131.5796077575544
557.0864986480866 943.7307186197131
460.7521606024991 297.37847848940686
903.9247673766436 476.2170824822815
209.44524743117046 714.0357524878249
514.1652795608911 797.9008703110883
267.2169116523526 790.4147026772375
889.9591580274962 912.833514171729
533.4236467557838 36.27088150325644
839.7073626256011 204.53491891789568
953.2752006501157 542.485906007207
216.92830224249457 139.14824133977555
123.7113117899669 955.0515114929973
800.3841840567491 447.45198843202695
846.7809857690665 692.8887109546512
79.7621997837631 636.1953976068328
529.3642669319353 755.4440553252243
675.0770189780783 393.14234908536815
518.0009056783309 340.7567446473224
689.788970709813 117.51381639727917
676.3255358891969 194.8750657646219
341.907896302337 815.118928449104
126.80906720002372 565.6562569296897
308.58734569211424 173.0961466151366
877.1564637761909 232.65805994265915
477.4342641858895 762.5034681682768
890.0060193056282 788.5643343735663
794.4843914382653 263.4678103965055
341.228403145605 757.402153221197
552.2713402302537 380.6594525280724
879.9130201009763 838.2915622259961
55.45564386795125 116.83082880778149
702.7956269621305 487.3170468186229
23.636395073046128 681.6202110368804
96.02736027925819 798.1035799778339
713.4244392985083 830.5081730284567
545.3713655013427 847.9936606732904
486.16352130851635 207.45137440566907
201.00003529958428 757.7911392199105
352.56310904422025 557.3049638813727
146.82095582307116 506.8864303964734
516.2464459849251 254.564895496858
724.9902356377248 913.6724438142453
595.3172914618443 811.9969554657823
104.29745731025088 458.3132603976648
602.2524920272555 651.6647098401971
422.3460873344195 804.4788258416204
427.85225488070466 663.968295480173
755.3943704303159 410.352975530073
507.57587924240045 978.3378996969202
648.4354012844311 295.037049828123
662.843071614451 888.7456275768355
169.61976058767164 173.90993181800704
822.0399687645813 44.86726898470118
934.5910318747112 143.43044362331364
776.8631078257148 936.0108129439441
132.47999684960473 680.8434739451386
409.24241494554013 524.0894800657875
969.2563377100914 206.79175932623775
97.6189750583461 743.8037029890403
50.45219543043413 529.9991167299363
143.08697791211654 774.7904048907567
883.5240636952994 111.50028985200346
406.01413640382907 768.5273491222707
825.2300526506533 922.9392176292968
218.16878707954837 494.8478564992885
898.9448349606172 597.5156402888348
859.8387198368887 481.57468971923447
