objects
126.2138882496332 224.36464332003013
813.6937175950544 894.4041714804955
606.5237422487248 323.61950357207786
945.2949355124351 611.5843063732145
432.86019742864306 362.9625320022848
383.15043404833995 43.077557196225456
604.5822325163233 721.5798696004894
869.9873447639245 281.8908703158041
888.2190182976651 747.7684761175868
107.99857570425615 132.5578887206092
382.3650242282923 180.6291575257914
214.05087659435603 448.74692411308064
570.8234090552719 28.29441626108695
894.3981385722183 909.7706445079756
929.104498464838 230.30127913611034
787.7908026896789 429.98025264227675
130.7501087033251 456.83401930347884
951.3192676456353 932.7730835129419
21.467177626469166 926.2406895922863
679.3320689946102 898.8053875907995
134.9971734309092 382.9216483548494
359.59230829168814 738.202962261357
622.0532941959557 74.51065687029389
500.39163880079303 40.59647171984044
213.39123101692377 891.8331430268956
820.9736733823569 148.06316074596123
638.793963020817 464.15267885533893
754.4975740540362 220.99794726646329
622.1212557162245 377.7293909951543
288.7188789997277 907.4808307033437
59.44999512261214 869.4204711429142
192.32569090077925 629.9472958200829
364.1720204882224 413.0015418084422
835.832096422293 201.6640025872611
958.7225565075413 405.04275525700865
563.043889798743 719.0372377347409
318.56750325289585 223.32263977929207
378.8491999748417 324.7604518314327
42.652176753848735 802.9520724655466
903.1875128846539 840.5636428952567
880.8762176070868 428.79991683103356
323.9310770726504 666.5727091342774
41.6030864556767 462.8521097709468
34.04925653509861 634.597699275326
773.8929538433197 596.3887004783427
820.8037660888806 957.6386139247453
332.82565129579393 610.1400636292316
132.2508690225192 900.8573731011247
494.5771331260746 659.3580348254519
728.4873316070963 765.4987610776434
128.796651893457 726.0930110390645
337.99774895090314 846.4431485651082
435.2153999538538 707.2199957201124
746.4322545239642 22.43210529563288
808.4542362751097 62.828910246690924
130.3070385091756 63.88561155442311
212.38119487964244 586.4845971969212
548.698262250127 940.8352836543175
581.4145944195578 917.4264975824651
421.3381994471461 28.658085166950382
359.85989344890845 505.7645163420061
901.4862943899382 484.1805252427587
528.2194539286198 801.8870357010553
267.8389782293171 242.00132344754869
313.9033329626861 782.0531472230456
944.9238436281987 885.792253063121
465.92333514820064 521.4102319047117
850.0125580847472 512.0999535167088
537.5704228080612 414.21564478630495
750.1825213504004 521.6028784854328
571.7701063008737 866.0808716028741
280.67034431291984 476.87205976269706
309.29601432209495 710.4760769377183
747.1681814751806 413.7163571120664
232.8684853126664 511.4496725236424
942.2190411052252 188.91473473851693
424.98662667856274 841.1434710688891
852.0074779345163 94.8692542215965
503.79116809238593 366.69190520929016
82.35683105134459 784.8756984686912
